7:0  7 8 384
7:1  7 8 64
18:0  18 19 5419008
20:0  20 21 37632
20:1  20 21 66834432
20:2  20 21 28901376
20:3  20 21 14144
21:0  21 22 28901376
23:0  23 24 7225344
25:0  25 26 442368
25:1  25 26 16257024
25:2  25 26 5419008
25:3  25 26 4064256
25:4  25 26 110592
25:59  25 26 1016064
25:60  25 26 27648
25:67  25 26 13824
26:0  26 27 5419008
28:0  28 29 1354752
30:0  30 31 49152
30:1  30 31 1354752
30:2  30 31 451584
30:3  30 31 18432
32:0  32 33 73728
32:1  32 33 1354752
32:2  32 33 677376
32:3  32 33 18432
33:0  33 34 677376
34:0  34 35 677376
36:0  36 37 442368
36:1  36 37 6096384
36:2  36 37 903168
36:3  36 37 1513728
36:4  36 37 110592
36:11  36 37 41472
36:12  36 37 82944
38:0  38 39 12288
38:1  38 39 1354752
38:2  38 39 112896
38:3  38 39 18432
39:0  39 40 112896
40:0  40 41 112896
42:0  42 43 51200
42:1  42 43 2822400
42:2  42 43 225792
42:3  42 43 38400
44:0  44 45 1354752
46:0  46 47 24576
46:1  46 47 1354752
46:2  46 47 225792
46:3  46 47 18432
47:0  47 48 1806336
48:0  48 49 1806336
50:0  50 51 131072
50:1  50 51 1806336
50:2  50 51 903168
50:3  50 51 448512
50:4  50 51 32768
50:11  50 51 12288
50:12  50 51 24576
52:0  52 53 131072
52:1  52 53 1806336
52:2  52 53 903168
52:3  52 53 448512
52:4  52 53 32768
52:11  52 53 12288
52:12  52 53 24576
53:0  53 54 903168
54:0  54 55 903168
56:0  56 57 884736
56:1  56 57 8128512
56:2  56 57 1354752
56:3  56 57 2018304
56:4  56 57 221184
56:65  56 57 497664
56:66  56 57 55296
56:73  56 57 27648
56:74  56 57 55296
56:75  56 57 110592
58:0  58 59 32768
58:1  58 59 1806336
58:2  58 59 225792
58:3  58 59 24576
59:0  59 60 225792
60:0  60 61 225792
62:0  62 63 307200
62:1  62 63 5644800
62:2  62 63 677376
62:3  62 63 1401600
62:4  62 63 76800
62:11  62 63 38400
62:12  62 63 76800
64:0  64 65 1806336
66:0  66 67 65536
66:1  66 67 1806336
66:2  66 67 451584
66:3  66 67 24576
67:0  67 68 3386880
69:0  69 70 846720
71:0  71 72 368640
71:1  71 72 846720
71:2  71 72 338688
71:3  71 72 207360
71:4  71 72 92160
71:11  71 72 23040
71:12  71 72 46080
73:0  73 74 184320
73:1  73 74 846720
73:2  73 74 169344
73:3  73 74 207360
73:4  73 74 46080
73:11  73 74 23040
73:12  73 74 46080
74:0  74 75 169344
75:0  75 76 169344
77:0  77 78 718848
77:1  77 78 1524096
77:2  77 78 366912
77:3  77 78 373248
77:4  77 78 179712
77:11  77 78 41472
77:12  77 78 82944
79:0  79 80 30720
79:1  79 80 846720
79:2  79 80 28224
79:3  79 80 46080
80:0  80 81 28224
81:0  81 82 28224
83:0  83 84 76800
83:1  83 84 705600
83:2  83 84 84672
83:3  83 84 38400
85:0  85 86 846720
87:0  87 88 122880
87:1  87 88 846720
87:2  87 88 112896
87:3  87 88 46080
88:0  88 89 903168
89:0  89 90 903168
91:0  91 92 327680
91:1  91 92 903168
91:2  91 92 282240
91:3  91 92 221184
91:4  91 92 81920
91:11  91 92 24576
91:12  91 92 49152
93:0  93 94 229376
93:1  93 94 903168
93:2  93 94 197568
93:3  93 94 221184
93:4  93 94 57344
93:11  93 94 24576
93:12  93 94 49152
94:0  94 95 197568
95:0  95 96 197568
97:0  97 98 903168
97:1  97 98 1778112
97:2  97 98 395136
97:3  97 98 435456
97:4  97 98 225792
97:59  97 98 108864
97:60  97 98 56448
97:67  97 98 24192
97:68  97 98 96768
99:0  99 100 49152
99:1  99 100 903168
99:2  99 100 42368
99:3  99 100 49152
100:0  100 101 42368
101:0  101 102 42368
103:0  103 104 153600
103:1  103 104 1058432
103:2  103 104 112896
103:3  103 104 57600
105:0  105 106 903168
107:0  107 108 131072
107:1  107 108 903168
107:2  107 108 112896
107:3  107 108 49152
108:0  108 109 903168
109:0  109 110 903168
111:0  111 112 262144
111:1  111 112 903168
111:2  111 112 225792
111:3  111 112 221184
111:4  111 112 65536
111:11  111 112 24576
111:12  111 112 49152
113:0  113 114 262144
113:1  113 114 903168
113:2  113 114 225792
113:3  113 114 221184
113:4  113 114 65536
113:11  113 114 24576
113:12  113 114 49152
114:0  114 115 225792
115:0  115 116 225792
117:0  117 118 1179648
117:1  117 118 2032128
117:2  117 118 451584
117:3  117 118 497664
117:4  117 118 294912
117:59  117 118 124416
117:60  117 118 73728
117:67  117 118 27648
117:68  117 118 110592
119:0  119 120 49152
119:1  119 120 903168
119:2  119 120 42368
119:3  119 120 49152
120:0  120 121 42368
121:0  121 122 42368
123:0  123 124 153600
123:1  123 124 1058432
123:2  123 124 112896
123:3  123 124 57600
125:0  125 126 903168
127:0  127 128 131072
127:1  127 128 903168
127:2  127 128 112896
127:3  127 128 49152
128:0  128 129 903168
129:0  129 130 903168
131:0  131 132 229376
131:1  131 132 903168
131:2  131 132 197568
131:3  131 132 221184
131:4  131 132 57344
131:11  131 132 24576
131:12  131 132 49152
133:0  133 134 294912
133:1  133 134 903168
133:2  133 134 254016
133:3  133 134 221184
133:4  133 134 73728
133:11  133 134 24576
133:12  133 134 49152
134:0  134 135 254016
135:0  135 136 254016
137:0  137 138 1492992
137:1  137 138 2286144
137:2  137 138 508032
137:3  137 138 559872
137:4  137 138 373248
137:59  137 138 139968
137:60  137 138 93312
137:67  137 138 31104
137:68  137 138 124416
139:0  139 140 65536
139:1  139 140 903168
139:2  139 140 56448
139:3  139 140 49152
140:0  140 141 56448
141:0  141 142 56448
143:0  143 144 204800
143:1  143 144 1411200
143:2  143 144 112896
143:3  143 144 76800
145:0  145 146 903168
147:0  147 148 131072
147:1  147 148 903168
147:2  147 148 112896
147:3  147 148 49152
148:0  148 149 931392
149:0  149 150 931392
151:0  151 152 540672
151:1  151 152 931392
151:2  151 152 451584
151:3  151 152 228096
151:4  151 152 135168
151:11  151 152 25344
151:12  151 152 50688
153:0  153 154 337920
153:1  153 154 931392
153:2  153 154 282240
153:3  153 154 228096
153:4  153 154 84480
153:11  153 154 25344
153:12  153 154 50688
154:0  154 155 282240
155:0  155 156 282240
157:0  157 158 1843200
157:1  157 158 2540160
157:2  157 158 564480
157:3  157 158 622080
157:4  157 158 460800
157:59  157 158 155520
157:60  157 158 115200
157:67  157 158 34560
157:68  157 158 138240
159:0  159 160 67584
159:1  159 160 931392
159:2  159 160 56448
159:3  159 160 50688
160:0  160 161 56448
161:0  161 162 56448
163:0  163 164 409600
163:1  163 164 1411200
163:2  163 164 225792
163:3  163 164 345600
163:4  163 164 102400
163:11  163 164 38400
163:12  163 164 76800
165:0  165 166 931392
167:0  167 168 270336
167:1  167 168 931392
167:2  167 168 225792
167:3  167 168 228096
167:4  167 168 67584
167:11  167 168 25344
167:12  167 168 50688
168:0  168 169 1467648
170:0  170 171 479232
172:0  172 173 851968
172:1  172 173 479232
172:2  172 173 147456
172:3  172 173 119808
172:4  172 173 212992
172:11  172 173 39936
174:0  174 175 532480
174:1  174 175 479232
174:2  174 175 92160
174:3  174 175 119808
174:4  174 175 133120
174:11  174 175 39936
175:0  175 176 92160
176:0  176 177 92160
178:0  178 179 1843200
178:1  178 179 829440
178:2  178 179 184320
178:3  178 179 207360
178:4  178 179 460800
178:11  178 179 69120
180:0  180 181 106496
180:1  180 181 479232
180:2  180 181 18432
180:3  180 181 79872
181:0  181 182 18432
182:0  182 183 18432
184:0  184 185 409600
184:1  184 185 460800
184:2  184 185 73728
184:3  184 185 76800
186:0  186 187 479232
188:0  188 189 425984
188:1  188 189 479232
188:2  188 189 73728
188:3  188 189 119808
188:4  188 189 106496
188:11  188 189 39936
189:0  189 190 479232
190:0  190 191 479232
192:0  192 193 1277952
192:1  192 193 479232
192:2  192 193 221184
192:3  192 193 119808
192:4  192 193 319488
192:11  192 193 39936
194:0  194 195 638976
194:1  194 195 479232
194:2  194 195 110592
194:3  194 195 119808
194:4  194 195 159744
194:11  194 195 39936
195:0  195 196 110592
196:0  196 197 110592
198:0  198 199 2654208
198:1  198 199 995328
198:2  198 199 221184
198:3  198 199 248832
198:4  198 199 663552
198:11  198 199 82944
200:0  200 201 159744
200:1  200 201 479232
200:2  200 201 27648
200:3  200 201 79872
201:0  201 202 27648
202:0  202 203 27648
204:0  204 205 614400
204:1  204 205 691200
204:2  204 205 73728
204:3  204 205 172800
204:4  204 205 153600
204:11  204 205 57600
206:0  206 207 479232
208:0  208 209 425984
208:1  208 209 479232
208:2  208 209 73728
208:3  208 209 119808
208:4  208 209 106496
208:11  208 209 39936
209:0  209 210 589824
211:0  211 212 36864
213:0  213 214 49152
213:1  213 214 36864
213:2  213 214 448
213:3  213 1624 64
213:4  213 214 98304
215:0  215 216 384
229:0  229 230 448
229:1  229 230 49152
229:2  229 230 49152
229:3  229 230 896
232:0  232 233 512
232:1  232 233 49152
232:2  232 233 49152
232:3  232 233 960
242:0  242 243 73728
242:1  242 243 479232
242:2  242 243 425984
242:3  242 243 13824
248:0  248 249 73728
248:1  248 249 691200
248:2  248 249 614400
248:3  248 249 13824
251:0  251 252 73728
251:1  251 252 614400
251:2  251 252 691200
251:3  251 252 12288
259:0  259 260 27648
259:1  259 260 479232
259:2  259 260 159744
259:3  259 260 13824
265:0  265 266 221184
265:1  265 266 995328
265:2  265 266 2654208
265:3  265 266 663552
265:4  265 266 55296
265:11  265 266 6912
268:0  268 269 221184
268:1  268 269 2654208
268:2  268 269 995328
268:3  268 269 663552
268:4  268 269 55296
268:11  268 269 18432
276:0  276 277 110592
276:1  276 277 479232
276:2  276 277 638976
276:3  276 277 13824
282:0  282 283 221184
282:1  282 283 479232
282:2  282 283 1277952
282:3  282 283 313344
282:4  282 283 55296
282:11  282 283 6912
282:12  282 283 13824
285:0  285 286 73728
285:1  285 286 425984
285:2  285 286 479232
285:3  285 286 12288
291:0  291 292 479232
337:0  337 338 27648
337:1  337 338 159744
337:2  337 338 479232
337:3  337 338 4608
340:0  340 341 479232
344:0  344 345 110592
344:1  344 345 638976
344:2  344 345 479232
344:3  344 345 156672
344:4  344 345 27648
344:11  344 345 9216
344:12  344 345 18432
347:0  347 348 479232
351:0  351 352 221184
351:1  351 352 1277952
351:2  351 352 479232
351:3  351 352 313344
351:4  351 352 55296
351:11  351 352 18432
351:12  351 352 36864
354:0  354 355 479232
356:0  356 357 479232
360:0  360 361 479232
361:0  361 362 73728
361:1  361 362 479232
361:2  361 362 425984
361:3  361 362 13824
362:0  362 363 479232
366:0  366 367 479232
367:0  367 368 73728
367:1  367 368 460800
367:2  367 368 409600
367:3  367 368 13824
369:0  369 370 479232
370:0  370 371 73728
370:1  370 371 409600
370:2  370 371 460800
370:3  370 371 12288
378:0  378 379 18432
378:1  378 379 479232
378:2  378 379 106496
378:3  378 379 13824
379:0  379 380 479232
383:0  383 384 479232
384:0  384 385 184320
384:1  384 385 829440
384:2  384 385 1843200
384:3  384 385 460800
384:4  384 385 46080
384:11  384 385 6912
386:0  386 387 479232
387:0  387 388 184320
387:1  387 388 1843200
387:2  387 388 829440
387:3  387 388 460800
387:4  387 388 46080
387:11  387 388 15360
395:0  395 396 92160
395:1  395 396 479232
395:2  395 396 532480
395:3  395 396 13824
396:0  396 397 479232
400:0  400 401 479232
401:0  401 402 147456
401:1  401 402 479232
401:2  401 402 851968
401:3  401 402 208896
401:4  401 402 36864
401:11  401 402 6912
401:12  401 402 13824
403:0  403 404 479232
404:0  404 405 73728
404:1  404 405 425984
404:2  404 405 479232
404:3  404 405 12288
410:0  410 411 479232
456:0  456 457 18432
456:1  456 457 106496
456:2  456 457 479232
456:3  456 457 3072
459:0  459 460 479232
463:0  463 464 92160
463:1  463 464 532480
463:2  463 464 479232
463:3  463 464 15360
466:0  466 467 479232
469:0  469 470 479232
470:0  470 471 147456
470:1  470 471 851968
470:2  470 471 479232
470:3  470 471 208896
470:4  470 471 36864
470:11  470 471 12288
470:12  470 471 24576
473:0  473 474 479232
521:0  521 522 1467648
525:0  525 526 1467648
526:0  526 527 225792
526:1  526 527 937728
526:2  526 527 270336
526:3  526 527 42368
527:0  527 528 1467648
531:0  531 532 1467648
532:0  532 533 225792
532:1  532 533 1420800
532:2  532 533 409600
532:3  532 533 42368
534:0  534 535 1467648
535:0  535 536 227328
535:1  535 536 409600
535:2  535 536 1420800
535:3  535 536 348480
535:4  535 536 56320
535:11  535 536 6144
535:13  535 536 12288
543:0  543 544 56448
543:1  543 544 937728
543:2  543 544 67584
543:3  543 544 42368
544:0  544 545 1467648
548:0  548 549 1467648
549:0  549 550 564480
549:1  549 550 2557440
549:2  549 550 1843200
549:3  549 550 42368
551:0  551 552 1467648
552:0  552 553 568320
552:1  552 553 1843200
552:2  552 553 2557440
552:3  552 553 633600
552:4  552 553 140800
552:65  552 553 155520
552:66  552 553 34560
552:73  552 553 7680
552:74  552 553 15360
552:75  552 553 30720
560:0  560 561 282240
560:1  560 561 937728
560:2  560 561 337920
560:3  560 561 42368
561:0  561 562 1467648
565:0  565 566 1467648
566:0  566 567 451584
566:1  566 567 937728
566:2  566 567 540672
566:3  566 567 42368
568:0  568 569 1467648
569:0  569 570 227328
569:1  569 570 270336
569:2  569 570 937728
569:3  569 570 12288
575:0  575 576 931392
621:0  621 622 56832
621:1  621 622 67584
621:2  621 622 937728
621:3  621 622 3072
624:0  624 625 931392
628:0  628 629 284160
628:1  628 629 337920
628:2  628 629 937728
628:3  628 629 232320
628:4  628 629 70400
628:11  628 629 7680
628:12  628 629 15360
631:0  631 632 931392
634:0  634 635 1467648
635:0  635 636 454656
635:1  635 636 540672
635:2  635 636 937728
635:3  635 636 232320
635:4  635 636 112640
635:11  635 636 12288
635:12  635 636 24576
638:0  638 639 931392
640:0  640 641 931392
644:0  644 645 931392
645:0  645 646 112896
645:1  645 646 909312
645:2  645 646 131072
645:3  645 646 42368
646:0  646 647 931392
650:0  650 651 931392
651:0  651 652 112896
651:1  651 652 1420800
651:2  651 652 204800
651:3  651 652 42368
653:0  653 654 931392
654:0  654 655 113664
654:1  654 655 204800
654:2  654 655 1420800
654:3  654 655 6144
662:0  662 663 56448
662:1  662 663 909312
662:2  662 663 65536
662:3  662 663 42368
663:0  663 664 931392
667:0  667 668 931392
668:0  668 669 508032
668:1  668 669 2301696
668:2  668 669 1492992
668:3  668 669 42368
670:0  670 671 931392
671:0  671 672 511488
671:1  671 672 1492992
671:2  671 672 2301696
671:3  671 672 570240
671:4  671 672 126720
671:11  671 672 13824
671:12  671 672 27648
679:0  679 680 254016
679:1  679 680 909312
679:2  679 680 294912
679:3  679 680 42368
680:0  680 681 931392
684:0  684 685 931392
685:0  685 686 197568
685:1  685 686 909312
685:2  685 686 229376
685:3  685 686 42368
687:0  687 688 931392
688:0  688 689 113664
688:1  688 689 131072
688:2  688 689 909312
688:3  688 689 6144
694:0  694 695 903168
740:0  740 741 56832
740:1  740 741 65536
740:2  740 741 909312
740:3  740 741 3072
743:0  743 744 903168
747:0  747 748 255744
747:1  747 748 294912
747:2  747 748 909312
747:3  747 748 221760
747:4  747 748 63360
747:11  747 748 6912
747:13  747 748 13824
750:0  750 751 903168
753:0  753 754 931392
754:0  754 755 198912
754:1  754 755 229376
754:2  754 755 909312
754:3  754 755 10752
757:0  757 758 903168
759:0  759 760 903168
763:0  763 764 903168
764:0  764 765 112896
764:1  764 765 909312
764:2  764 765 131072
764:3  764 765 42368
765:0  765 766 903168
769:0  769 770 903168
770:0  770 771 112896
770:1  770 771 1065600
770:2  770 771 153600
770:3  770 771 42368
772:0  772 773 903168
773:0  773 774 113664
773:1  773 774 153600
773:2  773 774 1065600
773:3  773 774 6144
781:0  781 782 42368
781:1  781 782 909312
781:2  781 782 49152
781:3  781 782 42368
782:0  782 783 903168
786:0  786 787 903168
787:0  787 788 451584
787:1  787 788 2045952
787:2  787 788 1179648
787:3  787 788 42368
789:0  789 790 903168
790:0  790 791 454656
790:1  790 791 1179648
790:2  790 791 2045952
790:3  790 791 506880
790:4  790 791 112640
790:11  790 791 12288
790:12  790 791 24576
798:0  798 799 225792
798:1  798 799 909312
798:2  798 799 262144
798:3  798 799 42368
799:0  799 800 903168
803:0  803 804 903168
804:0  804 805 225792
804:1  804 805 909312
804:2  804 805 262144
804:3  804 805 42368
806:0  806 807 903168
807:0  807 808 113664
807:1  807 808 131072
807:2  807 808 909312
807:3  807 808 6144
813:0  813 814 903168
859:0  859 860 42624
859:1  859 860 49152
859:2  859 860 909312
859:3  859 860 2304
862:0  862 863 903168
866:0  866 867 227328
866:1  866 867 262144
866:2  866 867 909312
866:3  866 867 12288
869:0  869 870 903168
872:0  872 873 903168
873:0  873 874 227328
873:1  873 874 262144
873:2  873 874 909312
873:3  873 874 12288
876:0  876 877 903168
878:0  878 879 903168
882:0  882 883 903168
883:0  883 884 112896
883:1  883 884 909312
883:2  883 884 131072
883:3  883 884 42368
884:0  884 885 903168
888:0  888 889 903168
889:0  889 890 112896
889:1  889 890 1065600
889:2  889 890 153600
889:3  889 890 42368
891:0  891 892 903168
892:0  892 893 113664
892:1  892 893 153600
892:2  892 893 1065600
892:3  892 893 6144
900:0  900 901 42368
900:1  900 901 909312
900:2  900 901 49152
900:3  900 901 42368
901:0  901 902 903168
905:0  905 906 903168
906:0  906 907 395136
906:1  906 907 1790208
906:2  906 907 903168
906:3  906 907 42368
908:0  908 909 903168
909:0  909 910 397824
909:1  909 910 903168
909:2  909 910 1790208
909:3  909 910 443520
909:4  909 910 98560
909:11  909 910 10752
909:12  909 910 21504
917:0  917 918 197568
917:1  917 918 909312
917:2  917 918 229376
917:3  917 918 42368
918:0  918 919 903168
922:0  922 923 903168
923:0  923 924 282240
923:1  923 924 909312
923:2  923 924 327680
923:3  923 924 42368
925:0  925 926 903168
926:0  926 927 113664
926:1  926 927 131072
926:2  926 927 909312
926:3  926 927 6144
932:0  932 933 903168
978:0  978 979 42624
978:1  978 979 49152
978:2  978 979 909312
978:3  978 979 2304
981:0  981 982 903168
985:0  985 986 198912
985:1  985 986 229376
985:2  985 986 909312
985:3  985 986 10752
988:0  988 989 903168
991:0  991 992 903168
992:0  992 993 284160
992:1  992 993 327680
992:2  992 993 909312
992:3  992 993 221760
992:4  992 993 70400
992:11  992 993 7680
992:13  992 993 15360
995:0  995 996 903168
997:0  997 998 903168
1001:0  1001 1002 903168
1002:0  1002 1003 112896
1002:1  1002 1003 852480
1002:2  1002 1003 122880
1002:3  1002 1003 42368
1003:0  1003 1004 903168
1007:0  1007 1008 903168
1008:0  1008 1009 84672
1008:1  1008 1009 710400
1008:2  1008 1009 76800
1008:3  1008 1009 42368
1010:0  1010 1011 903168
1011:0  1011 1012 85248
1011:1  1011 1012 76800
1011:2  1011 1012 710400
1011:3  1011 1012 4608
1019:0  1019 1020 28224
1019:1  1019 1020 852480
1019:2  1019 1020 30720
1019:3  1019 1020 42368
1020:0  1020 1021 903168
1024:0  1024 1025 903168
1025:0  1025 1026 366912
1025:1  1025 1026 1534464
1025:2  1025 1026 718848
1025:3  1025 1026 42368
1027:0  1027 1028 903168
1028:0  1028 1029 369408
1028:1  1028 1029 718848
1028:2  1028 1029 1534464
1028:3  1028 1029 380160
1028:4  1028 1029 91520
1028:11  1028 1029 9984
1028:12  1028 1029 19968
1036:0  1036 1037 169344
1036:1  1036 1037 852480
1036:2  1036 1037 184320
1036:3  1036 1037 42368
1037:0  1037 1038 903168
1041:0  1041 1042 903168
1042:0  1042 1043 338688
1042:1  1042 1043 852480
1042:2  1042 1043 368640
1042:3  1042 1043 42368
1044:0  1044 1045 903168
1045:0  1045 1046 113664
1045:1  1045 1046 122880
1045:2  1045 1046 852480
1045:3  1045 1046 6144
1051:0  1051 1052 846720
1097:0  1097 1098 28416
1097:1  1097 1098 30720
1097:2  1097 1098 852480
1097:3  1097 1098 1536
1100:0  1100 1101 846720
1104:0  1104 1105 170496
1104:1  1104 1105 184320
1104:2  1104 1105 852480
1104:3  1104 1105 9216
1107:0  1107 1108 846720
1110:0  1110 1111 903168
1111:0  1111 1112 340992
1111:1  1111 1112 368640
1111:2  1111 1112 852480
1111:3  1111 1112 211200
1111:4  1111 1112 84480
1111:11  1111 1112 9216
1111:12  1111 1112 18432
1114:0  1114 1115 846720
1162:0  1162 1163 3386880
1166:0  1166 1167 3386880
1167:0  1167 1168 451584
1167:1  1167 1168 1806336
1167:2  1167 1168 65536
1167:3  1167 1168 169344
1168:0  1168 1169 3386880
1172:0  1172 1173 3386880
1173:0  1173 1174 677376
1173:1  1173 1174 5644800
1173:2  1173 1174 307200
1173:3  1173 1174 169344
1175:0  1175 1176 3386880
1176:0  1176 1177 677376
1176:1  1176 1177 307200
1176:2  1176 1177 5644800
1176:3  1176 1177 9216
1184:0  1184 1185 225792
1184:1  1184 1185 1806336
1184:2  1184 1185 32768
1184:3  1184 1185 169344
1185:0  1185 1186 3386880
1189:0  1189 1190 3386880
1190:0  1190 1191 1354752
1190:1  1190 1191 8128512
1190:2  1190 1191 884736
1190:3  1190 1191 169344
1192:0  1192 1193 3386880
1193:0  1193 1194 1354752
1193:1  1193 1194 884736
1193:2  1193 1194 8128512
1193:3  1193 1194 2027520
1193:4  1193 1194 337920
1193:11  1193 1194 9216
1193:12  1193 1194 18432
1201:0  1201 1202 903168
1201:1  1201 1202 1806336
1201:2  1201 1202 131072
1201:3  1201 1202 169344
1202:0  1202 1203 3386880
1206:0  1206 1207 3386880
1207:0  1207 1208 903168
1207:1  1207 1208 1806336
1207:2  1207 1208 131072
1207:3  1207 1208 169344
1209:0  1209 1210 3386880
1210:0  1210 1211 451584
1210:1  1210 1211 65536
1210:2  1210 1211 1806336
1210:3  1210 1211 6144
1216:0  1216 1217 1806336
1262:0  1262 1263 225792
1262:1  1262 1263 32768
1262:2  1262 1263 1806336
1262:3  1262 1263 3072
1265:0  1265 1266 1806336
1269:0  1269 1270 903168
1269:1  1269 1270 131072
1269:2  1269 1270 1806336
1269:3  1269 1270 12288
1272:0  1272 1273 1806336
1275:0  1275 1276 3386880
1276:0  1276 1277 903168
1276:1  1276 1277 131072
1276:2  1276 1277 1806336
1276:3  1276 1277 12288
1279:0  1279 1280 1806336
1281:0  1281 1282 1806336
1285:0  1285 1286 1806336
1286:0  1286 1287 225792
1286:1  1286 1287 1354752
1286:2  1286 1287 24576
1286:3  1286 1287 169344
1287:0  1287 1288 1806336
1291:0  1291 1292 1806336
1292:0  1292 1293 225792
1292:1  1292 1293 2822400
1292:2  1292 1293 51200
1292:3  1292 1293 169344
1294:0  1294 1295 1806336
1295:0  1295 1296 225792
1295:1  1295 1296 51200
1295:2  1295 1296 2822400
1295:3  1295 1296 3072
1303:0  1303 1304 112896
1303:1  1303 1304 1354752
1303:2  1303 1304 12288
1303:3  1303 1304 169344
1304:0  1304 1305 1806336
1308:0  1308 1309 1806336
1309:0  1309 1310 903168
1309:1  1309 1310 6096384
1309:2  1309 1310 442368
1309:3  1309 1310 169344
1311:0  1311 1312 1806336
1312:0  1312 1313 903168
1312:1  1312 1313 442368
1312:2  1312 1313 6096384
1312:3  1312 1313 1520640
1312:4  1312 1313 225280
1312:11  1312 1313 6144
1312:12  1312 1313 12288
1320:0  1320 1321 677376
1320:1  1320 1321 1354752
1320:2  1320 1321 73728
1320:3  1320 1321 169344
1321:0  1321 1322 1806336
1325:0  1325 1326 1806336
1326:0  1326 1327 451584
1326:1  1326 1327 1354752
1326:2  1326 1327 49152
1326:3  1326 1327 169344
1328:0  1328 1329 1806336
1329:0  1329 1330 225792
1329:1  1329 1330 24576
1329:2  1329 1330 1354752
1329:3  1329 1330 3072
1335:0  1335 1336 1354752
1381:0  1381 1382 112896
1381:1  1381 1382 12288
1381:2  1381 1382 1354752
1381:3  1381 1382 1536
1384:0  1384 1385 1354752
1388:0  1388 1389 677376
1388:1  1388 1389 73728
1388:2  1388 1389 1354752
1388:3  1388 1389 9216
1391:0  1391 1392 1354752
1394:0  1394 1395 1806336
1395:0  1395 1396 451584
1395:1  1395 1396 49152
1395:2  1395 1396 1354752
1395:3  1395 1396 6144
1398:0  1398 1399 1354752
1446:0  1446 1447 5419008
1450:0  1450 1451 5419008
1451:0  1451 1452 5419008
1451:1  1451 1452 16257024
1451:2  1451 1452 442368
1451:3  1451 1452 4064256
1451:4  1451 1452 1354752
1451:59  1451 1452 1016064
1451:60  1451 1452 338688
1451:67  1451 1452 169344
1453:0  1453 1454 5419008
1454:0  1454 1455 5419008
1454:1  1454 1455 442368
1454:2  1454 1455 16257024
1454:3  1454 1455 4064256
1454:4  1454 1455 1354752
1454:11  1454 1455 9216
1460:0  1460 1461 7225344
1504:0  1504 1505 28901376
1508:0  1508 1509 28901376
1509:0  1509 1510 28901376
1509:1  1509 1510 66382848
1509:2  1509 1510 37632
1509:3  1509 1510 10838016
0  0 2 64
1  1 4 64
2  2 5 64
3  3 5 64
4  4 7 64
5  5 9 448
6  6 8 192
7  7 9 448
8  8 16 448
9  9 11 64
10  10 12 64
11  11 13 64
12  12 14 64
13  13 15 384
14  14 16 448
15  15 218 448
16  16 18 5419008
17  17 19 7225344
18  18 1510 66382848
19  19 21 37632
20  20 22 28901376
21  21 1491 28901376
22  22 1492 7225344
23  23 1452 16257024
24  24 26 442368
25  25 27 5419008
26  26 1433 5419008
27  27 1434 1354752
28  28 1327 1354752
29  29 31 49152
30  30 48 451584
31  31 33 73728
32  32 34 677376
33  33 35 677376
34  34 1310 6096384
35  35 37 442368
36  36 48 903168
37  37 39 12288
38  38 40 112896
39  39 41 112896
40  40 1293 2822400
41  41 43 51200
42  42 48 225792
43  43 1367 1354752
44  44 1287 1354752
45  45 47 24576
46  46 48 225792
47  47 1247 1806336
48  48 1208 1806336
49  49 51 131072
50  50 68 903168
51  51 53 131072
52  52 54 903168
53  53 55 903168
54  54 1191 8128512
55  55 57 884736
56  56 68 1354752
57  57 59 32768
58  58 60 225792
59  59 61 225792
60  60 1174 5644800
61  61 63 307200
62  62 68 677376
63  63 1248 1806336
64  64 1168 1806336
65  65 67 65536
66  66 68 451584
67  67 1149 3386880
68  68 1150 846720
69  69 1043 846720
70  70 72 368640
71  71 89 338688
72  72 74 184320
73  73 75 169344
74  74 76 169344
75  75 1026 1524096
76  76 78 718848
77  77 89 366912
78  78 80 30720
79  79 81 28224
80  80 82 28224
81  81 1009 705600
82  82 84 76800
83  83 89 84672
84  84 1083 846720
85  85 1003 846720
86  86 88 122880
87  87 89 112896
88  88 963 903168
89  89 924 903168
90  90 92 327680
91  91 109 282240
92  92 94 229376
93  93 95 197568
94  94 96 197568
95  95 907 1778112
96  96 98 903168
97  97 109 395136
98  98 100 49152
99  99 101 42368
100  100 102 42368
101  101 890 1058432
102  102 104 153600
103  103 109 112896
104  104 964 903168
105  105 884 903168
106  106 108 131072
107  107 109 112896
108  108 844 903168
109  109 805 903168
110  110 112 262144
111  111 129 225792
112  112 114 262144
113  113 115 225792
114  114 116 225792
115  115 788 2032128
116  116 118 1179648
117  117 129 451584
118  118 120 49152
119  119 121 42368
120  120 122 42368
121  121 771 1058432
122  122 124 153600
123  123 129 112896
124  124 845 903168
125  125 765 903168
126  126 128 131072
127  127 129 112896
128  128 725 903168
129  129 686 903168
130  130 132 229376
131  131 149 197568
132  132 134 294912
133  133 135 254016
134  134 136 254016
135  135 669 2286144
136  136 138 1492992
137  137 149 508032
138  138 140 65536
139  139 141 56448
140  140 142 56448
141  141 652 1411200
142  142 144 204800
143  143 149 112896
144  144 726 903168
145  145 646 903168
146  146 148 131072
147  147 149 112896
148  148 606 931392
149  149 567 931392
150  150 152 540672
151  151 169 451584
152  152 154 337920
153  153 155 282240
154  154 156 282240
155  155 550 2540160
156  156 158 1843200
157  157 169 564480
158  158 160 67584
159  159 161 56448
160  160 162 56448
161  161 533 1411200
162  162 164 409600
163  163 169 225792
164  164 607 931392
165  165 527 931392
166  166 168 270336
167  167 169 225792
168  168 508 1467648
169  169 509 479232
170  170 402 479232
171  171 173 851968
172  172 190 147456
173  173 175 532480
174  174 176 92160
175  175 177 92160
176  176 385 829440
177  177 179 1843200
178  178 190 184320
179  179 181 106496
180  180 182 18432
181  181 183 18432
182  182 368 460800
183  183 185 409600
184  184 190 73728
185  185 442 479232
186  186 362 479232
187  187 189 425984
188  188 190 73728
189  189 322 479232
190  190 283 479232
191  191 193 1277952
192  192 210 221184
193  193 195 638976
194  194 196 110592
195  195 197 110592
196  196 266 995328
197  197 199 2654208
198  198 210 221184
199  199 201 159744
200  200 202 27648
201  201 203 27648
202  202 249 691200
203  203 205 614400
204  204 210 73728
205  205 323 479232
206  206 243 479232
207  207 209 425984
208  208 210 73728
209  209 211 589824
210  210 212 36864
211  211 230 36864
212  212 214 40960
213  213 215 384
214  214 216 448
215  215 219 448
216  216 218 448
217  217 220 448
218  218 226 384
219  219 225 384
220  220 222 384
221  221 223 384
222  222 224 384
223  223 225 384
224  224 226 384
225  225 232 384
226  226 228 384
227  227 1511 64
228  228 230 384
229  229 1512 40960
230  230 233 40960
231  231 233 384
232  232 234 36864
233  233 235 36864
234  234 236 36864
235  235 237 28901376
236  236 351 589824
237  237 239 73728
238  238 240 8192
239  239 241 8192
240  240 1513 512
241  241 243 73728
242  242 1514 425984
243  243 245 73728
244  244 246 8192
245  245 247 8192
246  246 1515 512
247  247 249 73728
248  248 1516 614400
249  249 252 614400
250  250 252 73728
251  251 253 691200
252  252 254 691200
253  253 337 27648
254  254 256 27648
255  255 257 3072
256  256 258 3072
257  257 1517 192
258  258 260 27648
259  259 1518 159744
260  260 262 221184
261  261 263 24576
262  262 264 24576
263  263 1519 1536
264  264 266 221184
265  265 1520 2654208
266  266 269 2654208
267  267 269 221184
268  268 270 995328
269  269 271 995328
270  270 344 110592
271  271 273 110592
272  272 274 12288
273  273 275 12288
274  274 1521 768
275  275 277 110592
276  276 1522 638976
277  277 279 221184
278  278 280 24576
279  279 281 24576
280  280 1523 1536
281  281 283 221184
282  282 1524 1277952
283  283 286 425984
284  284 286 73728
285  285 287 479232
286  286 288 479232
287  287 292 479232
288  288 290 479232
289  289 291 479232
290  290 293 479232
291  291 325 479232
292  292 326 479232
293  293 295 479232
294  294 296 479232
295  295 297 479232
296  296 327 479232
297  297 299 479232
298  298 300 479232
299  299 301 479232
300  300 328 479232
301  301 303 479232
302  302 304 479232
303  303 305 479232
304  304 329 479232
305  305 307 479232
306  306 308 479232
307  307 309 479232
308  308 330 479232
309  309 311 479232
310  310 312 479232
311  311 313 479232
312  312 331 479232
313  313 315 479232
314  314 316 479232
315  315 317 479232
316  316 332 479232
317  317 319 479232
318  318 320 479232
319  319 321 479232
320  320 333 479232
321  321 323 479232
322  322 324 479232
323  323 325 479232
324  324 334 479232
325  325 335 479232
326  326 335 479232
327  327 335 479232
328  328 335 479232
329  329 335 479232
330  330 335 479232
331  331 335 479232
332  332 335 479232
333  333 335 479232
334  334 342 479232
335  335 338 159744
336  336 338 27648
337  337 339 479232
338  338 340 479232
339  339 341 479232
340  340 342 479232
341  341 349 479232
342  342 345 638976
343  343 345 110592
344  344 346 479232
345  345 347 479232
346  346 348 479232
347  347 349 479232
348  348 356 479232
349  349 352 1277952
350  350 352 221184
351  351 353 479232
352  352 354 479232
353  353 355 479232
354  354 356 479232
355  355 470 479232
356  356 358 73728
357  357 359 8192
358  358 360 8192
359  359 1525 512
360  360 362 73728
361  361 1526 425984
362  362 364 73728
363  363 365 8192
364  364 366 8192
365  365 1527 512
366  366 368 73728
367  367 1528 409600
368  368 371 409600
369  369 371 73728
370  370 372 460800
371  371 373 460800
372  372 456 18432
373  373 375 18432
374  374 376 2048
375  375 377 2048
376  376 1529 128
377  377 379 18432
378  378 1530 106496
379  379 381 184320
380  380 382 20480
381  381 383 20480
382  382 1531 1280
383  383 385 184320
384  384 1532 1843200
385  385 388 1843200
386  386 388 184320
387  387 389 829440
388  388 390 829440
389  389 463 92160
390  390 392 92160
391  391 393 10240
392  392 394 10240
393  393 1533 640
394  394 396 92160
395  395 1534 532480
396  396 398 147456
397  397 399 16384
398  398 400 16384
399  399 1535 1024
400  400 402 147456
401  401 1536 851968
402  402 405 425984
403  403 405 73728
404  404 406 479232
405  405 407 479232
406  406 411 479232
407  407 409 479232
408  408 410 479232
409  409 412 479232
410  410 444 479232
411  411 445 479232
412  412 414 479232
413  413 415 479232
414  414 416 479232
415  415 446 479232
416  416 418 479232
417  417 419 479232
418  418 420 479232
419  419 447 479232
420  420 422 479232
421  421 423 479232
422  422 424 479232
423  423 448 479232
424  424 426 479232
425  425 427 479232
426  426 428 479232
427  427 449 479232
428  428 430 479232
429  429 431 479232
430  430 432 479232
431  431 450 479232
432  432 434 479232
433  433 435 479232
434  434 436 479232
435  435 451 479232
436  436 438 479232
437  437 439 479232
438  438 440 479232
439  439 452 479232
440  440 442 479232
441  441 443 479232
442  442 444 479232
443  443 453 479232
444  444 454 479232
445  445 454 479232
446  446 454 479232
447  447 454 479232
448  448 454 479232
449  449 454 479232
450  450 454 479232
451  451 454 479232
452  452 454 479232
453  453 461 479232
454  454 457 106496
455  455 457 18432
456  456 458 479232
457  457 459 479232
458  458 460 479232
459  459 461 479232
460  460 468 479232
461  461 464 532480
462  462 464 92160
463  463 465 479232
464  464 466 479232
465  465 467 479232
466  466 468 479232
467  467 475 479232
468  468 471 851968
469  469 471 147456
470  470 472 479232
471  471 473 479232
472  472 474 479232
473  473 475 479232
474  474 511 479232
475  475 477 479232
476  476 478 479232
477  477 479 479232
478  478 512 479232
479  479 481 479232
480  480 482 479232
481  481 483 479232
482  482 513 479232
483  483 485 479232
484  484 486 479232
485  485 487 479232
486  486 514 479232
487  487 489 479232
488  488 490 479232
489  489 491 479232
490  490 515 479232
491  491 493 479232
492  492 494 479232
493  493 495 479232
494  494 516 479232
495  495 497 479232
496  496 498 479232
497  497 499 479232
498  498 517 479232
499  499 501 479232
500  500 502 479232
501  501 503 479232
502  502 518 479232
503  503 505 479232
504  504 506 479232
505  505 507 479232
506  506 519 479232
507  507 509 479232
508  508 510 479232
509  509 511 479232
510  510 520 479232
511  511 521 1467648
512  512 521 1467648
513  513 521 1467648
514  514 521 1467648
515  515 521 1467648
516  516 521 1467648
517  517 521 1467648
518  518 521 1467648
519  519 521 1467648
520  520 635 1467648
521  521 523 225792
522  522 524 25088
523  523 525 25088
524  524 1537 512
525  525 527 225792
526  526 1538 270336
527  527 529 225792
528  528 530 25088
529  529 531 25088
530  530 1539 512
531  531 533 225792
532  532 1540 409600
533  533 536 409600
534  534 536 225792
535  535 537 1411200
536  536 538 1411200
537  537 621 56448
538  538 540 56448
539  539 541 6272
540  540 542 6272
541  541 1541 128
542  542 544 56448
543  543 1542 67584
544  544 546 564480
545  545 547 62720
546  546 548 62720
547  547 1543 1280
548  548 550 564480
549  549 1544 1843200
550  550 553 1843200
551  551 553 564480
552  552 554 2540160
553  553 555 2540160
554  554 628 282240
555  555 557 282240
556  556 558 31360
557  557 559 31360
558  558 1545 640
559  559 561 282240
560  560 1546 337920
561  561 563 451584
562  562 564 50176
563  563 565 50176
564  564 1547 1024
565  565 567 451584
566  566 1548 540672
567  567 570 270336
568  568 570 225792
569  569 571 931392
570  570 572 931392
571  571 576 931392
572  572 574 931392
573  573 575 931392
574  574 577 931392
575  575 609 931392
576  576 610 931392
577  577 579 931392
578  578 580 931392
579  579 581 931392
580  580 611 931392
581  581 583 931392
582  582 584 931392
583  583 585 931392
584  584 612 931392
585  585 587 931392
586  586 588 931392
587  587 589 931392
588  588 613 931392
589  589 591 931392
590  590 592 931392
591  591 593 931392
592  592 614 931392
593  593 595 931392
594  594 596 931392
595  595 597 931392
596  596 615 931392
597  597 599 931392
598  598 600 931392
599  599 601 931392
600  600 616 931392
601  601 603 931392
602  602 604 931392
603  603 605 931392
604  604 617 931392
605  605 607 931392
606  606 608 931392
607  607 609 931392
608  608 618 931392
609  609 619 931392
610  610 619 931392
611  611 619 931392
612  612 619 931392
613  613 619 931392
614  614 619 931392
615  615 619 931392
616  616 619 931392
617  617 619 931392
618  618 626 931392
619  619 622 67584
620  620 622 56448
621  621 623 931392
622  622 624 931392
623  623 625 931392
624  624 626 931392
625  625 633 931392
626  626 629 337920
627  627 629 282240
628  628 630 931392
629  629 631 931392
630  630 632 931392
631  631 633 931392
632  632 640 931392
633  633 636 540672
634  634 636 451584
635  635 637 931392
636  636 638 931392
637  637 639 931392
638  638 640 931392
639  639 754 931392
640  640 642 112896
641  641 643 12544
642  642 644 12544
643  643 1549 256
644  644 646 112896
645  645 1550 131072
646  646 648 112896
647  647 649 12544
648  648 650 12544
649  649 1551 256
650  650 652 112896
651  651 1552 204800
652  652 655 204800
653  653 655 112896
654  654 656 1411200
655  655 657 1411200
656  656 740 56448
657  657 659 56448
658  658 660 6272
659  659 661 6272
660  660 1553 128
661  661 663 56448
662  662 1554 65536
663  663 665 508032
664  664 666 56448
665  665 667 56448
666  666 1555 1152
667  667 669 508032
668  668 1556 1492992
669  669 672 1492992
670  670 672 508032
671  671 673 2286144
672  672 674 2286144
673  673 747 254016
674  674 676 254016
675  675 677 28224
676  676 678 28224
677  677 1557 576
678  678 680 254016
679  679 1558 294912
680  680 682 197568
681  681 683 21952
682  682 684 21952
683  683 1559 448
684  684 686 197568
685  685 1560 229376
686  686 689 131072
687  687 689 112896
688  688 690 903168
689  689 691 903168
690  690 695 903168
691  691 693 903168
692  692 694 903168
693  693 696 903168
694  694 728 903168
695  695 729 903168
696  696 698 903168
697  697 699 903168
698  698 700 903168
699  699 730 903168
700  700 702 903168
701  701 703 903168
702  702 704 903168
703  703 731 903168
704  704 706 903168
705  705 707 903168
706  706 708 903168
707  707 732 903168
708  708 710 903168
709  709 711 903168
710  710 712 903168
711  711 733 903168
712  712 714 903168
713  713 715 903168
714  714 716 903168
715  715 734 903168
716  716 718 903168
717  717 719 903168
718  718 720 903168
719  719 735 903168
720  720 722 903168
721  721 723 903168
722  722 724 903168
723  723 736 903168
724  724 726 903168
725  725 727 903168
726  726 728 903168
727  727 737 903168
728  728 738 903168
729  729 738 903168
730  730 738 903168
731  731 738 903168
732  732 738 903168
733  733 738 903168
734  734 738 903168
735  735 738 903168
736  736 738 903168
737  737 745 903168
738  738 741 65536
739  739 741 56448
740  740 742 903168
741  741 743 903168
742  742 744 903168
743  743 745 903168
744  744 752 903168
745  745 748 294912
746  746 748 254016
747  747 749 903168
748  748 750 903168
749  749 751 903168
750  750 752 903168
751  751 759 903168
752  752 755 229376
753  753 755 197568
754  754 756 903168
755  755 757 903168
756  756 758 903168
757  757 759 903168
758  758 873 903168
759  759 761 112896
760  760 762 12544
761  761 763 12544
762  762 1561 256
763  763 765 112896
764  764 1562 131072
765  765 767 112896
766  766 768 12544
767  767 769 12544
768  768 1563 256
769  769 771 112896
770  770 1564 153600
771  771 774 153600
772  772 774 112896
773  773 775 1058432
774  774 776 1058432
775  775 859 42368
776  776 778 42368
777  777 779 4736
778  778 780 4736
779  779 1565 128
780  780 782 42368
781  781 1566 49152
782  782 784 451584
783  783 785 50176
784  784 786 50176
785  785 1567 1024
786  786 788 451584
787  787 1568 1179648
788  788 791 1179648
789  789 791 451584
790  790 792 2032128
791  791 793 2032128
792  792 866 225792
793  793 795 225792
794  794 796 25088
795  795 797 25088
796  796 1569 512
797  797 799 225792
798  798 1570 262144
799  799 801 225792
800  800 802 25088
801  801 803 25088
802  802 1571 512
803  803 805 225792
804  804 1572 262144
805  805 808 131072
806  806 808 112896
807  807 809 903168
808  808 810 903168
809  809 814 903168
810  810 812 903168
811  811 813 903168
812  812 815 903168
813  813 847 903168
814  814 848 903168
815  815 817 903168
816  816 818 903168
817  817 819 903168
818  818 849 903168
819  819 821 903168
820  820 822 903168
821  821 823 903168
822  822 850 903168
823  823 825 903168
824  824 826 903168
825  825 827 903168
826  826 851 903168
827  827 829 903168
828  828 830 903168
829  829 831 903168
830  830 852 903168
831  831 833 903168
832  832 834 903168
833  833 835 903168
834  834 853 903168
835  835 837 903168
836  836 838 903168
837  837 839 903168
838  838 854 903168
839  839 841 903168
840  840 842 903168
841  841 843 903168
842  842 855 903168
843  843 845 903168
844  844 846 903168
845  845 847 903168
846  846 856 903168
847  847 857 903168
848  848 857 903168
849  849 857 903168
850  850 857 903168
851  851 857 903168
852  852 857 903168
853  853 857 903168
854  854 857 903168
855  855 857 903168
856  856 864 903168
857  857 860 49152
858  858 860 42368
859  859 861 903168
860  860 862 903168
861  861 863 903168
862  862 864 903168
863  863 871 903168
864  864 867 262144
865  865 867 225792
866  866 868 903168
867  867 869 903168
868  868 870 903168
869  869 871 903168
870  870 878 903168
871  871 874 262144
872  872 874 225792
873  873 875 903168
874  874 876 903168
875  875 877 903168
876  876 878 903168
877  877 992 903168
878  878 880 112896
879  879 881 12544
880  880 882 12544
881  881 1573 256
882  882 884 112896
883  883 1574 131072
884  884 886 112896
885  885 887 12544
886  886 888 12544
887  887 1575 256
888  888 890 112896
889  889 1576 153600
890  890 893 153600
891  891 893 112896
892  892 894 1058432
893  893 895 1058432
894  894 978 42368
895  895 897 42368
896  896 898 4736
897  897 899 4736
898  898 1577 128
899  899 901 42368
900  900 1578 49152
901  901 903 395136
902  902 904 43904
903  903 905 43904
904  904 1579 896
905  905 907 395136
906  906 1580 903168
907  907 910 903168
908  908 910 395136
909  909 911 1778112
910  910 912 1778112
911  911 985 197568
912  912 914 197568
913  913 915 21952
914  914 916 21952
915  915 1581 448
916  916 918 197568
917  917 1582 229376
918  918 920 282240
919  919 921 31360
920  920 922 31360
921  921 1583 640
922  922 924 282240
923  923 1584 327680
924  924 927 131072
925  925 927 112896
926  926 928 903168
927  927 929 903168
928  928 933 903168
929  929 931 903168
930  930 932 903168
931  931 934 903168
932  932 966 903168
933  933 967 903168
934  934 936 903168
935  935 937 903168
936  936 938 903168
937  937 968 903168
938  938 940 903168
939  939 941 903168
940  940 942 903168
941  941 969 903168
942  942 944 903168
943  943 945 903168
944  944 946 903168
945  945 970 903168
946  946 948 903168
947  947 949 903168
948  948 950 903168
949  949 971 903168
950  950 952 903168
951  951 953 903168
952  952 954 903168
953  953 972 903168
954  954 956 903168
955  955 957 903168
956  956 958 903168
957  957 973 903168
958  958 960 903168
959  959 961 903168
960  960 962 903168
961  961 974 903168
962  962 964 903168
963  963 965 903168
964  964 966 903168
965  965 975 903168
966  966 976 903168
967  967 976 903168
968  968 976 903168
969  969 976 903168
970  970 976 903168
971  971 976 903168
972  972 976 903168
973  973 976 903168
974  974 976 903168
975  975 983 903168
976  976 979 49152
977  977 979 42368
978  978 980 903168
979  979 981 903168
980  980 982 903168
981  981 983 903168
982  982 990 903168
983  983 986 229376
984  984 986 197568
985  985 987 903168
986  986 988 903168
987  987 989 903168
988  988 990 903168
989  989 997 903168
990  990 993 327680
991  991 993 282240
992  992 994 903168
993  993 995 903168
994  994 996 903168
995  995 997 903168
996  996 1111 903168
997  997 999 112896
998  998 1000 12544
999  999 1001 12544
1000  1000 1585 256
1001  1001 1003 112896
1002  1002 1586 122880
1003  1003 1005 84672
1004  1004 1006 9408
1005  1005 1007 9408
1006  1006 1587 192
1007  1007 1009 84672
1008  1008 1588 76800
1009  1009 1012 76800
1010  1010 1012 84672
1011  1011 1013 705600
1012  1012 1014 705600
1013  1013 1097 28224
1014  1014 1016 28224
1015  1015 1017 3136
1016  1016 1018 3136
1017  1017 1589 64
1018  1018 1020 28224
1019  1019 1590 30720
1020  1020 1022 366912
1021  1021 1023 40768
1022  1022 1024 40768
1023  1023 1591 832
1024  1024 1026 366912
1025  1025 1592 718848
1026  1026 1029 718848
1027  1027 1029 366912
1028  1028 1030 1524096
1029  1029 1031 1524096
1030  1030 1104 169344
1031  1031 1033 169344
1032  1032 1034 18816
1033  1033 1035 18816
1034  1034 1593 384
1035  1035 1037 169344
1036  1036 1594 184320
1037  1037 1039 338688
1038  1038 1040 37632
1039  1039 1041 37632
1040  1040 1595 768
1041  1041 1043 338688
1042  1042 1596 368640
1043  1043 1046 122880
1044  1044 1046 112896
1045  1045 1047 846720
1046  1046 1048 846720
1047  1047 1052 846720
1048  1048 1050 846720
1049  1049 1051 846720
1050  1050 1053 846720
1051  1051 1085 846720
1052  1052 1086 846720
1053  1053 1055 846720
1054  1054 1056 846720
1055  1055 1057 846720
1056  1056 1087 846720
1057  1057 1059 846720
1058  1058 1060 846720
1059  1059 1061 846720
1060  1060 1088 846720
1061  1061 1063 846720
1062  1062 1064 846720
1063  1063 1065 846720
1064  1064 1089 846720
1065  1065 1067 846720
1066  1066 1068 846720
1067  1067 1069 846720
1068  1068 1090 846720
1069  1069 1071 846720
1070  1070 1072 846720
1071  1071 1073 846720
1072  1072 1091 846720
1073  1073 1075 846720
1074  1074 1076 846720
1075  1075 1077 846720
1076  1076 1092 846720
1077  1077 1079 846720
1078  1078 1080 846720
1079  1079 1081 846720
1080  1080 1093 846720
1081  1081 1083 846720
1082  1082 1084 846720
1083  1083 1085 846720
1084  1084 1094 846720
1085  1085 1095 846720
1086  1086 1095 846720
1087  1087 1095 846720
1088  1088 1095 846720
1089  1089 1095 846720
1090  1090 1095 846720
1091  1091 1095 846720
1092  1092 1095 846720
1093  1093 1095 846720
1094  1094 1102 846720
1095  1095 1098 30720
1096  1096 1098 28224
1097  1097 1099 846720
1098  1098 1100 846720
1099  1099 1101 846720
1100  1100 1102 846720
1101  1101 1109 846720
1102  1102 1105 184320
1103  1103 1105 169344
1104  1104 1106 846720
1105  1105 1107 846720
1106  1106 1108 846720
1107  1107 1109 846720
1108  1108 1116 846720
1109  1109 1112 368640
1110  1110 1112 338688
1111  1111 1113 846720
1112  1112 1114 846720
1113  1113 1115 846720
1114  1114 1116 846720
1115  1115 1152 846720
1116  1116 1118 846720
1117  1117 1119 846720
1118  1118 1120 846720
1119  1119 1153 846720
1120  1120 1122 846720
1121  1121 1123 846720
1122  1122 1124 846720
1123  1123 1154 846720
1124  1124 1126 846720
1125  1125 1127 846720
1126  1126 1128 846720
1127  1127 1155 846720
1128  1128 1130 846720
1129  1129 1131 846720
1130  1130 1132 846720
1131  1131 1156 846720
1132  1132 1134 846720
1133  1133 1135 846720
1134  1134 1136 846720
1135  1135 1157 846720
1136  1136 1138 846720
1137  1137 1139 846720
1138  1138 1140 846720
1139  1139 1158 846720
1140  1140 1142 846720
1141  1141 1143 846720
1142  1142 1144 846720
1143  1143 1159 846720
1144  1144 1146 846720
1145  1145 1147 846720
1146  1146 1148 846720
1147  1147 1160 846720
1148  1148 1150 846720
1149  1149 1151 846720
1150  1150 1152 846720
1151  1151 1161 846720
1152  1152 1162 3386880
1153  1153 1162 3386880
1154  1154 1162 3386880
1155  1155 1162 3386880
1156  1156 1162 3386880
1157  1157 1162 3386880
1158  1158 1162 3386880
1159  1159 1162 3386880
1160  1160 1162 3386880
1161  1161 1276 3386880
1162  1162 1164 451584
1163  1163 1165 50176
1164  1164 1166 50176
1165  1165 1597 256
1166  1166 1168 451584
1167  1167 1598 65536
1168  1168 1170 677376
1169  1169 1171 75264
1170  1170 1172 75264
1171  1171 1599 384
1172  1172 1174 677376
1173  1173 1600 307200
1174  1174 1177 307200
1175  1175 1177 677376
1176  1176 1178 5644800
1177  1177 1179 5644800
1178  1178 1262 225792
1179  1179 1181 225792
1180  1180 1182 25088
1181  1181 1183 25088
1182  1182 1601 128
1183  1183 1185 225792
1184  1184 1602 32768
1185  1185 1187 1354752
1186  1186 1188 150528
1187  1187 1189 150528
1188  1188 1603 768
1189  1189 1191 1354752
1190  1190 1604 884736
1191  1191 1194 884736
1192  1192 1194 1354752
1193  1193 1195 8128512
1194  1194 1196 8128512
1195  1195 1269 903168
1196  1196 1198 903168
1197  1197 1199 100352
1198  1198 1200 100352
1199  1199 1605 512
1200  1200 1202 903168
1201  1201 1606 131072
1202  1202 1204 903168
1203  1203 1205 100352
1204  1204 1206 100352
1205  1205 1607 512
1206  1206 1208 903168
1207  1207 1608 131072
1208  1208 1211 65536
1209  1209 1211 451584
1210  1210 1212 1806336
1211  1211 1213 1806336
1212  1212 1217 1806336
1213  1213 1215 1806336
1214  1214 1216 1806336
1215  1215 1218 1806336
1216  1216 1250 1806336
1217  1217 1251 1806336
1218  1218 1220 1806336
1219  1219 1221 1806336
1220  1220 1222 1806336
1221  1221 1252 1806336
1222  1222 1224 1806336
1223  1223 1225 1806336
1224  1224 1226 1806336
1225  1225 1253 1806336
1226  1226 1228 1806336
1227  1227 1229 1806336
1228  1228 1230 1806336
1229  1229 1254 1806336
1230  1230 1232 1806336
1231  1231 1233 1806336
1232  1232 1234 1806336
1233  1233 1255 1806336
1234  1234 1236 1806336
1235  1235 1237 1806336
1236  1236 1238 1806336
1237  1237 1256 1806336
1238  1238 1240 1806336
1239  1239 1241 1806336
1240  1240 1242 1806336
1241  1241 1257 1806336
1242  1242 1244 1806336
1243  1243 1245 1806336
1244  1244 1246 1806336
1245  1245 1258 1806336
1246  1246 1248 1806336
1247  1247 1249 1806336
1248  1248 1250 1806336
1249  1249 1259 1806336
1250  1250 1260 1806336
1251  1251 1260 1806336
1252  1252 1260 1806336
1253  1253 1260 1806336
1254  1254 1260 1806336
1255  1255 1260 1806336
1256  1256 1260 1806336
1257  1257 1260 1806336
1258  1258 1260 1806336
1259  1259 1267 1806336
1260  1260 1263 32768
1261  1261 1263 225792
1262  1262 1264 1806336
1263  1263 1265 1806336
1264  1264 1266 1806336
1265  1265 1267 1806336
1266  1266 1274 1806336
1267  1267 1270 131072
1268  1268 1270 903168
1269  1269 1271 1806336
1270  1270 1272 1806336
1271  1271 1273 1806336
1272  1272 1274 1806336
1273  1273 1281 1806336
1274  1274 1277 131072
1275  1275 1277 903168
1276  1276 1278 1806336
1277  1277 1279 1806336
1278  1278 1280 1806336
1279  1279 1281 1806336
1280  1280 1395 1806336
1281  1281 1283 225792
1282  1282 1284 25088
1283  1283 1285 25088
1284  1284 1609 128
1285  1285 1287 225792
1286  1286 1610 24576
1287  1287 1289 225792
1288  1288 1290 25088
1289  1289 1291 25088
1290  1290 1611 128
1291  1291 1293 225792
1292  1292 1612 51200
1293  1293 1296 51200
1294  1294 1296 225792
1295  1295 1297 2822400
1296  1296 1298 2822400
1297  1297 1381 112896
1298  1298 1300 112896
1299  1299 1301 12544
1300  1300 1302 12544
1301  1301 1613 64
1302  1302 1304 112896
1303  1303 1614 12288
1304  1304 1306 903168
1305  1305 1307 100352
1306  1306 1308 100352
1307  1307 1615 512
1308  1308 1310 903168
1309  1309 1616 442368
1310  1310 1313 442368
1311  1311 1313 903168
1312  1312 1314 6096384
1313  1313 1315 6096384
1314  1314 1388 677376
1315  1315 1317 677376
1316  1316 1318 75264
1317  1317 1319 75264
1318  1318 1617 384
1319  1319 1321 677376
1320  1320 1618 73728
1321  1321 1323 451584
1322  1322 1324 50176
1323  1323 1325 50176
1324  1324 1619 256
1325  1325 1327 451584
1326  1326 1620 49152
1327  1327 1330 24576
1328  1328 1330 225792
1329  1329 1331 1354752
1330  1330 1332 1354752
1331  1331 1336 1354752
1332  1332 1334 1354752
1333  1333 1335 1354752
1334  1334 1337 1354752
1335  1335 1369 1354752
1336  1336 1370 1354752
1337  1337 1339 1354752
1338  1338 1340 1354752
1339  1339 1341 1354752
1340  1340 1371 1354752
1341  1341 1343 1354752
1342  1342 1344 1354752
1343  1343 1345 1354752
1344  1344 1372 1354752
1345  1345 1347 1354752
1346  1346 1348 1354752
1347  1347 1349 1354752
1348  1348 1373 1354752
1349  1349 1351 1354752
1350  1350 1352 1354752
1351  1351 1353 1354752
1352  1352 1374 1354752
1353  1353 1355 1354752
1354  1354 1356 1354752
1355  1355 1357 1354752
1356  1356 1375 1354752
1357  1357 1359 1354752
1358  1358 1360 1354752
1359  1359 1361 1354752
1360  1360 1376 1354752
1361  1361 1363 1354752
1362  1362 1364 1354752
1363  1363 1365 1354752
1364  1364 1377 1354752
1365  1365 1367 1354752
1366  1366 1368 1354752
1367  1367 1369 1354752
1368  1368 1378 1354752
1369  1369 1379 1354752
1370  1370 1379 1354752
1371  1371 1379 1354752
1372  1372 1379 1354752
1373  1373 1379 1354752
1374  1374 1379 1354752
1375  1375 1379 1354752
1376  1376 1379 1354752
1377  1377 1379 1354752
1378  1378 1386 1354752
1379  1379 1382 12288
1380  1380 1382 112896
1381  1381 1383 1354752
1382  1382 1384 1354752
1383  1383 1385 1354752
1384  1384 1386 1354752
1385  1385 1393 1354752
1386  1386 1389 73728
1387  1387 1389 677376
1388  1388 1390 1354752
1389  1389 1391 1354752
1390  1390 1392 1354752
1391  1391 1393 1354752
1392  1392 1400 1354752
1393  1393 1396 49152
1394  1394 1396 451584
1395  1395 1397 1354752
1396  1396 1398 1354752
1397  1397 1399 1354752
1398  1398 1400 1354752
1399  1399 1436 1354752
1400  1400 1402 1354752
1401  1401 1403 1354752
1402  1402 1404 1354752
1403  1403 1437 1354752
1404  1404 1406 1354752
1405  1405 1407 1354752
1406  1406 1408 1354752
1407  1407 1438 1354752
1408  1408 1410 1354752
1409  1409 1411 1354752
1410  1410 1412 1354752
1411  1411 1439 1354752
1412  1412 1414 1354752
1413  1413 1415 1354752
1414  1414 1416 1354752
1415  1415 1440 1354752
1416  1416 1418 1354752
1417  1417 1419 1354752
1418  1418 1420 1354752
1419  1419 1441 1354752
1420  1420 1422 1354752
1421  1421 1423 1354752
1422  1422 1424 1354752
1423  1423 1442 1354752
1424  1424 1426 1354752
1425  1425 1427 1354752
1426  1426 1428 1354752
1427  1427 1443 1354752
1428  1428 1430 1354752
1429  1429 1431 1354752
1430  1430 1432 1354752
1431  1431 1444 1354752
1432  1432 1434 1354752
1433  1433 1435 1354752
1434  1434 1436 1354752
1435  1435 1445 1354752
1436  1436 1446 5419008
1437  1437 1446 5419008
1438  1438 1446 5419008
1439  1439 1446 5419008
1440  1440 1446 5419008
1441  1441 1446 5419008
1442  1442 1446 5419008
1443  1443 1446 5419008
1444  1444 1446 5419008
1445  1445 1454 5419008
1446  1446 1448 5419008
1447  1447 1449 602112
1448  1448 1450 602112
1449  1449 1621 768
1450  1450 1452 5419008
1451  1451 1622 442368
1452  1452 1455 442368
1453  1453 1455 5419008
1454  1454 1456 16257024
1455  1455 1457 65028096
1456  1456 1461 7225344
1457  1457 1459 7225344
1458  1458 1460 7225344
1459  1459 1462 7225344
1460  1460 1494 7225344
1461  1461 1495 7225344
1462  1462 1464 7225344
1463  1463 1465 7225344
1464  1464 1466 7225344
1465  1465 1496 7225344
1466  1466 1468 7225344
1467  1467 1469 7225344
1468  1468 1470 7225344
1469  1469 1497 7225344
1470  1470 1472 7225344
1471  1471 1473 7225344
1472  1472 1474 7225344
1473  1473 1498 7225344
1474  1474 1476 7225344
1475  1475 1477 7225344
1476  1476 1478 7225344
1477  1477 1499 7225344
1478  1478 1480 7225344
1479  1479 1481 7225344
1480  1480 1482 7225344
1481  1481 1500 7225344
1482  1482 1484 7225344
1483  1483 1485 7225344
1484  1484 1486 7225344
1485  1485 1501 7225344
1486  1486 1488 7225344
1487  1487 1489 7225344
1488  1488 1490 7225344
1489  1489 1502 7225344
1490  1490 1492 7225344
1491  1491 1493 7225344
1492  1492 1494 7225344
1493  1493 1503 7225344
1494  1494 1504 28901376
1495  1495 1504 28901376
1496  1496 1504 28901376
1497  1497 1504 28901376
1498  1498 1504 28901376
1499  1499 1504 28901376
1500  1500 1504 28901376
1501  1501 1504 28901376
1502  1502 1504 28901376
1503  1503 1509 28901376
1504  1504 1506 28901376
1505  1505 1507 3211264
1506  1506 1508 3211264
1507  1507 1623 256
1508  1508 1510 28901376
1509  1509 1624 37632
1510  1510 1624 64
1511  1511 1624 40960
1512  1512 1624 512
1513  1513 1624 425984
1514  1514 1624 512
1515  1515 1624 614400
1516  1516 1624 192
1517  1517 1624 159744
1518  1518 1624 1536
1519  1519 1624 2654208
1520  1520 1624 768
1521  1521 1624 638976
1522  1522 1624 1536
1523  1523 1624 1277952
1524  1524 1624 512
1525  1525 1624 425984
1526  1526 1624 512
1527  1527 1624 409600
1528  1528 1624 128
1529  1529 1624 106496
1530  1530 1624 1280
1531  1531 1624 1843200
1532  1532 1624 640
1533  1533 1624 532480
1534  1534 1624 1024
1535  1535 1624 851968
1536  1536 1624 512
1537  1537 1624 270336
1538  1538 1624 512
1539  1539 1624 409600
1540  1540 1624 128
1541  1541 1624 67584
1542  1542 1624 1280
1543  1543 1624 1843200
1544  1544 1624 640
1545  1545 1624 337920
1546  1546 1624 1024
1547  1547 1624 540672
1548  1548 1624 256
1549  1549 1624 131072
1550  1550 1624 256
1551  1551 1624 204800
1552  1552 1624 128
1553  1553 1624 65536
1554  1554 1624 1152
1555  1555 1624 1492992
1556  1556 1624 576
1557  1557 1624 294912
1558  1558 1624 448
1559  1559 1624 229376
1560  1560 1624 256
1561  1561 1624 131072
1562  1562 1624 256
1563  1563 1624 153600
1564  1564 1624 128
1565  1565 1624 49152
1566  1566 1624 1024
1567  1567 1624 1179648
1568  1568 1624 512
1569  1569 1624 262144
1570  1570 1624 512
1571  1571 1624 262144
1572  1572 1624 256
1573  1573 1624 131072
1574  1574 1624 256
1575  1575 1624 153600
1576  1576 1624 128
1577  1577 1624 49152
1578  1578 1624 896
1579  1579 1624 903168
1580  1580 1624 448
1581  1581 1624 229376
1582  1582 1624 640
1583  1583 1624 327680
1584  1584 1624 256
1585  1585 1624 122880
1586  1586 1624 192
1587  1587 1624 76800
1588  1588 1624 64
1589  1589 1624 30720
1590  1590 1624 832
1591  1591 1624 718848
1592  1592 1624 384
1593  1593 1624 184320
1594  1594 1624 768
1595  1595 1624 368640
1596  1596 1624 256
1597  1597 1624 65536
1598  1598 1624 384
1599  1599 1624 307200
1600  1600 1624 128
1601  1601 1624 32768
1602  1602 1624 768
1603  1603 1624 884736
1604  1604 1624 512
1605  1605 1624 131072
1606  1606 1624 512
1607  1607 1624 131072
1608  1608 1624 128
1609  1609 1624 24576
1610  1610 1624 128
1611  1611 1624 51200
1612  1612 1624 64
1613  1613 1624 12288
1614  1614 1624 512
1615  1615 1624 442368
1616  1616 1624 384
1617  1617 1624 73728
1618  1618 1624 256
1619  1619 1624 49152
1620  1620 1624 768
1621  1621 1624 442368
1622  1622 1624 256
1623  1623 1624 37632
