7:0  7 8 256
7:1  7 8 64
18:0  18 19 3612672
20:0  20 21 37632
20:1  20 21 44556288
20:2  20 21 19267584
20:3  20 21 14144
21:0  21 22 19267584
23:0  23 24 4816896
25:0  25 26 442368
25:1  25 26 10838016
25:2  25 26 3612672
25:3  25 26 2709504
25:4  25 26 110592
25:59  25 26 677376
25:60  25 26 27648
25:67  25 26 13824
26:0  26 27 3612672
28:0  28 29 903168
30:0  30 31 49152
30:1  30 31 903168
30:2  30 31 301056
30:3  30 31 18432
32:0  32 33 73728
32:1  32 33 903168
32:2  32 33 451584
32:3  32 33 18432
33:0  33 34 451584
34:0  34 35 451584
36:0  36 37 442368
36:1  36 37 4064256
36:2  36 37 602112
36:3  36 37 1016064
36:4  36 37 110592
36:11  36 37 41472
38:0  38 39 12288
38:1  38 39 903168
38:2  38 39 75264
38:3  38 39 18432
39:0  39 40 75264
40:0  40 41 75264
42:0  42 43 51200
42:1  42 43 1881600
42:2  42 43 150528
42:3  42 43 38400
44:0  44 45 903168
46:0  46 47 24576
46:1  46 47 903168
46:2  46 47 150528
46:3  46 47 18432
47:0  47 48 1204224
48:0  48 49 1204224
50:0  50 51 131072
50:1  50 51 1204224
50:2  50 51 602112
50:3  50 51 301056
50:4  50 51 32768
50:11  50 51 12288
52:0  52 53 131072
52:1  52 53 1204224
52:2  52 53 602112
52:3  52 53 301056
52:4  52 53 32768
52:11  52 53 12288
53:0  53 54 602112
54:0  54 55 602112
56:0  56 57 884736
56:1  56 57 5419008
56:2  56 57 903168
56:3  56 57 1354752
56:4  56 57 221184
56:65  56 57 331776
56:66  56 57 55296
56:73  56 57 27648
56:74  56 57 55296
58:0  58 59 32768
58:1  58 59 1204224
58:2  58 59 150528
58:3  58 59 24576
59:0  59 60 150528
60:0  60 61 150528
62:0  62 63 307200
62:1  62 63 3763200
62:2  62 63 451584
62:3  62 63 940800
62:4  62 63 76800
62:11  62 63 38400
64:0  64 65 1204224
66:0  66 67 65536
66:1  66 67 1204224
66:2  66 67 301056
66:3  66 67 24576
67:0  67 68 2257920
69:0  69 70 564480
71:0  71 72 368640
71:1  71 72 564480
71:2  71 72 225792
71:3  71 72 138240
71:4  71 72 92160
71:11  71 72 23040
71:12  71 72 46080
73:0  73 74 184320
73:1  73 74 564480
73:2  73 74 112896
73:3  73 74 138240
73:4  73 74 46080
73:11  73 74 23040
73:12  73 74 46080
74:0  74 75 112896
75:0  75 76 112896
77:0  77 78 718848
77:1  77 78 1016064
77:2  77 78 244608
77:3  77 78 248832
77:4  77 78 179712
77:11  77 78 41472
77:12  77 78 82944
79:0  79 80 30720
79:1  79 80 564480
79:2  79 80 18816
79:3  79 80 46080
80:0  80 81 18816
81:0  81 82 18816
83:0  83 84 76800
83:1  83 84 470400
83:2  83 84 56448
83:3  83 84 38400
85:0  85 86 564480
87:0  87 88 122880
87:1  87 88 564480
87:2  87 88 75264
87:3  87 88 46080
88:0  88 89 602112
89:0  89 90 602112
91:0  91 92 327680
91:1  91 92 602112
91:2  91 92 188160
91:3  91 92 147456
91:4  91 92 81920
91:11  91 92 24576
91:12  91 92 49152
93:0  93 94 229376
93:1  93 94 602112
93:2  93 94 131712
93:3  93 94 147456
93:4  93 94 57344
93:11  93 94 24576
93:12  93 94 49152
94:0  94 95 131712
95:0  95 96 131712
97:0  97 98 903168
97:1  97 98 1185408
97:2  97 98 263424
97:3  97 98 290304
97:4  97 98 225792
97:11  97 98 48384
97:12  97 98 96768
99:0  99 100 49152
99:1  99 100 602112
99:2  99 100 28224
99:3  99 100 49152
100:0  100 101 28224
101:0  101 102 28224
103:0  103 104 153600
103:1  103 104 705600
103:2  103 104 75264
103:3  103 104 57600
105:0  105 106 602112
107:0  107 108 131072
107:1  107 108 602112
107:2  107 108 75264
107:3  107 108 49152
108:0  108 109 602112
109:0  109 110 602112
111:0  111 112 262144
111:1  111 112 602112
111:2  111 112 150528
111:3  111 112 147456
111:4  111 112 65536
111:11  111 112 24576
111:12  111 112 49152
113:0  113 114 262144
113:1  113 114 602112
113:2  113 114 150528
113:3  113 114 147456
113:4  113 114 65536
113:11  113 114 24576
113:12  113 114 49152
114:0  114 115 150528
115:0  115 116 150528
117:0  117 118 1179648
117:1  117 118 1354752
117:2  117 118 301056
117:3  117 118 331776
117:4  117 118 294912
117:11  117 118 55296
117:12  117 118 110592
119:0  119 120 49152
119:1  119 120 602112
119:2  119 120 28224
119:3  119 120 49152
120:0  120 121 28224
121:0  121 122 28224
123:0  123 124 153600
123:1  123 124 705600
123:2  123 124 75264
123:3  123 124 57600
125:0  125 126 602112
127:0  127 128 131072
127:1  127 128 602112
127:2  127 128 75264
127:3  127 128 49152
128:0  128 129 602112
129:0  129 130 602112
131:0  131 132 229376
131:1  131 132 602112
131:2  131 132 131712
131:3  131 132 147456
131:4  131 132 57344
131:11  131 132 24576
131:12  131 132 49152
133:0  133 134 294912
133:1  133 134 602112
133:2  133 134 169344
133:3  133 134 147456
133:4  133 134 73728
133:11  133 134 24576
133:12  133 134 49152
134:0  134 135 169344
135:0  135 136 169344
137:0  137 138 1492992
137:1  137 138 1524096
137:2  137 138 338688
137:3  137 138 373248
137:4  137 138 373248
137:59  137 138 93312
137:60  137 138 93312
137:67  137 138 31104
137:68  137 138 124416
139:0  139 140 65536
139:1  139 140 602112
139:2  139 140 37632
139:3  139 140 49152
140:0  140 141 37632
141:0  141 142 37632
143:0  143 144 204800
143:1  143 144 940800
143:2  143 144 75264
143:3  143 144 76800
145:0  145 146 602112
147:0  147 148 131072
147:1  147 148 602112
147:2  147 148 75264
147:3  147 148 49152
148:0  148 149 620928
149:0  149 150 620928
151:0  151 152 540672
151:1  151 152 620928
151:2  151 152 301056
151:3  151 152 152064
151:4  151 152 135168
151:11  151 152 25344
151:12  151 152 50688
153:0  153 154 337920
153:1  153 154 620928
153:2  153 154 188160
153:3  153 154 152064
153:4  153 154 84480
153:11  153 154 25344
153:12  153 154 50688
154:0  154 155 188160
155:0  155 156 188160
157:0  157 158 1843200
157:1  157 158 1693440
157:2  157 158 376320
157:3  157 158 414720
157:4  157 158 460800
157:59  157 158 103680
157:60  157 158 115200
157:67  157 158 34560
157:68  157 158 138240
159:0  159 160 67584
159:1  159 160 620928
159:2  159 160 37632
159:3  159 160 50688
160:0  160 161 37632
161:0  161 162 37632
163:0  163 164 409600
163:1  163 164 940800
163:2  163 164 150528
163:3  163 164 230400
163:4  163 164 102400
163:11  163 164 38400
163:12  163 164 76800
165:0  165 166 620928
167:0  167 168 270336
167:1  167 168 620928
167:2  167 168 150528
167:3  167 168 152064
167:4  167 168 67584
167:11  167 168 25344
167:12  167 168 50688
168:0  168 169 978432
170:0  170 171 319488
172:0  172 173 851968
172:1  172 173 319488
172:2  172 173 98304
172:3  172 173 79872
174:0  174 175 532480
174:1  174 175 319488
174:2  174 175 61440
174:3  174 175 79872
175:0  175 176 61440
176:0  176 177 61440
178:0  178 179 1843200
178:1  178 179 552960
178:2  178 179 122880
178:3  178 179 138240
178:4  178 179 460800
178:11  178 179 69120
180:0  180 181 106496
180:1  180 181 319488
180:2  180 181 12288
180:3  180 181 79872
181:0  181 182 12288
182:0  182 183 12288
184:0  184 185 409600
184:1  184 185 307200
184:2  184 185 49152
184:3  184 185 76800
186:0  186 187 319488
188:0  188 189 425984
188:1  188 189 319488
188:2  188 189 49152
188:3  188 189 79872
189:0  189 190 319488
190:0  190 191 319488
192:0  192 193 1277952
192:1  192 193 319488
192:2  192 193 147456
192:3  192 193 79872
192:4  192 193 319488
192:11  192 193 39936
194:0  194 195 638976
194:1  194 195 319488
194:2  194 195 73728
194:3  194 195 79872
195:0  195 196 73728
196:0  196 197 73728
198:0  198 199 2654208
198:1  198 199 663552
198:2  198 199 147456
198:3  198 199 165888
198:4  198 199 663552
198:11  198 199 82944
200:0  200 201 159744
200:1  200 201 319488
200:2  200 201 18432
200:3  200 201 79872
201:0  201 202 18432
202:0  202 203 18432
204:0  204 205 614400
204:1  204 205 460800
204:2  204 205 49152
204:3  204 205 115200
206:0  206 207 319488
208:0  208 209 425984
208:1  208 209 319488
208:2  208 209 49152
208:3  208 209 79872
209:0  209 210 393216
211:0  211 212 24576
213:0  213 214 49152
213:1  213 214 24576
213:2  213 214 320
213:3  213 1624 64
213:4  213 214 98304
215:0  215 216 256
229:0  229 230 320
229:1  229 230 32768
229:2  229 230 49152
229:3  229 230 576
232:0  232 233 320
232:1  232 233 49152
232:2  232 233 32768
232:3  232 233 960
242:0  242 243 49152
242:1  242 243 319488
242:2  242 243 425984
242:3  242 243 9216
248:0  248 249 49152
248:1  248 249 460800
248:2  248 249 614400
248:3  248 249 9216
251:0  251 252 49152
251:1  251 252 614400
251:2  251 252 460800
251:3  251 252 12288
259:0  259 260 18432
259:1  259 260 319488
259:2  259 260 159744
259:3  259 260 9216
265:0  265 266 147456
265:1  265 266 663552
265:2  265 266 2654208
265:3  265 266 9216
268:0  268 269 147456
268:1  268 269 2654208
268:2  268 269 663552
268:3  268 269 663552
268:4  268 269 36864
268:11  268 269 18432
276:0  276 277 73728
276:1  276 277 319488
276:2  276 277 638976
276:3  276 277 9216
282:0  282 283 147456
282:1  282 283 319488
282:2  282 283 1277952
282:3  282 283 9216
285:0  285 286 49152
285:1  285 286 425984
285:2  285 286 319488
285:3  285 286 12288
291:0  291 292 319488
337:0  337 338 18432
337:1  337 338 159744
337:2  337 338 319488
337:3  337 338 4608
340:0  340 341 319488
344:0  344 345 73728
344:1  344 345 638976
344:2  344 345 319488
344:3  344 345 18432
347:0  347 348 319488
351:0  351 352 147456
351:1  351 352 1277952
351:2  351 352 319488
351:3  351 352 313344
351:4  351 352 36864
351:11  351 352 18432
351:12  351 352 36864
354:0  354 355 319488
356:0  356 357 319488
360:0  360 361 319488
361:0  361 362 49152
361:1  361 362 319488
361:2  361 362 425984
361:3  361 362 9216
362:0  362 363 319488
366:0  366 367 319488
367:0  367 368 49152
367:1  367 368 307200
367:2  367 368 409600
367:3  367 368 9216
369:0  369 370 319488
370:0  370 371 49152
370:1  370 371 409600
370:2  370 371 307200
370:3  370 371 12288
378:0  378 379 12288
378:1  378 379 319488
378:2  378 379 106496
378:3  378 379 9216
379:0  379 380 319488
383:0  383 384 319488
384:0  384 385 122880
384:1  384 385 552960
384:2  384 385 1843200
384:3  384 385 9216
386:0  386 387 319488
387:0  387 388 122880
387:1  387 388 1843200
387:2  387 388 552960
387:3  387 388 460800
387:4  387 388 30720
387:11  387 388 15360
395:0  395 396 61440
395:1  395 396 319488
395:2  395 396 532480
395:3  395 396 9216
396:0  396 397 319488
400:0  400 401 319488
401:0  401 402 98304
401:1  401 402 319488
401:2  401 402 851968
401:3  401 402 9216
403:0  403 404 319488
404:0  404 405 49152
404:1  404 405 425984
404:2  404 405 319488
404:3  404 405 12288
410:0  410 411 319488
456:0  456 457 12288
456:1  456 457 106496
456:2  456 457 319488
456:3  456 457 3072
459:0  459 460 319488
463:0  463 464 61440
463:1  463 464 532480
463:2  463 464 319488
463:3  463 464 15360
466:0  466 467 319488
469:0  469 470 319488
470:0  470 471 98304
470:1  470 471 851968
470:2  470 471 319488
470:3  470 471 208896
470:4  470 471 24576
470:11  470 471 12288
470:12  470 471 24576
473:0  473 474 319488
521:0  521 522 978432
525:0  525 526 978432
526:0  526 527 150528
526:1  526 527 625152
526:2  526 527 270336
526:3  526 527 28224
527:0  527 528 978432
531:0  531 532 978432
532:0  532 533 150528
532:1  532 533 947200
532:2  532 533 409600
532:3  532 533 28224
534:0  534 535 978432
535:0  535 536 151552
535:1  535 536 409600
535:2  535 536 947200
535:3  535 536 12288
543:0  543 544 37632
543:1  543 544 625152
543:2  543 544 67584
543:3  543 544 28224
544:0  544 545 978432
548:0  548 549 978432
549:0  549 550 376320
549:1  549 550 1704960
549:2  549 550 1843200
549:3  549 550 28224
551:0  551 552 978432
552:0  552 553 378880
552:1  552 553 1843200
552:2  552 553 1704960
552:3  552 553 460800
552:4  552 553 94720
552:11  552 553 15360
560:0  560 561 188160
560:1  560 561 625152
560:2  560 561 337920
560:3  560 561 28224
561:0  561 562 978432
565:0  565 566 978432
566:0  566 567 301056
566:1  566 567 625152
566:2  566 567 540672
566:3  566 567 28224
568:0  568 569 978432
569:0  569 570 151552
569:1  569 570 270336
569:2  569 570 625152
569:3  569 570 12288
575:0  575 576 620928
621:0  621 622 37888
621:1  621 622 67584
621:2  621 622 625152
621:3  621 622 3072
624:0  624 625 620928
628:0  628 629 189440
628:1  628 629 337920
628:2  628 629 625152
628:3  628 629 156288
628:4  628 629 47360
628:11  628 629 7680
631:0  631 632 620928
634:0  634 635 978432
635:0  635 636 303104
635:1  635 636 540672
635:2  635 636 625152
635:3  635 636 156288
635:4  635 636 75776
635:11  635 636 12288
638:0  638 639 620928
640:0  640 641 620928
644:0  644 645 620928
645:0  645 646 75264
645:1  645 646 606208
645:2  645 646 131072
645:3  645 646 28224
646:0  646 647 620928
650:0  650 651 620928
651:0  651 652 75264
651:1  651 652 947200
651:2  651 652 204800
651:3  651 652 28224
653:0  653 654 620928
654:0  654 655 75776
654:1  654 655 204800
654:2  654 655 947200
654:3  654 655 6144
662:0  662 663 37632
662:1  662 663 606208
662:2  662 663 65536
662:3  662 663 28224
663:0  663 664 620928
667:0  667 668 620928
668:0  668 669 338688
668:1  668 669 1534464
668:2  668 669 1492992
668:3  668 669 28224
670:0  670 671 620928
671:0  671 672 340992
671:1  671 672 1492992
671:2  671 672 1534464
671:3  671 672 383616
671:4  671 672 85248
671:11  671 672 13824
679:0  679 680 169344
679:1  679 680 606208
679:2  679 680 294912
679:3  679 680 28224
680:0  680 681 620928
684:0  684 685 620928
685:0  685 686 131712
685:1  685 686 606208
685:2  685 686 229376
685:3  685 686 28224
687:0  687 688 620928
688:0  688 689 75776
688:1  688 689 131072
688:2  688 689 606208
688:3  688 689 6144
694:0  694 695 602112
740:0  740 741 37888
740:1  740 741 65536
740:2  740 741 606208
740:3  740 741 3072
743:0  743 744 602112
747:0  747 748 170496
747:1  747 748 294912
747:2  747 748 606208
747:3  747 748 13824
750:0  750 751 602112
753:0  753 754 620928
754:0  754 755 132608
754:1  754 755 229376
754:2  754 755 606208
754:3  754 755 10752
757:0  757 758 602112
759:0  759 760 602112
763:0  763 764 602112
764:0  764 765 75264
764:1  764 765 606208
764:2  764 765 131072
764:3  764 765 28224
765:0  765 766 602112
769:0  769 770 602112
770:0  770 771 75264
770:1  770 771 710400
770:2  770 771 153600
770:3  770 771 28224
772:0  772 773 602112
773:0  773 774 75776
773:1  773 774 153600
773:2  773 774 710400
773:3  773 774 6144
781:0  781 782 28224
781:1  781 782 606208
781:2  781 782 49152
781:3  781 782 28224
782:0  782 783 602112
786:0  786 787 602112
787:0  787 788 301056
787:1  787 788 1363968
787:2  787 788 1179648
787:3  787 788 28224
789:0  789 790 602112
790:0  790 791 303104
790:1  790 791 1179648
790:2  790 791 1363968
790:3  790 791 340992
790:4  790 791 75776
790:11  790 791 12288
798:0  798 799 150528
798:1  798 799 606208
798:2  798 799 262144
798:3  798 799 28224
799:0  799 800 602112
803:0  803 804 602112
804:0  804 805 150528
804:1  804 805 606208
804:2  804 805 262144
804:3  804 805 28224
806:0  806 807 602112
807:0  807 808 75776
807:1  807 808 131072
807:2  807 808 606208
807:3  807 808 6144
813:0  813 814 602112
859:0  859 860 28416
859:1  859 860 49152
859:2  859 860 606208
859:3  859 860 2304
862:0  862 863 602112
866:0  866 867 151552
866:1  866 867 262144
866:2  866 867 606208
866:3  866 867 12288
869:0  869 870 602112
872:0  872 873 602112
873:0  873 874 151552
873:1  873 874 262144
873:2  873 874 606208
873:3  873 874 12288
876:0  876 877 602112
878:0  878 879 602112
882:0  882 883 602112
883:0  883 884 75264
883:1  883 884 606208
883:2  883 884 131072
883:3  883 884 28224
884:0  884 885 602112
888:0  888 889 602112
889:0  889 890 75264
889:1  889 890 710400
889:2  889 890 153600
889:3  889 890 28224
891:0  891 892 602112
892:0  892 893 75776
892:1  892 893 153600
892:2  892 893 710400
892:3  892 893 6144
900:0  900 901 28224
900:1  900 901 606208
900:2  900 901 49152
900:3  900 901 28224
901:0  901 902 602112
905:0  905 906 602112
906:0  906 907 263424
906:1  906 907 1193472
906:2  906 907 903168
906:3  906 907 28224
908:0  908 909 602112
909:0  909 910 265216
909:1  909 910 903168
909:2  909 910 1193472
909:3  909 910 298368
909:4  909 910 66304
909:11  909 910 10752
917:0  917 918 131712
917:1  917 918 606208
917:2  917 918 229376
917:3  917 918 28224
918:0  918 919 602112
922:0  922 923 602112
923:0  923 924 188160
923:1  923 924 606208
923:2  923 924 327680
923:3  923 924 28224
925:0  925 926 602112
926:0  926 927 75776
926:1  926 927 131072
926:2  926 927 606208
926:3  926 927 6144
932:0  932 933 602112
978:0  978 979 28416
978:1  978 979 49152
978:2  978 979 606208
978:3  978 979 2304
981:0  981 982 602112
985:0  985 986 132608
985:1  985 986 229376
985:2  985 986 606208
985:3  985 986 10752
988:0  988 989 602112
991:0  991 992 602112
992:0  992 993 189440
992:1  992 993 327680
992:2  992 993 606208
992:3  992 993 149184
992:4  992 993 47360
992:11  992 993 7680
992:12  992 993 15360
995:0  995 996 602112
997:0  997 998 602112
1001:0  1001 1002 602112
1002:0  1002 1003 75264
1002:1  1002 1003 568320
1002:2  1002 1003 122880
1002:3  1002 1003 28224
1003:0  1003 1004 602112
1007:0  1007 1008 602112
1008:0  1008 1009 56448
1008:1  1008 1009 473600
1008:2  1008 1009 76800
1008:3  1008 1009 28224
1010:0  1010 1011 602112
1011:0  1011 1012 56832
1011:1  1011 1012 76800
1011:2  1011 1012 473600
1011:3  1011 1012 4608
1019:0  1019 1020 18816
1019:1  1019 1020 568320
1019:2  1019 1020 30720
1019:3  1019 1020 28224
1020:0  1020 1021 602112
1024:0  1024 1025 602112
1025:0  1025 1026 244608
1025:1  1025 1026 1022976
1025:2  1025 1026 718848
1025:3  1025 1026 28224
1027:0  1027 1028 602112
1028:0  1028 1029 246272
1028:1  1028 1029 718848
1028:2  1028 1029 1022976
1028:3  1028 1029 255744
1028:4  1028 1029 61568
1028:11  1028 1029 9984
1036:0  1036 1037 112896
1036:1  1036 1037 568320
1036:2  1036 1037 184320
1036:3  1036 1037 28224
1037:0  1037 1038 602112
1041:0  1041 1042 602112
1042:0  1042 1043 225792
1042:1  1042 1043 568320
1042:2  1042 1043 368640
1042:3  1042 1043 28224
1044:0  1044 1045 602112
1045:0  1045 1046 75776
1045:1  1045 1046 122880
1045:2  1045 1046 568320
1045:3  1045 1046 6144
1051:0  1051 1052 564480
1097:0  1097 1098 18944
1097:1  1097 1098 30720
1097:2  1097 1098 568320
1097:3  1097 1098 1536
1100:0  1100 1101 564480
1104:0  1104 1105 113664
1104:1  1104 1105 184320
1104:2  1104 1105 568320
1104:3  1104 1105 9216
1107:0  1107 1108 564480
1110:0  1110 1111 602112
1111:0  1111 1112 227328
1111:1  1111 1112 368640
1111:2  1111 1112 568320
1111:3  1111 1112 142080
1111:4  1111 1112 56832
1111:11  1111 1112 9216
1114:0  1114 1115 564480
1162:0  1162 1163 2257920
1166:0  1166 1167 2257920
1167:0  1167 1168 301056
1167:1  1167 1168 1204224
1167:2  1167 1168 65536
1167:3  1167 1168 112896
1168:0  1168 1169 2257920
1172:0  1172 1173 2257920
1173:0  1173 1174 451584
1173:1  1173 1174 3763200
1173:2  1173 1174 307200
1173:3  1173 1174 931392
1173:4  1173 1174 112896
1173:11  1173 1174 56448
1173:12  1173 1174 112896
1175:0  1175 1176 2257920
1176:0  1176 1177 451584
1176:1  1176 1177 307200
1176:2  1176 1177 3763200
1176:3  1176 1177 9216
1184:0  1184 1185 150528
1184:1  1184 1185 1204224
1184:2  1184 1185 32768
1184:3  1184 1185 112896
1185:0  1185 1186 2257920
1189:0  1189 1190 2257920
1190:0  1190 1191 903168
1190:1  1190 1191 5419008
1190:2  1190 1191 884736
1190:3  1190 1191 1354752
1190:4  1190 1191 225792
1190:11  1190 1191 56448
1192:0  1192 1193 2257920
1193:0  1193 1194 903168
1193:1  1193 1194 884736
1193:2  1193 1194 5419008
1193:3  1193 1194 1354752
1193:4  1193 1194 225792
1193:11  1193 1194 9216
1201:0  1201 1202 602112
1201:1  1201 1202 1204224
1201:2  1201 1202 131072
1201:3  1201 1202 282240
1201:4  1201 1202 150528
1201:11  1201 1202 56448
1201:12  1201 1202 112896
1202:0  1202 1203 2257920
1206:0  1206 1207 2257920
1207:0  1207 1208 602112
1207:1  1207 1208 1204224
1207:2  1207 1208 131072
1207:3  1207 1208 282240
1207:4  1207 1208 150528
1207:11  1207 1208 56448
1207:12  1207 1208 112896
1209:0  1209 1210 2257920
1210:0  1210 1211 301056
1210:1  1210 1211 65536
1210:2  1210 1211 1204224
1210:3  1210 1211 6144
1216:0  1216 1217 1204224
1262:0  1262 1263 150528
1262:1  1262 1263 32768
1262:2  1262 1263 1204224
1262:3  1262 1263 3072
1265:0  1265 1266 1204224
1269:0  1269 1270 602112
1269:1  1269 1270 131072
1269:2  1269 1270 1204224
1269:3  1269 1270 12288
1272:0  1272 1273 1204224
1275:0  1275 1276 2257920
1276:0  1276 1277 602112
1276:1  1276 1277 131072
1276:2  1276 1277 1204224
1276:3  1276 1277 12288
1279:0  1279 1280 1204224
1281:0  1281 1282 1204224
1285:0  1285 1286 1204224
1286:0  1286 1287 150528
1286:1  1286 1287 903168
1286:2  1286 1287 24576
1286:3  1286 1287 112896
1287:0  1287 1288 1204224
1291:0  1291 1292 1204224
1292:0  1292 1293 150528
1292:1  1292 1293 1881600
1292:2  1292 1293 51200
1292:3  1292 1293 112896
1294:0  1294 1295 1204224
1295:0  1295 1296 150528
1295:1  1295 1296 51200
1295:2  1295 1296 1881600
1295:3  1295 1296 3072
1303:0  1303 1304 75264
1303:1  1303 1304 903168
1303:2  1303 1304 12288
1303:3  1303 1304 112896
1304:0  1304 1305 1204224
1308:0  1308 1309 1204224
1309:0  1309 1310 602112
1309:1  1309 1310 4064256
1309:2  1309 1310 442368
1309:3  1309 1310 1016064
1309:4  1309 1310 150528
1309:11  1309 1310 56448
1311:0  1311 1312 1204224
1312:0  1312 1313 602112
1312:1  1312 1313 442368
1312:2  1312 1313 4064256
1312:3  1312 1313 1016064
1312:4  1312 1313 150528
1312:11  1312 1313 6144
1320:0  1320 1321 451584
1320:1  1320 1321 903168
1320:2  1320 1321 73728
1320:3  1320 1321 225792
1320:4  1320 1321 112896
1320:11  1320 1321 56448
1321:0  1321 1322 1204224
1325:0  1325 1326 1204224
1326:0  1326 1327 301056
1326:1  1326 1327 903168
1326:2  1326 1327 49152
1326:3  1326 1327 112896
1328:0  1328 1329 1204224
1329:0  1329 1330 150528
1329:1  1329 1330 24576
1329:2  1329 1330 903168
1329:3  1329 1330 3072
1335:0  1335 1336 903168
1381:0  1381 1382 75264
1381:1  1381 1382 12288
1381:2  1381 1382 903168
1381:3  1381 1382 1536
1384:0  1384 1385 903168
1388:0  1388 1389 451584
1388:1  1388 1389 73728
1388:2  1388 1389 903168
1388:3  1388 1389 9216
1391:0  1391 1392 903168
1394:0  1394 1395 1204224
1395:0  1395 1396 301056
1395:1  1395 1396 49152
1395:2  1395 1396 903168
1395:3  1395 1396 6144
1398:0  1398 1399 903168
1446:0  1446 1447 3612672
1450:0  1450 1451 3612672
1451:0  1451 1452 3612672
1451:1  1451 1452 10838016
1451:2  1451 1452 442368
1451:3  1451 1452 2709504
1451:4  1451 1452 903168
1451:59  1451 1452 677376
1451:60  1451 1452 225792
1451:67  1451 1452 112896
1453:0  1453 1454 3612672
1454:0  1454 1455 3612672
1454:1  1454 1455 442368
1454:2  1454 1455 10838016
1454:3  1454 1455 2709504
1454:4  1454 1455 903168
1454:11  1454 1455 9216
1460:0  1460 1461 4816896
1504:0  1504 1505 19267584
1508:0  1508 1509 19267584
1509:0  1509 1510 19267584
1509:1  1509 1510 44255232
1509:2  1509 1510 37632
1509:3  1509 1510 7225344
0  0 2 64
1  1 4 64
2  2 5 64
3  3 5 64
4  4 7 64
5  5 9 320
6  6 8 128
7  7 9 320
8  8 16 320
9  9 11 64
10  10 12 64
11  11 13 64
12  12 14 64
13  13 15 256
14  14 16 320
15  15 218 320
16  16 18 3612672
17  17 19 4816896
18  18 1510 44255232
19  19 21 37632
20  20 22 19267584
21  21 1491 19267584
22  22 1492 4816896
23  23 1452 10838016
24  24 26 442368
25  25 27 3612672
26  26 1433 3612672
27  27 1434 903168
28  28 1327 903168
29  29 31 49152
30  30 48 301056
31  31 33 73728
32  32 34 451584
33  33 35 451584
34  34 1310 4064256
35  35 37 442368
36  36 48 602112
37  37 39 12288
38  38 40 75264
39  39 41 75264
40  40 1293 1881600
41  41 43 51200
42  42 48 150528
43  43 1367 903168
44  44 1287 903168
45  45 47 24576
46  46 48 150528
47  47 1247 1204224
48  48 1208 1204224
49  49 51 131072
50  50 68 602112
51  51 53 131072
52  52 54 602112
53  53 55 602112
54  54 1191 5419008
55  55 57 884736
56  56 68 903168
57  57 59 32768
58  58 60 150528
59  59 61 150528
60  60 1174 3763200
61  61 63 307200
62  62 68 451584
63  63 1248 1204224
64  64 1168 1204224
65  65 67 65536
66  66 68 301056
67  67 1149 2257920
68  68 1150 564480
69  69 1043 564480
70  70 72 368640
71  71 89 225792
72  72 74 184320
73  73 75 112896
74  74 76 112896
75  75 1026 1016064
76  76 78 718848
77  77 89 244608
78  78 80 30720
79  79 81 18816
80  80 82 18816
81  81 1009 470400
82  82 84 76800
83  83 89 56448
84  84 1083 564480
85  85 1003 564480
86  86 88 122880
87  87 89 75264
88  88 963 602112
89  89 924 602112
90  90 92 327680
91  91 109 188160
92  92 94 229376
93  93 95 131712
94  94 96 131712
95  95 907 1185408
96  96 98 903168
97  97 109 263424
98  98 100 49152
99  99 101 28224
100  100 102 28224
101  101 890 705600
102  102 104 153600
103  103 109 75264
104  104 964 602112
105  105 884 602112
106  106 108 131072
107  107 109 75264
108  108 844 602112
109  109 805 602112
110  110 112 262144
111  111 129 150528
112  112 114 262144
113  113 115 150528
114  114 116 150528
115  115 788 1354752
116  116 118 1179648
117  117 129 301056
118  118 120 49152
119  119 121 28224
120  120 122 28224
121  121 771 705600
122  122 124 153600
123  123 129 75264
124  124 845 602112
125  125 765 602112
126  126 128 131072
127  127 129 75264
128  128 725 602112
129  129 686 602112
130  130 132 229376
131  131 149 131712
132  132 134 294912
133  133 135 169344
134  134 136 169344
135  135 669 1524096
136  136 138 1492992
137  137 149 338688
138  138 140 65536
139  139 141 37632
140  140 142 37632
141  141 652 940800
142  142 144 204800
143  143 149 75264
144  144 726 602112
145  145 646 602112
146  146 148 131072
147  147 149 75264
148  148 606 620928
149  149 567 620928
150  150 152 540672
151  151 169 301056
152  152 154 337920
153  153 155 188160
154  154 156 188160
155  155 550 1693440
156  156 158 1843200
157  157 169 376320
158  158 160 67584
159  159 161 37632
160  160 162 37632
161  161 533 940800
162  162 164 409600
163  163 169 150528
164  164 607 620928
165  165 527 620928
166  166 168 270336
167  167 169 150528
168  168 508 978432
169  169 509 319488
170  170 402 319488
171  171 173 851968
172  172 190 98304
173  173 175 532480
174  174 176 61440
175  175 177 61440
176  176 385 552960
177  177 179 1843200
178  178 190 122880
179  179 181 106496
180  180 182 12288
181  181 183 12288
182  182 368 307200
183  183 185 409600
184  184 190 49152
185  185 442 319488
186  186 362 319488
187  187 189 425984
188  188 190 49152
189  189 322 319488
190  190 283 319488
191  191 193 1277952
192  192 210 147456
193  193 195 638976
194  194 196 73728
195  195 197 73728
196  196 266 663552
197  197 199 2654208
198  198 210 147456
199  199 201 159744
200  200 202 18432
201  201 203 18432
202  202 249 460800
203  203 205 614400
204  204 210 49152
205  205 323 319488
206  206 243 319488
207  207 209 425984
208  208 210 49152
209  209 211 393216
210  210 212 24576
211  211 230 24576
212  212 214 40960
213  213 215 256
214  214 216 320
215  215 219 320
216  216 218 320
217  217 220 320
218  218 226 256
219  219 225 256
220  220 222 256
221  221 223 256
222  222 224 256
223  223 225 256
224  224 226 256
225  225 232 256
226  226 228 256
227  227 1511 64
228  228 230 256
229  229 1512 40960
230  230 233 40960
231  231 233 256
232  232 234 24576
233  233 235 24576
234  234 236 24576
235  235 237 19267584
236  236 351 393216
237  237 239 49152
238  238 240 8192
239  239 241 8192
240  240 1513 512
241  241 243 49152
242  242 1514 425984
243  243 245 49152
244  244 246 8192
245  245 247 8192
246  246 1515 512
247  247 249 49152
248  248 1516 614400
249  249 252 614400
250  250 252 49152
251  251 253 460800
252  252 254 460800
253  253 337 18432
254  254 256 18432
255  255 257 3072
256  256 258 3072
257  257 1517 192
258  258 260 18432
259  259 1518 159744
260  260 262 147456
261  261 263 24576
262  262 264 24576
263  263 1519 1536
264  264 266 147456
265  265 1520 2654208
266  266 269 2654208
267  267 269 147456
268  268 270 663552
269  269 271 663552
270  270 344 73728
271  271 273 73728
272  272 274 12288
273  273 275 12288
274  274 1521 768
275  275 277 73728
276  276 1522 638976
277  277 279 147456
278  278 280 24576
279  279 281 24576
280  280 1523 1536
281  281 283 147456
282  282 1524 1277952
283  283 286 425984
284  284 286 49152
285  285 287 319488
286  286 288 319488
287  287 292 319488
288  288 290 319488
289  289 291 319488
290  290 293 319488
291  291 325 319488
292  292 326 319488
293  293 295 319488
294  294 296 319488
295  295 297 319488
296  296 327 319488
297  297 299 319488
298  298 300 319488
299  299 301 319488
300  300 328 319488
301  301 303 319488
302  302 304 319488
303  303 305 319488
304  304 329 319488
305  305 307 319488
306  306 308 319488
307  307 309 319488
308  308 330 319488
309  309 311 319488
310  310 312 319488
311  311 313 319488
312  312 331 319488
313  313 315 319488
314  314 316 319488
315  315 317 319488
316  316 332 319488
317  317 319 319488
318  318 320 319488
319  319 321 319488
320  320 333 319488
321  321 323 319488
322  322 324 319488
323  323 325 319488
324  324 334 319488
325  325 335 319488
326  326 335 319488
327  327 335 319488
328  328 335 319488
329  329 335 319488
330  330 335 319488
331  331 335 319488
332  332 335 319488
333  333 335 319488
334  334 342 319488
335  335 338 159744
336  336 338 18432
337  337 339 319488
338  338 340 319488
339  339 341 319488
340  340 342 319488
341  341 349 319488
342  342 345 638976
343  343 345 73728
344  344 346 319488
345  345 347 319488
346  346 348 319488
347  347 349 319488
348  348 356 319488
349  349 352 1277952
350  350 352 147456
351  351 353 319488
352  352 354 319488
353  353 355 319488
354  354 356 319488
355  355 470 319488
356  356 358 49152
357  357 359 8192
358  358 360 8192
359  359 1525 512
360  360 362 49152
361  361 1526 425984
362  362 364 49152
363  363 365 8192
364  364 366 8192
365  365 1527 512
366  366 368 49152
367  367 1528 409600
368  368 371 409600
369  369 371 49152
370  370 372 307200
371  371 373 307200
372  372 456 12288
373  373 375 12288
374  374 376 2048
375  375 377 2048
376  376 1529 128
377  377 379 12288
378  378 1530 106496
379  379 381 122880
380  380 382 20480
381  381 383 20480
382  382 1531 1280
383  383 385 122880
384  384 1532 1843200
385  385 388 1843200
386  386 388 122880
387  387 389 552960
388  388 390 552960
389  389 463 61440
390  390 392 61440
391  391 393 10240
392  392 394 10240
393  393 1533 640
394  394 396 61440
395  395 1534 532480
396  396 398 98304
397  397 399 16384
398  398 400 16384
399  399 1535 1024
400  400 402 98304
401  401 1536 851968
402  402 405 425984
403  403 405 49152
404  404 406 319488
405  405 407 319488
406  406 411 319488
407  407 409 319488
408  408 410 319488
409  409 412 319488
410  410 444 319488
411  411 445 319488
412  412 414 319488
413  413 415 319488
414  414 416 319488
415  415 446 319488
416  416 418 319488
417  417 419 319488
418  418 420 319488
419  419 447 319488
420  420 422 319488
421  421 423 319488
422  422 424 319488
423  423 448 319488
424  424 426 319488
425  425 427 319488
426  426 428 319488
427  427 449 319488
428  428 430 319488
429  429 431 319488
430  430 432 319488
431  431 450 319488
432  432 434 319488
433  433 435 319488
434  434 436 319488
435  435 451 319488
436  436 438 319488
437  437 439 319488
438  438 440 319488
439  439 452 319488
440  440 442 319488
441  441 443 319488
442  442 444 319488
443  443 453 319488
444  444 454 319488
445  445 454 319488
446  446 454 319488
447  447 454 319488
448  448 454 319488
449  449 454 319488
450  450 454 319488
451  451 454 319488
452  452 454 319488
453  453 461 319488
454  454 457 106496
455  455 457 12288
456  456 458 319488
457  457 459 319488
458  458 460 319488
459  459 461 319488
460  460 468 319488
461  461 464 532480
462  462 464 61440
463  463 465 319488
464  464 466 319488
465  465 467 319488
466  466 468 319488
467  467 475 319488
468  468 471 851968
469  469 471 98304
470  470 472 319488
471  471 473 319488
472  472 474 319488
473  473 475 319488
474  474 511 319488
475  475 477 319488
476  476 478 319488
477  477 479 319488
478  478 512 319488
479  479 481 319488
480  480 482 319488
481  481 483 319488
482  482 513 319488
483  483 485 319488
484  484 486 319488
485  485 487 319488
486  486 514 319488
487  487 489 319488
488  488 490 319488
489  489 491 319488
490  490 515 319488
491  491 493 319488
492  492 494 319488
493  493 495 319488
494  494 516 319488
495  495 497 319488
496  496 498 319488
497  497 499 319488
498  498 517 319488
499  499 501 319488
500  500 502 319488
501  501 503 319488
502  502 518 319488
503  503 505 319488
504  504 506 319488
505  505 507 319488
506  506 519 319488
507  507 509 319488
508  508 510 319488
509  509 511 319488
510  510 520 319488
511  511 521 978432
512  512 521 978432
513  513 521 978432
514  514 521 978432
515  515 521 978432
516  516 521 978432
517  517 521 978432
518  518 521 978432
519  519 521 978432
520  520 635 978432
521  521 523 150528
522  522 524 25088
523  523 525 25088
524  524 1537 512
525  525 527 150528
526  526 1538 270336
527  527 529 150528
528  528 530 25088
529  529 531 25088
530  530 1539 512
531  531 533 150528
532  532 1540 409600
533  533 536 409600
534  534 536 150528
535  535 537 940800
536  536 538 940800
537  537 621 37632
538  538 540 37632
539  539 541 6272
540  540 542 6272
541  541 1541 128
542  542 544 37632
543  543 1542 67584
544  544 546 376320
545  545 547 62720
546  546 548 62720
547  547 1543 1280
548  548 550 376320
549  549 1544 1843200
550  550 553 1843200
551  551 553 376320
552  552 554 1693440
553  553 555 1693440
554  554 628 188160
555  555 557 188160
556  556 558 31360
557  557 559 31360
558  558 1545 640
559  559 561 188160
560  560 1546 337920
561  561 563 301056
562  562 564 50176
563  563 565 50176
564  564 1547 1024
565  565 567 301056
566  566 1548 540672
567  567 570 270336
568  568 570 150528
569  569 571 620928
570  570 572 620928
571  571 576 620928
572  572 574 620928
573  573 575 620928
574  574 577 620928
575  575 609 620928
576  576 610 620928
577  577 579 620928
578  578 580 620928
579  579 581 620928
580  580 611 620928
581  581 583 620928
582  582 584 620928
583  583 585 620928
584  584 612 620928
585  585 587 620928
586  586 588 620928
587  587 589 620928
588  588 613 620928
589  589 591 620928
590  590 592 620928
591  591 593 620928
592  592 614 620928
593  593 595 620928
594  594 596 620928
595  595 597 620928
596  596 615 620928
597  597 599 620928
598  598 600 620928
599  599 601 620928
600  600 616 620928
601  601 603 620928
602  602 604 620928
603  603 605 620928
604  604 617 620928
605  605 607 620928
606  606 608 620928
607  607 609 620928
608  608 618 620928
609  609 619 620928
610  610 619 620928
611  611 619 620928
612  612 619 620928
613  613 619 620928
614  614 619 620928
615  615 619 620928
616  616 619 620928
617  617 619 620928
618  618 626 620928
619  619 622 67584
620  620 622 37632
621  621 623 620928
622  622 624 620928
623  623 625 620928
624  624 626 620928
625  625 633 620928
626  626 629 337920
627  627 629 188160
628  628 630 620928
629  629 631 620928
630  630 632 620928
631  631 633 620928
632  632 640 620928
633  633 636 540672
634  634 636 301056
635  635 637 620928
636  636 638 620928
637  637 639 620928
638  638 640 620928
639  639 754 620928
640  640 642 75264
641  641 643 12544
642  642 644 12544
643  643 1549 256
644  644 646 75264
645  645 1550 131072
646  646 648 75264
647  647 649 12544
648  648 650 12544
649  649 1551 256
650  650 652 75264
651  651 1552 204800
652  652 655 204800
653  653 655 75264
654  654 656 940800
655  655 657 940800
656  656 740 37632
657  657 659 37632
658  658 660 6272
659  659 661 6272
660  660 1553 128
661  661 663 37632
662  662 1554 65536
663  663 665 338688
664  664 666 56448
665  665 667 56448
666  666 1555 1152
667  667 669 338688
668  668 1556 1492992
669  669 672 1492992
670  670 672 338688
671  671 673 1524096
672  672 674 1524096
673  673 747 169344
674  674 676 169344
675  675 677 28224
676  676 678 28224
677  677 1557 576
678  678 680 169344
679  679 1558 294912
680  680 682 131712
681  681 683 21952
682  682 684 21952
683  683 1559 448
684  684 686 131712
685  685 1560 229376
686  686 689 131072
687  687 689 75264
688  688 690 602112
689  689 691 602112
690  690 695 602112
691  691 693 602112
692  692 694 602112
693  693 696 602112
694  694 728 602112
695  695 729 602112
696  696 698 602112
697  697 699 602112
698  698 700 602112
699  699 730 602112
700  700 702 602112
701  701 703 602112
702  702 704 602112
703  703 731 602112
704  704 706 602112
705  705 707 602112
706  706 708 602112
707  707 732 602112
708  708 710 602112
709  709 711 602112
710  710 712 602112
711  711 733 602112
712  712 714 602112
713  713 715 602112
714  714 716 602112
715  715 734 602112
716  716 718 602112
717  717 719 602112
718  718 720 602112
719  719 735 602112
720  720 722 602112
721  721 723 602112
722  722 724 602112
723  723 736 602112
724  724 726 602112
725  725 727 602112
726  726 728 602112
727  727 737 602112
728  728 738 602112
729  729 738 602112
730  730 738 602112
731  731 738 602112
732  732 738 602112
733  733 738 602112
734  734 738 602112
735  735 738 602112
736  736 738 602112
737  737 745 602112
738  738 741 65536
739  739 741 37632
740  740 742 602112
741  741 743 602112
742  742 744 602112
743  743 745 602112
744  744 752 602112
745  745 748 294912
746  746 748 169344
747  747 749 602112
748  748 750 602112
749  749 751 602112
750  750 752 602112
751  751 759 602112
752  752 755 229376
753  753 755 131712
754  754 756 602112
755  755 757 602112
756  756 758 602112
757  757 759 602112
758  758 873 602112
759  759 761 75264
760  760 762 12544
761  761 763 12544
762  762 1561 256
763  763 765 75264
764  764 1562 131072
765  765 767 75264
766  766 768 12544
767  767 769 12544
768  768 1563 256
769  769 771 75264
770  770 1564 153600
771  771 774 153600
772  772 774 75264
773  773 775 705600
774  774 776 705600
775  775 859 28224
776  776 778 28224
777  777 779 4736
778  778 780 4736
779  779 1565 128
780  780 782 28224
781  781 1566 49152
782  782 784 301056
783  783 785 50176
784  784 786 50176
785  785 1567 1024
786  786 788 301056
787  787 1568 1179648
788  788 791 1179648
789  789 791 301056
790  790 792 1354752
791  791 793 1354752
792  792 866 150528
793  793 795 150528
794  794 796 25088
795  795 797 25088
796  796 1569 512
797  797 799 150528
798  798 1570 262144
799  799 801 150528
800  800 802 25088
801  801 803 25088
802  802 1571 512
803  803 805 150528
804  804 1572 262144
805  805 808 131072
806  806 808 75264
807  807 809 602112
808  808 810 602112
809  809 814 602112
810  810 812 602112
811  811 813 602112
812  812 815 602112
813  813 847 602112
814  814 848 602112
815  815 817 602112
816  816 818 602112
817  817 819 602112
818  818 849 602112
819  819 821 602112
820  820 822 602112
821  821 823 602112
822  822 850 602112
823  823 825 602112
824  824 826 602112
825  825 827 602112
826  826 851 602112
827  827 829 602112
828  828 830 602112
829  829 831 602112
830  830 852 602112
831  831 833 602112
832  832 834 602112
833  833 835 602112
834  834 853 602112
835  835 837 602112
836  836 838 602112
837  837 839 602112
838  838 854 602112
839  839 841 602112
840  840 842 602112
841  841 843 602112
842  842 855 602112
843  843 845 602112
844  844 846 602112
845  845 847 602112
846  846 856 602112
847  847 857 602112
848  848 857 602112
849  849 857 602112
850  850 857 602112
851  851 857 602112
852  852 857 602112
853  853 857 602112
854  854 857 602112
855  855 857 602112
856  856 864 602112
857  857 860 49152
858  858 860 28224
859  859 861 602112
860  860 862 602112
861  861 863 602112
862  862 864 602112
863  863 871 602112
864  864 867 262144
865  865 867 150528
866  866 868 602112
867  867 869 602112
868  868 870 602112
869  869 871 602112
870  870 878 602112
871  871 874 262144
872  872 874 150528
873  873 875 602112
874  874 876 602112
875  875 877 602112
876  876 878 602112
877  877 992 602112
878  878 880 75264
879  879 881 12544
880  880 882 12544
881  881 1573 256
882  882 884 75264
883  883 1574 131072
884  884 886 75264
885  885 887 12544
886  886 888 12544
887  887 1575 256
888  888 890 75264
889  889 1576 153600
890  890 893 153600
891  891 893 75264
892  892 894 705600
893  893 895 705600
894  894 978 28224
895  895 897 28224
896  896 898 4736
897  897 899 4736
898  898 1577 128
899  899 901 28224
900  900 1578 49152
901  901 903 263424
902  902 904 43904
903  903 905 43904
904  904 1579 896
905  905 907 263424
906  906 1580 903168
907  907 910 903168
908  908 910 263424
909  909 911 1185408
910  910 912 1185408
911  911 985 131712
912  912 914 131712
913  913 915 21952
914  914 916 21952
915  915 1581 448
916  916 918 131712
917  917 1582 229376
918  918 920 188160
919  919 921 31360
920  920 922 31360
921  921 1583 640
922  922 924 188160
923  923 1584 327680
924  924 927 131072
925  925 927 75264
926  926 928 602112
927  927 929 602112
928  928 933 602112
929  929 931 602112
930  930 932 602112
931  931 934 602112
932  932 966 602112
933  933 967 602112
934  934 936 602112
935  935 937 602112
936  936 938 602112
937  937 968 602112
938  938 940 602112
939  939 941 602112
940  940 942 602112
941  941 969 602112
942  942 944 602112
943  943 945 602112
944  944 946 602112
945  945 970 602112
946  946 948 602112
947  947 949 602112
948  948 950 602112
949  949 971 602112
950  950 952 602112
951  951 953 602112
952  952 954 602112
953  953 972 602112
954  954 956 602112
955  955 957 602112
956  956 958 602112
957  957 973 602112
958  958 960 602112
959  959 961 602112
960  960 962 602112
961  961 974 602112
962  962 964 602112
963  963 965 602112
964  964 966 602112
965  965 975 602112
966  966 976 602112
967  967 976 602112
968  968 976 602112
969  969 976 602112
970  970 976 602112
971  971 976 602112
972  972 976 602112
973  973 976 602112
974  974 976 602112
975  975 983 602112
976  976 979 49152
977  977 979 28224
978  978 980 602112
979  979 981 602112
980  980 982 602112
981  981 983 602112
982  982 990 602112
983  983 986 229376
984  984 986 131712
985  985 987 602112
986  986 988 602112
987  987 989 602112
988  988 990 602112
989  989 997 602112
990  990 993 327680
991  991 993 188160
992  992 994 602112
993  993 995 602112
994  994 996 602112
995  995 997 602112
996  996 1111 602112
997  997 999 75264
998  998 1000 12544
999  999 1001 12544
1000  1000 1585 256
1001  1001 1003 75264
1002  1002 1586 122880
1003  1003 1005 56448
1004  1004 1006 9408
1005  1005 1007 9408
1006  1006 1587 192
1007  1007 1009 56448
1008  1008 1588 76800
1009  1009 1012 76800
1010  1010 1012 56448
1011  1011 1013 470400
1012  1012 1014 470400
1013  1013 1097 18816
1014  1014 1016 18816
1015  1015 1017 3136
1016  1016 1018 3136
1017  1017 1589 64
1018  1018 1020 18816
1019  1019 1590 30720
1020  1020 1022 244608
1021  1021 1023 40768
1022  1022 1024 40768
1023  1023 1591 832
1024  1024 1026 244608
1025  1025 1592 718848
1026  1026 1029 718848
1027  1027 1029 244608
1028  1028 1030 1016064
1029  1029 1031 1016064
1030  1030 1104 112896
1031  1031 1033 112896
1032  1032 1034 18816
1033  1033 1035 18816
1034  1034 1593 384
1035  1035 1037 112896
1036  1036 1594 184320
1037  1037 1039 225792
1038  1038 1040 37632
1039  1039 1041 37632
1040  1040 1595 768
1041  1041 1043 225792
1042  1042 1596 368640
1043  1043 1046 122880
1044  1044 1046 75264
1045  1045 1047 564480
1046  1046 1048 564480
1047  1047 1052 564480
1048  1048 1050 564480
1049  1049 1051 564480
1050  1050 1053 564480
1051  1051 1085 564480
1052  1052 1086 564480
1053  1053 1055 564480
1054  1054 1056 564480
1055  1055 1057 564480
1056  1056 1087 564480
1057  1057 1059 564480
1058  1058 1060 564480
1059  1059 1061 564480
1060  1060 1088 564480
1061  1061 1063 564480
1062  1062 1064 564480
1063  1063 1065 564480
1064  1064 1089 564480
1065  1065 1067 564480
1066  1066 1068 564480
1067  1067 1069 564480
1068  1068 1090 564480
1069  1069 1071 564480
1070  1070 1072 564480
1071  1071 1073 564480
1072  1072 1091 564480
1073  1073 1075 564480
1074  1074 1076 564480
1075  1075 1077 564480
1076  1076 1092 564480
1077  1077 1079 564480
1078  1078 1080 564480
1079  1079 1081 564480
1080  1080 1093 564480
1081  1081 1083 564480
1082  1082 1084 564480
1083  1083 1085 564480
1084  1084 1094 564480
1085  1085 1095 564480
1086  1086 1095 564480
1087  1087 1095 564480
1088  1088 1095 564480
1089  1089 1095 564480
1090  1090 1095 564480
1091  1091 1095 564480
1092  1092 1095 564480
1093  1093 1095 564480
1094  1094 1102 564480
1095  1095 1098 30720
1096  1096 1098 18816
1097  1097 1099 564480
1098  1098 1100 564480
1099  1099 1101 564480
1100  1100 1102 564480
1101  1101 1109 564480
1102  1102 1105 184320
1103  1103 1105 112896
1104  1104 1106 564480
1105  1105 1107 564480
1106  1106 1108 564480
1107  1107 1109 564480
1108  1108 1116 564480
1109  1109 1112 368640
1110  1110 1112 225792
1111  1111 1113 564480
1112  1112 1114 564480
1113  1113 1115 564480
1114  1114 1116 564480
1115  1115 1152 564480
1116  1116 1118 564480
1117  1117 1119 564480
1118  1118 1120 564480
1119  1119 1153 564480
1120  1120 1122 564480
1121  1121 1123 564480
1122  1122 1124 564480
1123  1123 1154 564480
1124  1124 1126 564480
1125  1125 1127 564480
1126  1126 1128 564480
1127  1127 1155 564480
1128  1128 1130 564480
1129  1129 1131 564480
1130  1130 1132 564480
1131  1131 1156 564480
1132  1132 1134 564480
1133  1133 1135 564480
1134  1134 1136 564480
1135  1135 1157 564480
1136  1136 1138 564480
1137  1137 1139 564480
1138  1138 1140 564480
1139  1139 1158 564480
1140  1140 1142 564480
1141  1141 1143 564480
1142  1142 1144 564480
1143  1143 1159 564480
1144  1144 1146 564480
1145  1145 1147 564480
1146  1146 1148 564480
1147  1147 1160 564480
1148  1148 1150 564480
1149  1149 1151 564480
1150  1150 1152 564480
1151  1151 1161 564480
1152  1152 1162 2257920
1153  1153 1162 2257920
1154  1154 1162 2257920
1155  1155 1162 2257920
1156  1156 1162 2257920
1157  1157 1162 2257920
1158  1158 1162 2257920
1159  1159 1162 2257920
1160  1160 1162 2257920
1161  1161 1276 2257920
1162  1162 1164 301056
1163  1163 1165 50176
1164  1164 1166 50176
1165  1165 1597 256
1166  1166 1168 301056
1167  1167 1598 65536
1168  1168 1170 451584
1169  1169 1171 75264
1170  1170 1172 75264
1171  1171 1599 384
1172  1172 1174 451584
1173  1173 1600 307200
1174  1174 1177 307200
1175  1175 1177 451584
1176  1176 1178 3763200
1177  1177 1179 3763200
1178  1178 1262 150528
1179  1179 1181 150528
1180  1180 1182 25088
1181  1181 1183 25088
1182  1182 1601 128
1183  1183 1185 150528
1184  1184 1602 32768
1185  1185 1187 903168
1186  1186 1188 150528
1187  1187 1189 150528
1188  1188 1603 768
1189  1189 1191 903168
1190  1190 1604 884736
1191  1191 1194 884736
1192  1192 1194 903168
1193  1193 1195 5419008
1194  1194 1196 5419008
1195  1195 1269 602112
1196  1196 1198 602112
1197  1197 1199 100352
1198  1198 1200 100352
1199  1199 1605 512
1200  1200 1202 602112
1201  1201 1606 131072
1202  1202 1204 602112
1203  1203 1205 100352
1204  1204 1206 100352
1205  1205 1607 512
1206  1206 1208 602112
1207  1207 1608 131072
1208  1208 1211 65536
1209  1209 1211 301056
1210  1210 1212 1204224
1211  1211 1213 1204224
1212  1212 1217 1204224
1213  1213 1215 1204224
1214  1214 1216 1204224
1215  1215 1218 1204224
1216  1216 1250 1204224
1217  1217 1251 1204224
1218  1218 1220 1204224
1219  1219 1221 1204224
1220  1220 1222 1204224
1221  1221 1252 1204224
1222  1222 1224 1204224
1223  1223 1225 1204224
1224  1224 1226 1204224
1225  1225 1253 1204224
1226  1226 1228 1204224
1227  1227 1229 1204224
1228  1228 1230 1204224
1229  1229 1254 1204224
1230  1230 1232 1204224
1231  1231 1233 1204224
1232  1232 1234 1204224
1233  1233 1255 1204224
1234  1234 1236 1204224
1235  1235 1237 1204224
1236  1236 1238 1204224
1237  1237 1256 1204224
1238  1238 1240 1204224
1239  1239 1241 1204224
1240  1240 1242 1204224
1241  1241 1257 1204224
1242  1242 1244 1204224
1243  1243 1245 1204224
1244  1244 1246 1204224
1245  1245 1258 1204224
1246  1246 1248 1204224
1247  1247 1249 1204224
1248  1248 1250 1204224
1249  1249 1259 1204224
1250  1250 1260 1204224
1251  1251 1260 1204224
1252  1252 1260 1204224
1253  1253 1260 1204224
1254  1254 1260 1204224
1255  1255 1260 1204224
1256  1256 1260 1204224
1257  1257 1260 1204224
1258  1258 1260 1204224
1259  1259 1267 1204224
1260  1260 1263 32768
1261  1261 1263 150528
1262  1262 1264 1204224
1263  1263 1265 1204224
1264  1264 1266 1204224
1265  1265 1267 1204224
1266  1266 1274 1204224
1267  1267 1270 131072
1268  1268 1270 602112
1269  1269 1271 1204224
1270  1270 1272 1204224
1271  1271 1273 1204224
1272  1272 1274 1204224
1273  1273 1281 1204224
1274  1274 1277 131072
1275  1275 1277 602112
1276  1276 1278 1204224
1277  1277 1279 1204224
1278  1278 1280 1204224
1279  1279 1281 1204224
1280  1280 1395 1204224
1281  1281 1283 150528
1282  1282 1284 25088
1283  1283 1285 25088
1284  1284 1609 128
1285  1285 1287 150528
1286  1286 1610 24576
1287  1287 1289 150528
1288  1288 1290 25088
1289  1289 1291 25088
1290  1290 1611 128
1291  1291 1293 150528
1292  1292 1612 51200
1293  1293 1296 51200
1294  1294 1296 150528
1295  1295 1297 1881600
1296  1296 1298 1881600
1297  1297 1381 75264
1298  1298 1300 75264
1299  1299 1301 12544
1300  1300 1302 12544
1301  1301 1613 64
1302  1302 1304 75264
1303  1303 1614 12288
1304  1304 1306 602112
1305  1305 1307 100352
1306  1306 1308 100352
1307  1307 1615 512
1308  1308 1310 602112
1309  1309 1616 442368
1310  1310 1313 442368
1311  1311 1313 602112
1312  1312 1314 4064256
1313  1313 1315 4064256
1314  1314 1388 451584
1315  1315 1317 451584
1316  1316 1318 75264
1317  1317 1319 75264
1318  1318 1617 384
1319  1319 1321 451584
1320  1320 1618 73728
1321  1321 1323 301056
1322  1322 1324 50176
1323  1323 1325 50176
1324  1324 1619 256
1325  1325 1327 301056
1326  1326 1620 49152
1327  1327 1330 24576
1328  1328 1330 150528
1329  1329 1331 903168
1330  1330 1332 903168
1331  1331 1336 903168
1332  1332 1334 903168
1333  1333 1335 903168
1334  1334 1337 903168
1335  1335 1369 903168
1336  1336 1370 903168
1337  1337 1339 903168
1338  1338 1340 903168
1339  1339 1341 903168
1340  1340 1371 903168
1341  1341 1343 903168
1342  1342 1344 903168
1343  1343 1345 903168
1344  1344 1372 903168
1345  1345 1347 903168
1346  1346 1348 903168
1347  1347 1349 903168
1348  1348 1373 903168
1349  1349 1351 903168
1350  1350 1352 903168
1351  1351 1353 903168
1352  1352 1374 903168
1353  1353 1355 903168
1354  1354 1356 903168
1355  1355 1357 903168
1356  1356 1375 903168
1357  1357 1359 903168
1358  1358 1360 903168
1359  1359 1361 903168
1360  1360 1376 903168
1361  1361 1363 903168
1362  1362 1364 903168
1363  1363 1365 903168
1364  1364 1377 903168
1365  1365 1367 903168
1366  1366 1368 903168
1367  1367 1369 903168
1368  1368 1378 903168
1369  1369 1379 903168
1370  1370 1379 903168
1371  1371 1379 903168
1372  1372 1379 903168
1373  1373 1379 903168
1374  1374 1379 903168
1375  1375 1379 903168
1376  1376 1379 903168
1377  1377 1379 903168
1378  1378 1386 903168
1379  1379 1382 12288
1380  1380 1382 75264
1381  1381 1383 903168
1382  1382 1384 903168
1383  1383 1385 903168
1384  1384 1386 903168
1385  1385 1393 903168
1386  1386 1389 73728
1387  1387 1389 451584
1388  1388 1390 903168
1389  1389 1391 903168
1390  1390 1392 903168
1391  1391 1393 903168
1392  1392 1400 903168
1393  1393 1396 49152
1394  1394 1396 301056
1395  1395 1397 903168
1396  1396 1398 903168
1397  1397 1399 903168
1398  1398 1400 903168
1399  1399 1436 903168
1400  1400 1402 903168
1401  1401 1403 903168
1402  1402 1404 903168
1403  1403 1437 903168
1404  1404 1406 903168
1405  1405 1407 903168
1406  1406 1408 903168
1407  1407 1438 903168
1408  1408 1410 903168
1409  1409 1411 903168
1410  1410 1412 903168
1411  1411 1439 903168
1412  1412 1414 903168
1413  1413 1415 903168
1414  1414 1416 903168
1415  1415 1440 903168
1416  1416 1418 903168
1417  1417 1419 903168
1418  1418 1420 903168
1419  1419 1441 903168
1420  1420 1422 903168
1421  1421 1423 903168
1422  1422 1424 903168
1423  1423 1442 903168
1424  1424 1426 903168
1425  1425 1427 903168
1426  1426 1428 903168
1427  1427 1443 903168
1428  1428 1430 903168
1429  1429 1431 903168
1430  1430 1432 903168
1431  1431 1444 903168
1432  1432 1434 903168
1433  1433 1435 903168
1434  1434 1436 903168
1435  1435 1445 903168
1436  1436 1446 3612672
1437  1437 1446 3612672
1438  1438 1446 3612672
1439  1439 1446 3612672
1440  1440 1446 3612672
1441  1441 1446 3612672
1442  1442 1446 3612672
1443  1443 1446 3612672
1444  1444 1446 3612672
1445  1445 1454 3612672
1446  1446 1448 3612672
1447  1447 1449 602112
1448  1448 1450 602112
1449  1449 1621 768
1450  1450 1452 3612672
1451  1451 1622 442368
1452  1452 1455 442368
1453  1453 1455 3612672
1454  1454 1456 10838016
1455  1455 1457 43352064
1456  1456 1461 4816896
1457  1457 1459 4816896
1458  1458 1460 4816896
1459  1459 1462 4816896
1460  1460 1494 4816896
1461  1461 1495 4816896
1462  1462 1464 4816896
1463  1463 1465 4816896
1464  1464 1466 4816896
1465  1465 1496 4816896
1466  1466 1468 4816896
1467  1467 1469 4816896
1468  1468 1470 4816896
1469  1469 1497 4816896
1470  1470 1472 4816896
1471  1471 1473 4816896
1472  1472 1474 4816896
1473  1473 1498 4816896
1474  1474 1476 4816896
1475  1475 1477 4816896
1476  1476 1478 4816896
1477  1477 1499 4816896
1478  1478 1480 4816896
1479  1479 1481 4816896
1480  1480 1482 4816896
1481  1481 1500 4816896
1482  1482 1484 4816896
1483  1483 1485 4816896
1484  1484 1486 4816896
1485  1485 1501 4816896
1486  1486 1488 4816896
1487  1487 1489 4816896
1488  1488 1490 4816896
1489  1489 1502 4816896
1490  1490 1492 4816896
1491  1491 1493 4816896
1492  1492 1494 4816896
1493  1493 1503 4816896
1494  1494 1504 19267584
1495  1495 1504 19267584
1496  1496 1504 19267584
1497  1497 1504 19267584
1498  1498 1504 19267584
1499  1499 1504 19267584
1500  1500 1504 19267584
1501  1501 1504 19267584
1502  1502 1504 19267584
1503  1503 1509 19267584
1504  1504 1506 19267584
1505  1505 1507 3211264
1506  1506 1508 3211264
1507  1507 1623 256
1508  1508 1510 19267584
1509  1509 1624 37632
1510  1510 1624 64
1511  1511 1624 40960
1512  1512 1624 512
1513  1513 1624 425984
1514  1514 1624 512
1515  1515 1624 614400
1516  1516 1624 192
1517  1517 1624 159744
1518  1518 1624 1536
1519  1519 1624 2654208
1520  1520 1624 768
1521  1521 1624 638976
1522  1522 1624 1536
1523  1523 1624 1277952
1524  1524 1624 512
1525  1525 1624 425984
1526  1526 1624 512
1527  1527 1624 409600
1528  1528 1624 128
1529  1529 1624 106496
1530  1530 1624 1280
1531  1531 1624 1843200
1532  1532 1624 640
1533  1533 1624 532480
1534  1534 1624 1024
1535  1535 1624 851968
1536  1536 1624 512
1537  1537 1624 270336
1538  1538 1624 512
1539  1539 1624 409600
1540  1540 1624 128
1541  1541 1624 67584
1542  1542 1624 1280
1543  1543 1624 1843200
1544  1544 1624 640
1545  1545 1624 337920
1546  1546 1624 1024
1547  1547 1624 540672
1548  1548 1624 256
1549  1549 1624 131072
1550  1550 1624 256
1551  1551 1624 204800
1552  1552 1624 128
1553  1553 1624 65536
1554  1554 1624 1152
1555  1555 1624 1492992
1556  1556 1624 576
1557  1557 1624 294912
1558  1558 1624 448
1559  1559 1624 229376
1560  1560 1624 256
1561  1561 1624 131072
1562  1562 1624 256
1563  1563 1624 153600
1564  1564 1624 128
1565  1565 1624 49152
1566  1566 1624 1024
1567  1567 1624 1179648
1568  1568 1624 512
1569  1569 1624 262144
1570  1570 1624 512
1571  1571 1624 262144
1572  1572 1624 256
1573  1573 1624 131072
1574  1574 1624 256
1575  1575 1624 153600
1576  1576 1624 128
1577  1577 1624 49152
1578  1578 1624 896
1579  1579 1624 903168
1580  1580 1624 448
1581  1581 1624 229376
1582  1582 1624 640
1583  1583 1624 327680
1584  1584 1624 256
1585  1585 1624 122880
1586  1586 1624 192
1587  1587 1624 76800
1588  1588 1624 64
1589  1589 1624 30720
1590  1590 1624 832
1591  1591 1624 718848
1592  1592 1624 384
1593  1593 1624 184320
1594  1594 1624 768
1595  1595 1624 368640
1596  1596 1624 256
1597  1597 1624 65536
1598  1598 1624 384
1599  1599 1624 307200
1600  1600 1624 128
1601  1601 1624 32768
1602  1602 1624 768
1603  1603 1624 884736
1604  1604 1624 512
1605  1605 1624 131072
1606  1606 1624 512
1607  1607 1624 131072
1608  1608 1624 128
1609  1609 1624 24576
1610  1610 1624 128
1611  1611 1624 51200
1612  1612 1624 64
1613  1613 1624 12288
1614  1614 1624 512
1615  1615 1624 442368
1616  1616 1624 384
1617  1617 1624 73728
1618  1618 1624 256
1619  1619 1624 49152
1620  1620 1624 768
1621  1621 1624 442368
1622  1622 1624 256
1623  1623 1624 37632
