7:0  7 8 192
7:1  7 8 64
18:0  18 19 2408448
20:0  20 21 37632
20:1  20 21 29704192
20:2  20 21 12845056
20:3  20 21 14144
21:0  21 22 12845056
23:0  23 24 3211264
25:0  25 26 442368
25:1  25 26 7225344
25:2  25 26 2408448
25:3  25 26 1797120
25:4  25 26 110592
25:59  25 26 449280
25:60  25 26 27648
25:67  25 26 13824
25:68  25 26 55296
26:0  26 27 2408448
28:0  28 29 602112
30:0  30 31 49152
30:1  30 31 602112
30:2  30 31 200704
30:3  30 31 18432
32:0  32 33 73728
32:1  32 33 602112
32:2  32 33 301056
32:3  32 33 18432
33:0  33 34 301056
34:0  34 35 301056
36:0  36 37 442368
36:1  36 37 2709504
36:2  36 37 401408
36:3  36 37 663552
36:4  36 37 110592
36:11  36 37 41472
36:12  36 37 82944
38:0  38 39 12288
38:1  38 39 602112
38:2  38 39 50176
38:3  38 39 18432
39:0  39 40 50176
40:0  40 41 50176
42:0  42 43 51200
42:1  42 43 1254400
42:2  42 43 100352
42:3  42 43 38400
44:0  44 45 602112
46:0  46 47 24576
46:1  46 47 602112
46:2  46 47 100352
46:3  46 47 18432
47:0  47 48 802816
48:0  48 49 802816
50:0  50 51 131072
50:1  50 51 802816
50:2  50 51 401408
50:3  50 51 196608
50:4  50 51 32768
50:11  50 51 12288
50:12  50 51 24576
52:0  52 53 131072
52:1  52 53 802816
52:2  52 53 401408
52:3  52 53 196608
52:4  52 53 32768
52:11  52 53 12288
52:12  52 53 24576
53:0  53 54 401408
54:0  54 55 401408
56:0  56 57 884736
56:1  56 57 3612672
56:2  56 57 602112
56:3  56 57 884736
56:4  56 57 221184
56:59  56 57 221184
56:60  56 57 55296
56:67  56 57 27648
56:68  56 57 110592
58:0  58 59 32768
58:1  58 59 802816
58:2  58 59 100352
58:3  58 59 24576
59:0  59 60 100352
60:0  60 61 100352
62:0  62 63 307200
62:1  62 63 2508800
62:2  62 63 301056
62:3  62 63 614400
62:4  62 63 76800
62:11  62 63 38400
62:12  62 63 76800
64:0  64 65 802816
66:0  66 67 65536
66:1  66 67 802816
66:2  66 67 200704
66:3  66 67 24576
67:0  67 68 1505280
69:0  69 70 376320
71:0  71 72 368640
71:1  71 72 376320
71:2  71 72 150528
71:3  71 72 92160
71:4  71 72 92160
71:11  71 72 23040
71:12  71 72 46080
73:0  73 74 184320
73:1  73 74 376320
73:2  73 74 75264
73:3  73 74 46080
74:0  74 75 75264
75:0  75 76 75264
77:0  77 78 718848
77:1  77 78 677376
77:2  77 78 163072
77:3  77 78 165888
77:4  77 78 179712
77:11  77 78 41472
77:12  77 78 82944
79:0  79 80 30720
79:1  79 80 376320
79:2  79 80 12544
79:3  79 80 46080
80:0  80 81 12544
81:0  81 82 12544
83:0  83 84 76800
83:1  83 84 313600
83:2  83 84 37632
83:3  83 84 38400
85:0  85 86 376320
87:0  87 88 122880
87:1  87 88 376320
87:2  87 88 50176
87:3  87 88 46080
88:0  88 89 401408
89:0  89 90 401408
91:0  91 92 327680
91:1  91 92 401408
91:2  91 92 125440
91:3  91 92 98304
91:4  91 92 81920
91:11  91 92 24576
91:12  91 92 49152
93:0  93 94 229376
93:1  93 94 401408
93:2  93 94 87808
93:3  93 94 49152
94:0  94 95 87808
95:0  95 96 87808
97:0  97 98 903168
97:1  97 98 790272
97:2  97 98 175616
97:3  97 98 193536
97:4  97 98 225792
97:11  97 98 48384
97:12  97 98 96768
99:0  99 100 49152
99:1  99 100 401408
99:2  99 100 18816
99:3  99 100 49152
100:0  100 101 18816
101:0  101 102 18816
103:0  103 104 153600
103:1  103 104 470400
103:2  103 104 50176
103:3  103 104 57600
105:0  105 106 401408
107:0  107 108 131072
107:1  107 108 401408
107:2  107 108 50176
107:3  107 108 49152
108:0  108 109 401408
109:0  109 110 401408
111:0  111 112 262144
111:1  111 112 401408
111:2  111 112 100352
111:3  111 112 98304
111:4  111 112 65536
111:11  111 112 24576
111:12  111 112 49152
113:0  113 114 262144
113:1  113 114 401408
113:2  113 114 100352
113:3  113 114 98304
113:4  113 114 65536
113:11  113 114 24576
113:12  113 114 49152
114:0  114 115 100352
115:0  115 116 100352
117:0  117 118 1179648
117:1  117 118 903168
117:2  117 118 200704
117:3  117 118 221184
117:4  117 118 294912
117:11  117 118 55296
117:12  117 118 110592
119:0  119 120 49152
119:1  119 120 401408
119:2  119 120 18816
119:3  119 120 49152
120:0  120 121 18816
121:0  121 122 18816
123:0  123 124 153600
123:1  123 124 470400
123:2  123 124 50176
123:3  123 124 57600
125:0  125 126 401408
127:0  127 128 131072
127:1  127 128 401408
127:2  127 128 50176
127:3  127 128 49152
128:0  128 129 401408
129:0  129 130 401408
131:0  131 132 229376
131:1  131 132 401408
131:2  131 132 87808
131:3  131 132 49152
133:0  133 134 294912
133:1  133 134 401408
133:2  133 134 112896
133:3  133 134 98304
133:4  133 134 73728
133:11  133 134 24576
133:12  133 134 49152
134:0  134 135 112896
135:0  135 136 112896
137:0  137 138 1492992
137:1  137 138 1016064
137:2  137 138 225792
137:3  137 138 248832
137:4  137 138 373248
137:11  137 138 62208
137:12  137 138 124416
139:0  139 140 65536
139:1  139 140 401408
139:2  139 140 25088
139:3  139 140 49152
140:0  140 141 25088
141:0  141 142 25088
143:0  143 144 204800
143:1  143 144 627200
143:2  143 144 50176
143:3  143 144 76800
145:0  145 146 401408
147:0  147 148 131072
147:1  147 148 401408
147:2  147 148 50176
147:3  147 148 49152
148:0  148 149 413952
149:0  149 150 413952
151:0  151 152 540672
151:1  151 152 413952
151:2  151 152 200704
151:3  151 152 101376
151:4  151 152 135168
151:11  151 152 25344
151:12  151 152 50688
153:0  153 154 337920
153:1  153 154 413952
153:2  153 154 125440
153:3  153 154 101376
153:4  153 154 84480
153:11  153 154 25344
153:12  153 154 50688
154:0  154 155 125440
155:0  155 156 125440
157:0  157 158 1843200
157:1  157 158 1128960
157:2  157 158 250880
157:3  157 158 276480
157:4  157 158 460800
157:11  157 158 69120
157:12  157 158 138240
159:0  159 160 67584
159:1  159 160 413952
159:2  159 160 25088
159:3  159 160 50688
160:0  160 161 25088
161:0  161 162 25088
163:0  163 164 409600
163:1  163 164 627200
163:2  163 164 100352
163:3  163 164 153600
163:4  163 164 102400
163:11  163 164 38400
163:12  163 164 76800
165:0  165 166 413952
167:0  167 168 270336
167:1  167 168 413952
167:2  167 168 100352
167:3  167 168 101376
167:4  167 168 67584
167:11  167 168 25344
167:12  167 168 50688
168:0  168 169 652288
170:0  170 171 212992
172:0  172 173 851968
172:1  172 173 212992
172:2  172 173 65536
172:3  172 173 79872
174:0  174 175 532480
174:1  174 175 212992
174:2  174 175 40960
174:3  174 175 79872
175:0  175 176 40960
176:0  176 177 40960
178:0  178 179 1843200
178:1  178 179 368640
178:2  178 179 81920
178:3  178 179 138240
180:0  180 181 106496
180:1  180 181 212992
180:2  180 181 8192
180:3  180 181 79872
181:0  181 182 8192
182:0  182 183 8192
184:0  184 185 409600
184:1  184 185 204800
184:2  184 185 32768
184:3  184 185 76800
186:0  186 187 212992
188:0  188 189 425984
188:1  188 189 212992
188:2  188 189 32768
188:3  188 189 79872
189:0  189 190 212992
190:0  190 191 212992
192:0  192 193 1277952
192:1  192 193 212992
192:2  192 193 98304
192:3  192 193 79872
194:0  194 195 638976
194:1  194 195 212992
194:2  194 195 49152
194:3  194 195 79872
195:0  195 196 49152
196:0  196 197 49152
198:0  198 199 2654208
198:1  198 199 442368
198:2  198 199 98304
198:3  198 199 165888
200:0  200 201 159744
200:1  200 201 212992
200:2  200 201 12288
200:3  200 201 79872
201:0  201 202 12288
202:0  202 203 12288
204:0  204 205 614400
204:1  204 205 307200
204:2  204 205 32768
204:3  204 205 115200
206:0  206 207 212992
208:0  208 209 425984
208:1  208 209 212992
208:2  208 209 32768
208:3  208 209 79872
209:0  209 210 262144
211:0  211 212 16384
213:0  213 214 49152
213:1  213 214 16384
213:2  213 214 192
213:3  213 1624 64
213:4  213 214 98304
215:0  215 216 192
229:0  229 230 192
229:1  229 230 16384
229:2  229 230 49152
229:3  229 230 384
232:0  232 233 192
232:1  232 233 49152
232:2  232 233 16384
232:3  232 233 960
242:0  242 243 32768
242:1  242 243 212992
242:2  242 243 425984
242:3  242 243 6144
248:0  248 249 32768
248:1  248 249 307200
248:2  248 249 614400
248:3  248 249 6144
251:0  251 252 32768
251:1  251 252 614400
251:2  251 252 307200
251:3  251 252 12288
259:0  259 260 12288
259:1  259 260 212992
259:2  259 260 159744
259:3  259 260 6144
265:0  265 266 98304
265:1  265 266 442368
265:2  265 266 2654208
265:3  265 266 6144
268:0  268 269 98304
268:1  268 269 2654208
268:2  268 269 442368
268:3  268 269 36864
276:0  276 277 49152
276:1  276 277 212992
276:2  276 277 638976
276:3  276 277 6144
282:0  282 283 98304
282:1  282 283 212992
282:2  282 283 1277952
282:3  282 283 6144
285:0  285 286 32768
285:1  285 286 425984
285:2  285 286 212992
285:3  285 286 12288
291:0  291 292 212992
337:0  337 338 12288
337:1  337 338 159744
337:2  337 338 212992
337:3  337 338 4608
340:0  340 341 212992
344:0  344 345 49152
344:1  344 345 638976
344:2  344 345 212992
344:3  344 345 18432
347:0  347 348 212992
351:0  351 352 98304
351:1  351 352 1277952
351:2  351 352 212992
351:3  351 352 36864
354:0  354 355 212992
356:0  356 357 212992
360:0  360 361 212992
361:0  361 362 32768
361:1  361 362 212992
361:2  361 362 425984
361:3  361 362 6144
362:0  362 363 212992
366:0  366 367 212992
367:0  367 368 32768
367:1  367 368 204800
367:2  367 368 409600
367:3  367 368 6144
369:0  369 370 212992
370:0  370 371 32768
370:1  370 371 409600
370:2  370 371 204800
370:3  370 371 12288
378:0  378 379 8192
378:1  378 379 212992
378:2  378 379 106496
378:3  378 379 6144
379:0  379 380 212992
383:0  383 384 212992
384:0  384 385 81920
384:1  384 385 368640
384:2  384 385 1843200
384:3  384 385 6144
386:0  386 387 212992
387:0  387 388 81920
387:1  387 388 1843200
387:2  387 388 368640
387:3  387 388 30720
395:0  395 396 40960
395:1  395 396 212992
395:2  395 396 532480
395:3  395 396 6144
396:0  396 397 212992
400:0  400 401 212992
401:0  401 402 65536
401:1  401 402 212992
401:2  401 402 851968
401:3  401 402 6144
403:0  403 404 212992
404:0  404 405 32768
404:1  404 405 425984
404:2  404 405 212992
404:3  404 405 12288
410:0  410 411 212992
456:0  456 457 8192
456:1  456 457 106496
456:2  456 457 212992
456:3  456 457 3072
459:0  459 460 212992
463:0  463 464 40960
463:1  463 464 532480
463:2  463 464 212992
463:3  463 464 15360
466:0  466 467 212992
469:0  469 470 212992
470:0  470 471 65536
470:1  470 471 851968
470:2  470 471 212992
470:3  470 471 24576
473:0  473 474 212992
521:0  521 522 652288
525:0  525 526 652288
526:0  526 527 100352
526:1  526 527 413952
526:2  526 527 270336
526:3  526 527 18816
527:0  527 528 652288
531:0  531 532 652288
532:0  532 533 100352
532:1  532 533 627200
532:2  532 533 409600
532:3  532 533 18816
534:0  534 535 652288
535:0  535 536 100352
535:1  535 536 409600
535:2  535 536 627200
535:3  535 536 12288
543:0  543 544 25088
543:1  543 544 413952
543:2  543 544 67584
543:3  543 544 18816
544:0  544 545 652288
548:0  548 549 652288
549:0  549 550 250880
549:1  549 550 1128960
549:2  549 550 1843200
549:3  549 550 18816
551:0  551 552 652288
552:0  552 553 250880
552:1  552 553 1843200
552:2  552 553 1128960
552:3  552 553 460800
552:4  552 553 61440
552:11  552 553 15360
552:12  552 553 30720
560:0  560 561 125440
560:1  560 561 413952
560:2  560 561 337920
560:3  560 561 18816
561:0  561 562 652288
565:0  565 566 652288
566:0  566 567 200704
566:1  566 567 413952
566:2  566 567 540672
566:3  566 567 18816
568:0  568 569 652288
569:0  569 570 100352
569:1  569 570 270336
569:2  569 570 413952
569:3  569 570 12288
575:0  575 576 413952
621:0  621 622 25088
621:1  621 622 67584
621:2  621 622 413952
621:3  621 622 3072
624:0  624 625 413952
628:0  628 629 125440
628:1  628 629 337920
628:2  628 629 413952
628:3  628 629 15360
631:0  631 632 413952
634:0  634 635 652288
635:0  635 636 200704
635:1  635 636 540672
635:2  635 636 413952
635:3  635 636 135168
635:4  635 636 49152
635:11  635 636 12288
635:12  635 636 24576
638:0  638 639 413952
640:0  640 641 413952
644:0  644 645 413952
645:0  645 646 50176
645:1  645 646 401408
645:2  645 646 131072
645:3  645 646 18816
646:0  646 647 413952
650:0  650 651 413952
651:0  651 652 50176
651:1  651 652 627200
651:2  651 652 204800
651:3  651 652 18816
653:0  653 654 413952
654:0  654 655 50176
654:1  654 655 204800
654:2  654 655 627200
654:3  654 655 6144
662:0  662 663 25088
662:1  662 663 401408
662:2  662 663 65536
662:3  662 663 18816
663:0  663 664 413952
667:0  667 668 413952
668:0  668 669 225792
668:1  668 669 1016064
668:2  668 669 1492992
668:3  668 669 18816
670:0  670 671 413952
671:0  671 672 225792
671:1  671 672 1492992
671:2  671 672 1016064
671:3  671 672 373248
671:4  671 672 55296
671:11  671 672 13824
671:12  671 672 27648
679:0  679 680 112896
679:1  679 680 401408
679:2  679 680 294912
679:3  679 680 18816
680:0  680 681 413952
684:0  684 685 413952
685:0  685 686 87808
685:1  685 686 401408
685:2  685 686 229376
685:3  685 686 18816
687:0  687 688 413952
688:0  688 689 50176
688:1  688 689 131072
688:2  688 689 401408
688:3  688 689 6144
694:0  694 695 401408
740:0  740 741 25088
740:1  740 741 65536
740:2  740 741 401408
740:3  740 741 3072
743:0  743 744 401408
747:0  747 748 112896
747:1  747 748 294912
747:2  747 748 401408
747:3  747 748 13824
750:0  750 751 401408
753:0  753 754 413952
754:0  754 755 87808
754:1  754 755 229376
754:2  754 755 401408
754:3  754 755 10752
757:0  757 758 401408
759:0  759 760 401408
763:0  763 764 401408
764:0  764 765 50176
764:1  764 765 401408
764:2  764 765 131072
764:3  764 765 18816
765:0  765 766 401408
769:0  769 770 401408
770:0  770 771 50176
770:1  770 771 470400
770:2  770 771 153600
770:3  770 771 18816
772:0  772 773 401408
773:0  773 774 50176
773:1  773 774 153600
773:2  773 774 470400
773:3  773 774 6144
781:0  781 782 18816
781:1  781 782 401408
781:2  781 782 49152
781:3  781 782 18816
782:0  782 783 401408
786:0  786 787 401408
787:0  787 788 200704
787:1  787 788 903168
787:2  787 788 1179648
787:3  787 788 18816
789:0  789 790 401408
790:0  790 791 200704
790:1  790 791 1179648
790:2  790 791 903168
790:3  790 791 294912
790:4  790 791 49152
790:11  790 791 12288
790:12  790 791 24576
798:0  798 799 100352
798:1  798 799 401408
798:2  798 799 262144
798:3  798 799 18816
799:0  799 800 401408
803:0  803 804 401408
804:0  804 805 100352
804:1  804 805 401408
804:2  804 805 262144
804:3  804 805 18816
806:0  806 807 401408
807:0  807 808 50176
807:1  807 808 131072
807:2  807 808 401408
807:3  807 808 6144
813:0  813 814 401408
859:0  859 860 18816
859:1  859 860 49152
859:2  859 860 401408
859:3  859 860 2304
862:0  862 863 401408
866:0  866 867 100352
866:1  866 867 262144
866:2  866 867 401408
866:3  866 867 12288
869:0  869 870 401408
872:0  872 873 401408
873:0  873 874 100352
873:1  873 874 262144
873:2  873 874 401408
873:3  873 874 12288
876:0  876 877 401408
878:0  878 879 401408
882:0  882 883 401408
883:0  883 884 50176
883:1  883 884 401408
883:2  883 884 131072
883:3  883 884 18816
884:0  884 885 401408
888:0  888 889 401408
889:0  889 890 50176
889:1  889 890 470400
889:2  889 890 153600
889:3  889 890 18816
891:0  891 892 401408
892:0  892 893 50176
892:1  892 893 153600
892:2  892 893 470400
892:3  892 893 6144
900:0  900 901 18816
900:1  900 901 401408
900:2  900 901 49152
900:3  900 901 18816
901:0  901 902 401408
905:0  905 906 401408
906:0  906 907 175616
906:1  906 907 790272
906:2  906 907 903168
906:3  906 907 18816
908:0  908 909 401408
909:0  909 910 175616
909:1  909 910 903168
909:2  909 910 790272
909:3  909 910 225792
909:4  909 910 43008
909:11  909 910 10752
909:12  909 910 21504
917:0  917 918 87808
917:1  917 918 401408
917:2  917 918 229376
917:3  917 918 18816
918:0  918 919 401408
922:0  922 923 401408
923:0  923 924 125440
923:1  923 924 401408
923:2  923 924 327680
923:3  923 924 18816
925:0  925 926 401408
926:0  926 927 50176
926:1  926 927 131072
926:2  926 927 401408
926:3  926 927 6144
932:0  932 933 401408
978:0  978 979 18816
978:1  978 979 49152
978:2  978 979 401408
978:3  978 979 2304
981:0  981 982 401408
985:0  985 986 87808
985:1  985 986 229376
985:2  985 986 401408
985:3  985 986 10752
988:0  988 989 401408
991:0  991 992 401408
992:0  992 993 125440
992:1  992 993 327680
992:2  992 993 401408
992:3  992 993 15360
995:0  995 996 401408
997:0  997 998 401408
1001:0  1001 1002 401408
1002:0  1002 1003 50176
1002:1  1002 1003 376320
1002:2  1002 1003 122880
1002:3  1002 1003 18816
1003:0  1003 1004 401408
1007:0  1007 1008 401408
1008:0  1008 1009 37632
1008:1  1008 1009 313600
1008:2  1008 1009 76800
1008:3  1008 1009 18816
1010:0  1010 1011 401408
1011:0  1011 1012 37632
1011:1  1011 1012 76800
1011:2  1011 1012 313600
1011:3  1011 1012 4608
1019:0  1019 1020 12544
1019:1  1019 1020 376320
1019:2  1019 1020 30720
1019:3  1019 1020 18816
1020:0  1020 1021 401408
1024:0  1024 1025 401408
1025:0  1025 1026 163072
1025:1  1025 1026 677376
1025:2  1025 1026 718848
1025:3  1025 1026 18816
1027:0  1027 1028 401408
1028:0  1028 1029 163072
1028:1  1028 1029 718848
1028:2  1028 1029 677376
1028:3  1028 1029 179712
1028:4  1028 1029 39936
1028:11  1028 1029 9984
1028:12  1028 1029 19968
1036:0  1036 1037 75264
1036:1  1036 1037 376320
1036:2  1036 1037 184320
1036:3  1036 1037 18816
1037:0  1037 1038 401408
1041:0  1041 1042 401408
1042:0  1042 1043 150528
1042:1  1042 1043 376320
1042:2  1042 1043 368640
1042:3  1042 1043 18816
1044:0  1044 1045 401408
1045:0  1045 1046 50176
1045:1  1045 1046 122880
1045:2  1045 1046 376320
1045:3  1045 1046 6144
1051:0  1051 1052 376320
1097:0  1097 1098 12544
1097:1  1097 1098 30720
1097:2  1097 1098 376320
1097:3  1097 1098 1536
1100:0  1100 1101 376320
1104:0  1104 1105 75264
1104:1  1104 1105 184320
1104:2  1104 1105 376320
1104:3  1104 1105 9216
1107:0  1107 1108 376320
1110:0  1110 1111 401408
1111:0  1111 1112 150528
1111:1  1111 1112 368640
1111:2  1111 1112 376320
1111:3  1111 1112 92160
1111:4  1111 1112 36864
1111:11  1111 1112 9216
1111:12  1111 1112 18432
1114:0  1114 1115 376320
1162:0  1162 1163 1505280
1166:0  1166 1167 1505280
1167:0  1167 1168 200704
1167:1  1167 1168 802816
1167:2  1167 1168 65536
1167:3  1167 1168 75264
1168:0  1168 1169 1505280
1172:0  1172 1173 1505280
1173:0  1173 1174 301056
1173:1  1173 1174 2508800
1173:2  1173 1174 307200
1173:3  1173 1174 620928
1173:4  1173 1174 75264
1173:11  1173 1174 37632
1173:12  1173 1174 75264
1175:0  1175 1176 1505280
1176:0  1176 1177 301056
1176:1  1176 1177 307200
1176:2  1176 1177 2508800
1176:3  1176 1177 9216
1184:0  1184 1185 100352
1184:1  1184 1185 802816
1184:2  1184 1185 32768
1184:3  1184 1185 75264
1185:0  1185 1186 1505280
1189:0  1189 1190 1505280
1190:0  1190 1191 602112
1190:1  1190 1191 3612672
1190:2  1190 1191 884736
1190:3  1190 1191 903168
1190:4  1190 1191 150528
1190:59  1190 1191 225792
1190:60  1190 1191 37632
1190:67  1190 1191 18816
1192:0  1192 1193 1505280
1193:0  1193 1194 602112
1193:1  1193 1194 884736
1193:2  1193 1194 3612672
1193:3  1193 1194 903168
1193:4  1193 1194 150528
1193:11  1193 1194 9216
1201:0  1201 1202 401408
1201:1  1201 1202 802816
1201:2  1201 1202 131072
1201:3  1201 1202 188160
1201:4  1201 1202 100352
1201:11  1201 1202 37632
1201:12  1201 1202 75264
1202:0  1202 1203 1505280
1206:0  1206 1207 1505280
1207:0  1207 1208 401408
1207:1  1207 1208 802816
1207:2  1207 1208 131072
1207:3  1207 1208 188160
1207:4  1207 1208 100352
1207:11  1207 1208 37632
1207:12  1207 1208 75264
1209:0  1209 1210 1505280
1210:0  1210 1211 200704
1210:1  1210 1211 65536
1210:2  1210 1211 802816
1210:3  1210 1211 6144
1216:0  1216 1217 802816
1262:0  1262 1263 100352
1262:1  1262 1263 32768
1262:2  1262 1263 802816
1262:3  1262 1263 3072
1265:0  1265 1266 802816
1269:0  1269 1270 401408
1269:1  1269 1270 131072
1269:2  1269 1270 802816
1269:3  1269 1270 12288
1272:0  1272 1273 802816
1275:0  1275 1276 1505280
1276:0  1276 1277 401408
1276:1  1276 1277 131072
1276:2  1276 1277 802816
1276:3  1276 1277 12288
1279:0  1279 1280 802816
1281:0  1281 1282 802816
1285:0  1285 1286 802816
1286:0  1286 1287 100352
1286:1  1286 1287 602112
1286:2  1286 1287 24576
1286:3  1286 1287 75264
1287:0  1287 1288 802816
1291:0  1291 1292 802816
1292:0  1292 1293 100352
1292:1  1292 1293 1254400
1292:2  1292 1293 51200
1292:3  1292 1293 75264
1294:0  1294 1295 802816
1295:0  1295 1296 100352
1295:1  1295 1296 51200
1295:2  1295 1296 1254400
1295:3  1295 1296 3072
1303:0  1303 1304 50176
1303:1  1303 1304 602112
1303:2  1303 1304 12288
1303:3  1303 1304 75264
1304:0  1304 1305 802816
1308:0  1308 1309 802816
1309:0  1309 1310 401408
1309:1  1309 1310 2709504
1309:2  1309 1310 442368
1309:3  1309 1310 677376
1309:4  1309 1310 100352
1309:11  1309 1310 37632
1311:0  1311 1312 802816
1312:0  1312 1313 401408
1312:1  1312 1313 442368
1312:2  1312 1313 2709504
1312:3  1312 1313 677376
1312:4  1312 1313 100352
1312:11  1312 1313 6144
1320:0  1320 1321 301056
1320:1  1320 1321 602112
1320:2  1320 1321 73728
1320:3  1320 1321 75264
1321:0  1321 1322 802816
1325:0  1325 1326 802816
1326:0  1326 1327 200704
1326:1  1326 1327 602112
1326:2  1326 1327 49152
1326:3  1326 1327 75264
1328:0  1328 1329 802816
1329:0  1329 1330 100352
1329:1  1329 1330 24576
1329:2  1329 1330 602112
1329:3  1329 1330 3072
1335:0  1335 1336 602112
1381:0  1381 1382 50176
1381:1  1381 1382 12288
1381:2  1381 1382 602112
1381:3  1381 1382 1536
1384:0  1384 1385 602112
1388:0  1388 1389 301056
1388:1  1388 1389 73728
1388:2  1388 1389 602112
1388:3  1388 1389 9216
1391:0  1391 1392 602112
1394:0  1394 1395 802816
1395:0  1395 1396 200704
1395:1  1395 1396 49152
1395:2  1395 1396 602112
1395:3  1395 1396 6144
1398:0  1398 1399 602112
1446:0  1446 1447 2408448
1450:0  1450 1451 2408448
1451:0  1451 1452 2408448
1451:1  1451 1452 7225344
1451:2  1451 1452 442368
1451:3  1451 1452 1806336
1451:4  1451 1452 602112
1451:59  1451 1452 451584
1451:60  1451 1452 150528
1451:67  1451 1452 75264
1453:0  1453 1454 2408448
1454:0  1454 1455 2408448
1454:1  1454 1455 442368
1454:2  1454 1455 7225344
1454:3  1454 1455 1806336
1454:4  1454 1455 602112
1454:11  1454 1455 9216
1460:0  1460 1461 3211264
1504:0  1504 1505 12845056
1508:0  1508 1509 12845056
1509:0  1509 1510 12845056
1509:1  1509 1510 29503488
1509:2  1509 1510 37632
1509:3  1509 1510 4816896
0  0 2 64
1  1 4 64
2  2 5 64
3  3 5 64
4  4 7 64
5  5 9 192
6  6 8 64
7  7 9 192
8  8 16 192
9  9 11 64
10  10 12 64
11  11 13 64
12  12 14 64
13  13 15 192
14  14 16 192
15  15 218 192
16  16 18 2408448
17  17 19 3211264
18  18 1510 29503488
19  19 21 37632
20  20 22 12845056
21  21 1491 12845056
22  22 1492 3211264
23  23 1452 7225344
24  24 26 442368
25  25 27 2408448
26  26 1433 2408448
27  27 1434 602112
28  28 1327 602112
29  29 31 49152
30  30 48 200704
31  31 33 73728
32  32 34 301056
33  33 35 301056
34  34 1310 2709504
35  35 37 442368
36  36 48 401408
37  37 39 12288
38  38 40 50176
39  39 41 50176
40  40 1293 1254400
41  41 43 51200
42  42 48 100352
43  43 1367 602112
44  44 1287 602112
45  45 47 24576
46  46 48 100352
47  47 1247 802816
48  48 1208 802816
49  49 51 131072
50  50 68 401408
51  51 53 131072
52  52 54 401408
53  53 55 401408
54  54 1191 3612672
55  55 57 884736
56  56 68 602112
57  57 59 32768
58  58 60 100352
59  59 61 100352
60  60 1174 2508800
61  61 63 307200
62  62 68 301056
63  63 1248 802816
64  64 1168 802816
65  65 67 65536
66  66 68 200704
67  67 1149 1505280
68  68 1150 376320
69  69 1043 376320
70  70 72 368640
71  71 89 150528
72  72 74 184320
73  73 75 75264
74  74 76 75264
75  75 1026 677376
76  76 78 718848
77  77 89 163072
78  78 80 30720
79  79 81 12544
80  80 82 12544
81  81 1009 313600
82  82 84 76800
83  83 89 37632
84  84 1083 376320
85  85 1003 376320
86  86 88 122880
87  87 89 50176
88  88 963 401408
89  89 924 401408
90  90 92 327680
91  91 109 125440
92  92 94 229376
93  93 95 87808
94  94 96 87808
95  95 907 790272
96  96 98 903168
97  97 109 175616
98  98 100 49152
99  99 101 18816
100  100 102 18816
101  101 890 470400
102  102 104 153600
103  103 109 50176
104  104 964 401408
105  105 884 401408
106  106 108 131072
107  107 109 50176
108  108 844 401408
109  109 805 401408
110  110 112 262144
111  111 129 100352
112  112 114 262144
113  113 115 100352
114  114 116 100352
115  115 788 903168
116  116 118 1179648
117  117 129 200704
118  118 120 49152
119  119 121 18816
120  120 122 18816
121  121 771 470400
122  122 124 153600
123  123 129 50176
124  124 845 401408
125  125 765 401408
126  126 128 131072
127  127 129 50176
128  128 725 401408
129  129 686 401408
130  130 132 229376
131  131 149 87808
132  132 134 294912
133  133 135 112896
134  134 136 112896
135  135 669 1016064
136  136 138 1492992
137  137 149 225792
138  138 140 65536
139  139 141 25088
140  140 142 25088
141  141 652 627200
142  142 144 204800
143  143 149 50176
144  144 726 401408
145  145 646 401408
146  146 148 131072
147  147 149 50176
148  148 606 413952
149  149 567 413952
150  150 152 540672
151  151 169 200704
152  152 154 337920
153  153 155 125440
154  154 156 125440
155  155 550 1128960
156  156 158 1843200
157  157 169 250880
158  158 160 67584
159  159 161 25088
160  160 162 25088
161  161 533 627200
162  162 164 409600
163  163 169 100352
164  164 607 413952
165  165 527 413952
166  166 168 270336
167  167 169 100352
168  168 508 652288
169  169 509 212992
170  170 402 212992
171  171 173 851968
172  172 190 65536
173  173 175 532480
174  174 176 40960
175  175 177 40960
176  176 385 368640
177  177 179 1843200
178  178 190 81920
179  179 181 106496
180  180 182 8192
181  181 183 8192
182  182 368 204800
183  183 185 409600
184  184 190 32768
185  185 442 212992
186  186 362 212992
187  187 189 425984
188  188 190 32768
189  189 322 212992
190  190 283 212992
191  191 193 1277952
192  192 210 98304
193  193 195 638976
194  194 196 49152
195  195 197 49152
196  196 266 442368
197  197 199 2654208
198  198 210 98304
199  199 201 159744
200  200 202 12288
201  201 203 12288
202  202 249 307200
203  203 205 614400
204  204 210 32768
205  205 323 212992
206  206 243 212992
207  207 209 425984
208  208 210 32768
209  209 211 262144
210  210 212 16384
211  211 230 16384
212  212 214 40960
213  213 215 192
214  214 216 192
215  215 219 192
216  216 218 192
217  217 220 192
218  218 226 192
219  219 225 192
220  220 222 192
221  221 223 192
222  222 224 192
223  223 225 192
224  224 226 192
225  225 232 192
226  226 228 192
227  227 1511 64
228  228 230 192
229  229 1512 40960
230  230 233 40960
231  231 233 192
232  232 234 16384
233  233 235 16384
234  234 236 16384
235  235 237 12845056
236  236 351 262144
237  237 239 32768
238  238 240 8192
239  239 241 8192
240  240 1513 512
241  241 243 32768
242  242 1514 425984
243  243 245 32768
244  244 246 8192
245  245 247 8192
246  246 1515 512
247  247 249 32768
248  248 1516 614400
249  249 252 614400
250  250 252 32768
251  251 253 307200
252  252 254 307200
253  253 337 12288
254  254 256 12288
255  255 257 3072
256  256 258 3072
257  257 1517 192
258  258 260 12288
259  259 1518 159744
260  260 262 98304
261  261 263 24576
262  262 264 24576
263  263 1519 1536
264  264 266 98304
265  265 1520 2654208
266  266 269 2654208
267  267 269 98304
268  268 270 442368
269  269 271 442368
270  270 344 49152
271  271 273 49152
272  272 274 12288
273  273 275 12288
274  274 1521 768
275  275 277 49152
276  276 1522 638976
277  277 279 98304
278  278 280 24576
279  279 281 24576
280  280 1523 1536
281  281 283 98304
282  282 1524 1277952
283  283 286 425984
284  284 286 32768
285  285 287 212992
286  286 288 212992
287  287 292 212992
288  288 290 212992
289  289 291 212992
290  290 293 212992
291  291 325 212992
292  292 326 212992
293  293 295 212992
294  294 296 212992
295  295 297 212992
296  296 327 212992
297  297 299 212992
298  298 300 212992
299  299 301 212992
300  300 328 212992
301  301 303 212992
302  302 304 212992
303  303 305 212992
304  304 329 212992
305  305 307 212992
306  306 308 212992
307  307 309 212992
308  308 330 212992
309  309 311 212992
310  310 312 212992
311  311 313 212992
312  312 331 212992
313  313 315 212992
314  314 316 212992
315  315 317 212992
316  316 332 212992
317  317 319 212992
318  318 320 212992
319  319 321 212992
320  320 333 212992
321  321 323 212992
322  322 324 212992
323  323 325 212992
324  324 334 212992
325  325 335 212992
326  326 335 212992
327  327 335 212992
328  328 335 212992
329  329 335 212992
330  330 335 212992
331  331 335 212992
332  332 335 212992
333  333 335 212992
334  334 342 212992
335  335 338 159744
336  336 338 12288
337  337 339 212992
338  338 340 212992
339  339 341 212992
340  340 342 212992
341  341 349 212992
342  342 345 638976
343  343 345 49152
344  344 346 212992
345  345 347 212992
346  346 348 212992
347  347 349 212992
348  348 356 212992
349  349 352 1277952
350  350 352 98304
351  351 353 212992
352  352 354 212992
353  353 355 212992
354  354 356 212992
355  355 470 212992
356  356 358 32768
357  357 359 8192
358  358 360 8192
359  359 1525 512
360  360 362 32768
361  361 1526 425984
362  362 364 32768
363  363 365 8192
364  364 366 8192
365  365 1527 512
366  366 368 32768
367  367 1528 409600
368  368 371 409600
369  369 371 32768
370  370 372 204800
371  371 373 204800
372  372 456 8192
373  373 375 8192
374  374 376 2048
375  375 377 2048
376  376 1529 128
377  377 379 8192
378  378 1530 106496
379  379 381 81920
380  380 382 20480
381  381 383 20480
382  382 1531 1280
383  383 385 81920
384  384 1532 1843200
385  385 388 1843200
386  386 388 81920
387  387 389 368640
388  388 390 368640
389  389 463 40960
390  390 392 40960
391  391 393 10240
392  392 394 10240
393  393 1533 640
394  394 396 40960
395  395 1534 532480
396  396 398 65536
397  397 399 16384
398  398 400 16384
399  399 1535 1024
400  400 402 65536
401  401 1536 851968
402  402 405 425984
403  403 405 32768
404  404 406 212992
405  405 407 212992
406  406 411 212992
407  407 409 212992
408  408 410 212992
409  409 412 212992
410  410 444 212992
411  411 445 212992
412  412 414 212992
413  413 415 212992
414  414 416 212992
415  415 446 212992
416  416 418 212992
417  417 419 212992
418  418 420 212992
419  419 447 212992
420  420 422 212992
421  421 423 212992
422  422 424 212992
423  423 448 212992
424  424 426 212992
425  425 427 212992
426  426 428 212992
427  427 449 212992
428  428 430 212992
429  429 431 212992
430  430 432 212992
431  431 450 212992
432  432 434 212992
433  433 435 212992
434  434 436 212992
435  435 451 212992
436  436 438 212992
437  437 439 212992
438  438 440 212992
439  439 452 212992
440  440 442 212992
441  441 443 212992
442  442 444 212992
443  443 453 212992
444  444 454 212992
445  445 454 212992
446  446 454 212992
447  447 454 212992
448  448 454 212992
449  449 454 212992
450  450 454 212992
451  451 454 212992
452  452 454 212992
453  453 461 212992
454  454 457 106496
455  455 457 8192
456  456 458 212992
457  457 459 212992
458  458 460 212992
459  459 461 212992
460  460 468 212992
461  461 464 532480
462  462 464 40960
463  463 465 212992
464  464 466 212992
465  465 467 212992
466  466 468 212992
467  467 475 212992
468  468 471 851968
469  469 471 65536
470  470 472 212992
471  471 473 212992
472  472 474 212992
473  473 475 212992
474  474 511 212992
475  475 477 212992
476  476 478 212992
477  477 479 212992
478  478 512 212992
479  479 481 212992
480  480 482 212992
481  481 483 212992
482  482 513 212992
483  483 485 212992
484  484 486 212992
485  485 487 212992
486  486 514 212992
487  487 489 212992
488  488 490 212992
489  489 491 212992
490  490 515 212992
491  491 493 212992
492  492 494 212992
493  493 495 212992
494  494 516 212992
495  495 497 212992
496  496 498 212992
497  497 499 212992
498  498 517 212992
499  499 501 212992
500  500 502 212992
501  501 503 212992
502  502 518 212992
503  503 505 212992
504  504 506 212992
505  505 507 212992
506  506 519 212992
507  507 509 212992
508  508 510 212992
509  509 511 212992
510  510 520 212992
511  511 521 652288
512  512 521 652288
513  513 521 652288
514  514 521 652288
515  515 521 652288
516  516 521 652288
517  517 521 652288
518  518 521 652288
519  519 521 652288
520  520 635 652288
521  521 523 100352
522  522 524 25088
523  523 525 25088
524  524 1537 512
525  525 527 100352
526  526 1538 270336
527  527 529 100352
528  528 530 25088
529  529 531 25088
530  530 1539 512
531  531 533 100352
532  532 1540 409600
533  533 536 409600
534  534 536 100352
535  535 537 627200
536  536 538 627200
537  537 621 25088
538  538 540 25088
539  539 541 6272
540  540 542 6272
541  541 1541 128
542  542 544 25088
543  543 1542 67584
544  544 546 250880
545  545 547 62720
546  546 548 62720
547  547 1543 1280
548  548 550 250880
549  549 1544 1843200
550  550 553 1843200
551  551 553 250880
552  552 554 1128960
553  553 555 1128960
554  554 628 125440
555  555 557 125440
556  556 558 31360
557  557 559 31360
558  558 1545 640
559  559 561 125440
560  560 1546 337920
561  561 563 200704
562  562 564 50176
563  563 565 50176
564  564 1547 1024
565  565 567 200704
566  566 1548 540672
567  567 570 270336
568  568 570 100352
569  569 571 413952
570  570 572 413952
571  571 576 413952
572  572 574 413952
573  573 575 413952
574  574 577 413952
575  575 609 413952
576  576 610 413952
577  577 579 413952
578  578 580 413952
579  579 581 413952
580  580 611 413952
581  581 583 413952
582  582 584 413952
583  583 585 413952
584  584 612 413952
585  585 587 413952
586  586 588 413952
587  587 589 413952
588  588 613 413952
589  589 591 413952
590  590 592 413952
591  591 593 413952
592  592 614 413952
593  593 595 413952
594  594 596 413952
595  595 597 413952
596  596 615 413952
597  597 599 413952
598  598 600 413952
599  599 601 413952
600  600 616 413952
601  601 603 413952
602  602 604 413952
603  603 605 413952
604  604 617 413952
605  605 607 413952
606  606 608 413952
607  607 609 413952
608  608 618 413952
609  609 619 413952
610  610 619 413952
611  611 619 413952
612  612 619 413952
613  613 619 413952
614  614 619 413952
615  615 619 413952
616  616 619 413952
617  617 619 413952
618  618 626 413952
619  619 622 67584
620  620 622 25088
621  621 623 413952
622  622 624 413952
623  623 625 413952
624  624 626 413952
625  625 633 413952
626  626 629 337920
627  627 629 125440
628  628 630 413952
629  629 631 413952
630  630 632 413952
631  631 633 413952
632  632 640 413952
633  633 636 540672
634  634 636 200704
635  635 637 413952
636  636 638 413952
637  637 639 413952
638  638 640 413952
639  639 754 413952
640  640 642 50176
641  641 643 12544
642  642 644 12544
643  643 1549 256
644  644 646 50176
645  645 1550 131072
646  646 648 50176
647  647 649 12544
648  648 650 12544
649  649 1551 256
650  650 652 50176
651  651 1552 204800
652  652 655 204800
653  653 655 50176
654  654 656 627200
655  655 657 627200
656  656 740 25088
657  657 659 25088
658  658 660 6272
659  659 661 6272
660  660 1553 128
661  661 663 25088
662  662 1554 65536
663  663 665 225792
664  664 666 56448
665  665 667 56448
666  666 1555 1152
667  667 669 225792
668  668 1556 1492992
669  669 672 1492992
670  670 672 225792
671  671 673 1016064
672  672 674 1016064
673  673 747 112896
674  674 676 112896
675  675 677 28224
676  676 678 28224
677  677 1557 576
678  678 680 112896
679  679 1558 294912
680  680 682 87808
681  681 683 21952
682  682 684 21952
683  683 1559 448
684  684 686 87808
685  685 1560 229376
686  686 689 131072
687  687 689 50176
688  688 690 401408
689  689 691 401408
690  690 695 401408
691  691 693 401408
692  692 694 401408
693  693 696 401408
694  694 728 401408
695  695 729 401408
696  696 698 401408
697  697 699 401408
698  698 700 401408
699  699 730 401408
700  700 702 401408
701  701 703 401408
702  702 704 401408
703  703 731 401408
704  704 706 401408
705  705 707 401408
706  706 708 401408
707  707 732 401408
708  708 710 401408
709  709 711 401408
710  710 712 401408
711  711 733 401408
712  712 714 401408
713  713 715 401408
714  714 716 401408
715  715 734 401408
716  716 718 401408
717  717 719 401408
718  718 720 401408
719  719 735 401408
720  720 722 401408
721  721 723 401408
722  722 724 401408
723  723 736 401408
724  724 726 401408
725  725 727 401408
726  726 728 401408
727  727 737 401408
728  728 738 401408
729  729 738 401408
730  730 738 401408
731  731 738 401408
732  732 738 401408
733  733 738 401408
734  734 738 401408
735  735 738 401408
736  736 738 401408
737  737 745 401408
738  738 741 65536
739  739 741 25088
740  740 742 401408
741  741 743 401408
742  742 744 401408
743  743 745 401408
744  744 752 401408
745  745 748 294912
746  746 748 112896
747  747 749 401408
748  748 750 401408
749  749 751 401408
750  750 752 401408
751  751 759 401408
752  752 755 229376
753  753 755 87808
754  754 756 401408
755  755 757 401408
756  756 758 401408
757  757 759 401408
758  758 873 401408
759  759 761 50176
760  760 762 12544
761  761 763 12544
762  762 1561 256
763  763 765 50176
764  764 1562 131072
765  765 767 50176
766  766 768 12544
767  767 769 12544
768  768 1563 256
769  769 771 50176
770  770 1564 153600
771  771 774 153600
772  772 774 50176
773  773 775 470400
774  774 776 470400
775  775 859 18816
776  776 778 18816
777  777 779 4736
778  778 780 4736
779  779 1565 128
780  780 782 18816
781  781 1566 49152
782  782 784 200704
783  783 785 50176
784  784 786 50176
785  785 1567 1024
786  786 788 200704
787  787 1568 1179648
788  788 791 1179648
789  789 791 200704
790  790 792 903168
791  791 793 903168
792  792 866 100352
793  793 795 100352
794  794 796 25088
795  795 797 25088
796  796 1569 512
797  797 799 100352
798  798 1570 262144
799  799 801 100352
800  800 802 25088
801  801 803 25088
802  802 1571 512
803  803 805 100352
804  804 1572 262144
805  805 808 131072
806  806 808 50176
807  807 809 401408
808  808 810 401408
809  809 814 401408
810  810 812 401408
811  811 813 401408
812  812 815 401408
813  813 847 401408
814  814 848 401408
815  815 817 401408
816  816 818 401408
817  817 819 401408
818  818 849 401408
819  819 821 401408
820  820 822 401408
821  821 823 401408
822  822 850 401408
823  823 825 401408
824  824 826 401408
825  825 827 401408
826  826 851 401408
827  827 829 401408
828  828 830 401408
829  829 831 401408
830  830 852 401408
831  831 833 401408
832  832 834 401408
833  833 835 401408
834  834 853 401408
835  835 837 401408
836  836 838 401408
837  837 839 401408
838  838 854 401408
839  839 841 401408
840  840 842 401408
841  841 843 401408
842  842 855 401408
843  843 845 401408
844  844 846 401408
845  845 847 401408
846  846 856 401408
847  847 857 401408
848  848 857 401408
849  849 857 401408
850  850 857 401408
851  851 857 401408
852  852 857 401408
853  853 857 401408
854  854 857 401408
855  855 857 401408
856  856 864 401408
857  857 860 49152
858  858 860 18816
859  859 861 401408
860  860 862 401408
861  861 863 401408
862  862 864 401408
863  863 871 401408
864  864 867 262144
865  865 867 100352
866  866 868 401408
867  867 869 401408
868  868 870 401408
869  869 871 401408
870  870 878 401408
871  871 874 262144
872  872 874 100352
873  873 875 401408
874  874 876 401408
875  875 877 401408
876  876 878 401408
877  877 992 401408
878  878 880 50176
879  879 881 12544
880  880 882 12544
881  881 1573 256
882  882 884 50176
883  883 1574 131072
884  884 886 50176
885  885 887 12544
886  886 888 12544
887  887 1575 256
888  888 890 50176
889  889 1576 153600
890  890 893 153600
891  891 893 50176
892  892 894 470400
893  893 895 470400
894  894 978 18816
895  895 897 18816
896  896 898 4736
897  897 899 4736
898  898 1577 128
899  899 901 18816
900  900 1578 49152
901  901 903 175616
902  902 904 43904
903  903 905 43904
904  904 1579 896
905  905 907 175616
906  906 1580 903168
907  907 910 903168
908  908 910 175616
909  909 911 790272
910  910 912 790272
911  911 985 87808
912  912 914 87808
913  913 915 21952
914  914 916 21952
915  915 1581 448
916  916 918 87808
917  917 1582 229376
918  918 920 125440
919  919 921 31360
920  920 922 31360
921  921 1583 640
922  922 924 125440
923  923 1584 327680
924  924 927 131072
925  925 927 50176
926  926 928 401408
927  927 929 401408
928  928 933 401408
929  929 931 401408
930  930 932 401408
931  931 934 401408
932  932 966 401408
933  933 967 401408
934  934 936 401408
935  935 937 401408
936  936 938 401408
937  937 968 401408
938  938 940 401408
939  939 941 401408
940  940 942 401408
941  941 969 401408
942  942 944 401408
943  943 945 401408
944  944 946 401408
945  945 970 401408
946  946 948 401408
947  947 949 401408
948  948 950 401408
949  949 971 401408
950  950 952 401408
951  951 953 401408
952  952 954 401408
953  953 972 401408
954  954 956 401408
955  955 957 401408
956  956 958 401408
957  957 973 401408
958  958 960 401408
959  959 961 401408
960  960 962 401408
961  961 974 401408
962  962 964 401408
963  963 965 401408
964  964 966 401408
965  965 975 401408
966  966 976 401408
967  967 976 401408
968  968 976 401408
969  969 976 401408
970  970 976 401408
971  971 976 401408
972  972 976 401408
973  973 976 401408
974  974 976 401408
975  975 983 401408
976  976 979 49152
977  977 979 18816
978  978 980 401408
979  979 981 401408
980  980 982 401408
981  981 983 401408
982  982 990 401408
983  983 986 229376
984  984 986 87808
985  985 987 401408
986  986 988 401408
987  987 989 401408
988  988 990 401408
989  989 997 401408
990  990 993 327680
991  991 993 125440
992  992 994 401408
993  993 995 401408
994  994 996 401408
995  995 997 401408
996  996 1111 401408
997  997 999 50176
998  998 1000 12544
999  999 1001 12544
1000  1000 1585 256
1001  1001 1003 50176
1002  1002 1586 122880
1003  1003 1005 37632
1004  1004 1006 9408
1005  1005 1007 9408
1006  1006 1587 192
1007  1007 1009 37632
1008  1008 1588 76800
1009  1009 1012 76800
1010  1010 1012 37632
1011  1011 1013 313600
1012  1012 1014 313600
1013  1013 1097 12544
1014  1014 1016 12544
1015  1015 1017 3136
1016  1016 1018 3136
1017  1017 1589 64
1018  1018 1020 12544
1019  1019 1590 30720
1020  1020 1022 163072
1021  1021 1023 40768
1022  1022 1024 40768
1023  1023 1591 832
1024  1024 1026 163072
1025  1025 1592 718848
1026  1026 1029 718848
1027  1027 1029 163072
1028  1028 1030 677376
1029  1029 1031 677376
1030  1030 1104 75264
1031  1031 1033 75264
1032  1032 1034 18816
1033  1033 1035 18816
1034  1034 1593 384
1035  1035 1037 75264
1036  1036 1594 184320
1037  1037 1039 150528
1038  1038 1040 37632
1039  1039 1041 37632
1040  1040 1595 768
1041  1041 1043 150528
1042  1042 1596 368640
1043  1043 1046 122880
1044  1044 1046 50176
1045  1045 1047 376320
1046  1046 1048 376320
1047  1047 1052 376320
1048  1048 1050 376320
1049  1049 1051 376320
1050  1050 1053 376320
1051  1051 1085 376320
1052  1052 1086 376320
1053  1053 1055 376320
1054  1054 1056 376320
1055  1055 1057 376320
1056  1056 1087 376320
1057  1057 1059 376320
1058  1058 1060 376320
1059  1059 1061 376320
1060  1060 1088 376320
1061  1061 1063 376320
1062  1062 1064 376320
1063  1063 1065 376320
1064  1064 1089 376320
1065  1065 1067 376320
1066  1066 1068 376320
1067  1067 1069 376320
1068  1068 1090 376320
1069  1069 1071 376320
1070  1070 1072 376320
1071  1071 1073 376320
1072  1072 1091 376320
1073  1073 1075 376320
1074  1074 1076 376320
1075  1075 1077 376320
1076  1076 1092 376320
1077  1077 1079 376320
1078  1078 1080 376320
1079  1079 1081 376320
1080  1080 1093 376320
1081  1081 1083 376320
1082  1082 1084 376320
1083  1083 1085 376320
1084  1084 1094 376320
1085  1085 1095 376320
1086  1086 1095 376320
1087  1087 1095 376320
1088  1088 1095 376320
1089  1089 1095 376320
1090  1090 1095 376320
1091  1091 1095 376320
1092  1092 1095 376320
1093  1093 1095 376320
1094  1094 1102 376320
1095  1095 1098 30720
1096  1096 1098 12544
1097  1097 1099 376320
1098  1098 1100 376320
1099  1099 1101 376320
1100  1100 1102 376320
1101  1101 1109 376320
1102  1102 1105 184320
1103  1103 1105 75264
1104  1104 1106 376320
1105  1105 1107 376320
1106  1106 1108 376320
1107  1107 1109 376320
1108  1108 1116 376320
1109  1109 1112 368640
1110  1110 1112 150528
1111  1111 1113 376320
1112  1112 1114 376320
1113  1113 1115 376320
1114  1114 1116 376320
1115  1115 1152 376320
1116  1116 1118 376320
1117  1117 1119 376320
1118  1118 1120 376320
1119  1119 1153 376320
1120  1120 1122 376320
1121  1121 1123 376320
1122  1122 1124 376320
1123  1123 1154 376320
1124  1124 1126 376320
1125  1125 1127 376320
1126  1126 1128 376320
1127  1127 1155 376320
1128  1128 1130 376320
1129  1129 1131 376320
1130  1130 1132 376320
1131  1131 1156 376320
1132  1132 1134 376320
1133  1133 1135 376320
1134  1134 1136 376320
1135  1135 1157 376320
1136  1136 1138 376320
1137  1137 1139 376320
1138  1138 1140 376320
1139  1139 1158 376320
1140  1140 1142 376320
1141  1141 1143 376320
1142  1142 1144 376320
1143  1143 1159 376320
1144  1144 1146 376320
1145  1145 1147 376320
1146  1146 1148 376320
1147  1147 1160 376320
1148  1148 1150 376320
1149  1149 1151 376320
1150  1150 1152 376320
1151  1151 1161 376320
1152  1152 1162 1505280
1153  1153 1162 1505280
1154  1154 1162 1505280
1155  1155 1162 1505280
1156  1156 1162 1505280
1157  1157 1162 1505280
1158  1158 1162 1505280
1159  1159 1162 1505280
1160  1160 1162 1505280
1161  1161 1276 1505280
1162  1162 1164 200704
1163  1163 1165 50176
1164  1164 1166 50176
1165  1165 1597 256
1166  1166 1168 200704
1167  1167 1598 65536
1168  1168 1170 301056
1169  1169 1171 75264
1170  1170 1172 75264
1171  1171 1599 384
1172  1172 1174 301056
1173  1173 1600 307200
1174  1174 1177 307200
1175  1175 1177 301056
1176  1176 1178 2508800
1177  1177 1179 2508800
1178  1178 1262 100352
1179  1179 1181 100352
1180  1180 1182 25088
1181  1181 1183 25088
1182  1182 1601 128
1183  1183 1185 100352
1184  1184 1602 32768
1185  1185 1187 602112
1186  1186 1188 150528
1187  1187 1189 150528
1188  1188 1603 768
1189  1189 1191 602112
1190  1190 1604 884736
1191  1191 1194 884736
1192  1192 1194 602112
1193  1193 1195 3612672
1194  1194 1196 3612672
1195  1195 1269 401408
1196  1196 1198 401408
1197  1197 1199 100352
1198  1198 1200 100352
1199  1199 1605 512
1200  1200 1202 401408
1201  1201 1606 131072
1202  1202 1204 401408
1203  1203 1205 100352
1204  1204 1206 100352
1205  1205 1607 512
1206  1206 1208 401408
1207  1207 1608 131072
1208  1208 1211 65536
1209  1209 1211 200704
1210  1210 1212 802816
1211  1211 1213 802816
1212  1212 1217 802816
1213  1213 1215 802816
1214  1214 1216 802816
1215  1215 1218 802816
1216  1216 1250 802816
1217  1217 1251 802816
1218  1218 1220 802816
1219  1219 1221 802816
1220  1220 1222 802816
1221  1221 1252 802816
1222  1222 1224 802816
1223  1223 1225 802816
1224  1224 1226 802816
1225  1225 1253 802816
1226  1226 1228 802816
1227  1227 1229 802816
1228  1228 1230 802816
1229  1229 1254 802816
1230  1230 1232 802816
1231  1231 1233 802816
1232  1232 1234 802816
1233  1233 1255 802816
1234  1234 1236 802816
1235  1235 1237 802816
1236  1236 1238 802816
1237  1237 1256 802816
1238  1238 1240 802816
1239  1239 1241 802816
1240  1240 1242 802816
1241  1241 1257 802816
1242  1242 1244 802816
1243  1243 1245 802816
1244  1244 1246 802816
1245  1245 1258 802816
1246  1246 1248 802816
1247  1247 1249 802816
1248  1248 1250 802816
1249  1249 1259 802816
1250  1250 1260 802816
1251  1251 1260 802816
1252  1252 1260 802816
1253  1253 1260 802816
1254  1254 1260 802816
1255  1255 1260 802816
1256  1256 1260 802816
1257  1257 1260 802816
1258  1258 1260 802816
1259  1259 1267 802816
1260  1260 1263 32768
1261  1261 1263 100352
1262  1262 1264 802816
1263  1263 1265 802816
1264  1264 1266 802816
1265  1265 1267 802816
1266  1266 1274 802816
1267  1267 1270 131072
1268  1268 1270 401408
1269  1269 1271 802816
1270  1270 1272 802816
1271  1271 1273 802816
1272  1272 1274 802816
1273  1273 1281 802816
1274  1274 1277 131072
1275  1275 1277 401408
1276  1276 1278 802816
1277  1277 1279 802816
1278  1278 1280 802816
1279  1279 1281 802816
1280  1280 1395 802816
1281  1281 1283 100352
1282  1282 1284 25088
1283  1283 1285 25088
1284  1284 1609 128
1285  1285 1287 100352
1286  1286 1610 24576
1287  1287 1289 100352
1288  1288 1290 25088
1289  1289 1291 25088
1290  1290 1611 128
1291  1291 1293 100352
1292  1292 1612 51200
1293  1293 1296 51200
1294  1294 1296 100352
1295  1295 1297 1254400
1296  1296 1298 1254400
1297  1297 1381 50176
1298  1298 1300 50176
1299  1299 1301 12544
1300  1300 1302 12544
1301  1301 1613 64
1302  1302 1304 50176
1303  1303 1614 12288
1304  1304 1306 401408
1305  1305 1307 100352
1306  1306 1308 100352
1307  1307 1615 512
1308  1308 1310 401408
1309  1309 1616 442368
1310  1310 1313 442368
1311  1311 1313 401408
1312  1312 1314 2709504
1313  1313 1315 2709504
1314  1314 1388 301056
1315  1315 1317 301056
1316  1316 1318 75264
1317  1317 1319 75264
1318  1318 1617 384
1319  1319 1321 301056
1320  1320 1618 73728
1321  1321 1323 200704
1322  1322 1324 50176
1323  1323 1325 50176
1324  1324 1619 256
1325  1325 1327 200704
1326  1326 1620 49152
1327  1327 1330 24576
1328  1328 1330 100352
1329  1329 1331 602112
1330  1330 1332 602112
1331  1331 1336 602112
1332  1332 1334 602112
1333  1333 1335 602112
1334  1334 1337 602112
1335  1335 1369 602112
1336  1336 1370 602112
1337  1337 1339 602112
1338  1338 1340 602112
1339  1339 1341 602112
1340  1340 1371 602112
1341  1341 1343 602112
1342  1342 1344 602112
1343  1343 1345 602112
1344  1344 1372 602112
1345  1345 1347 602112
1346  1346 1348 602112
1347  1347 1349 602112
1348  1348 1373 602112
1349  1349 1351 602112
1350  1350 1352 602112
1351  1351 1353 602112
1352  1352 1374 602112
1353  1353 1355 602112
1354  1354 1356 602112
1355  1355 1357 602112
1356  1356 1375 602112
1357  1357 1359 602112
1358  1358 1360 602112
1359  1359 1361 602112
1360  1360 1376 602112
1361  1361 1363 602112
1362  1362 1364 602112
1363  1363 1365 602112
1364  1364 1377 602112
1365  1365 1367 602112
1366  1366 1368 602112
1367  1367 1369 602112
1368  1368 1378 602112
1369  1369 1379 602112
1370  1370 1379 602112
1371  1371 1379 602112
1372  1372 1379 602112
1373  1373 1379 602112
1374  1374 1379 602112
1375  1375 1379 602112
1376  1376 1379 602112
1377  1377 1379 602112
1378  1378 1386 602112
1379  1379 1382 12288
1380  1380 1382 50176
1381  1381 1383 602112
1382  1382 1384 602112
1383  1383 1385 602112
1384  1384 1386 602112
1385  1385 1393 602112
1386  1386 1389 73728
1387  1387 1389 301056
1388  1388 1390 602112
1389  1389 1391 602112
1390  1390 1392 602112
1391  1391 1393 602112
1392  1392 1400 602112
1393  1393 1396 49152
1394  1394 1396 200704
1395  1395 1397 602112
1396  1396 1398 602112
1397  1397 1399 602112
1398  1398 1400 602112
1399  1399 1436 602112
1400  1400 1402 602112
1401  1401 1403 602112
1402  1402 1404 602112
1403  1403 1437 602112
1404  1404 1406 602112
1405  1405 1407 602112
1406  1406 1408 602112
1407  1407 1438 602112
1408  1408 1410 602112
1409  1409 1411 602112
1410  1410 1412 602112
1411  1411 1439 602112
1412  1412 1414 602112
1413  1413 1415 602112
1414  1414 1416 602112
1415  1415 1440 602112
1416  1416 1418 602112
1417  1417 1419 602112
1418  1418 1420 602112
1419  1419 1441 602112
1420  1420 1422 602112
1421  1421 1423 602112
1422  1422 1424 602112
1423  1423 1442 602112
1424  1424 1426 602112
1425  1425 1427 602112
1426  1426 1428 602112
1427  1427 1443 602112
1428  1428 1430 602112
1429  1429 1431 602112
1430  1430 1432 602112
1431  1431 1444 602112
1432  1432 1434 602112
1433  1433 1435 602112
1434  1434 1436 602112
1435  1435 1445 602112
1436  1436 1446 2408448
1437  1437 1446 2408448
1438  1438 1446 2408448
1439  1439 1446 2408448
1440  1440 1446 2408448
1441  1441 1446 2408448
1442  1442 1446 2408448
1443  1443 1446 2408448
1444  1444 1446 2408448
1445  1445 1454 2408448
1446  1446 1448 2408448
1447  1447 1449 602112
1448  1448 1450 602112
1449  1449 1621 768
1450  1450 1452 2408448
1451  1451 1622 442368
1452  1452 1455 442368
1453  1453 1455 2408448
1454  1454 1456 7225344
1455  1455 1457 28901376
1456  1456 1461 3211264
1457  1457 1459 3211264
1458  1458 1460 3211264
1459  1459 1462 3211264
1460  1460 1494 3211264
1461  1461 1495 3211264
1462  1462 1464 3211264
1463  1463 1465 3211264
1464  1464 1466 3211264
1465  1465 1496 3211264
1466  1466 1468 3211264
1467  1467 1469 3211264
1468  1468 1470 3211264
1469  1469 1497 3211264
1470  1470 1472 3211264
1471  1471 1473 3211264
1472  1472 1474 3211264
1473  1473 1498 3211264
1474  1474 1476 3211264
1475  1475 1477 3211264
1476  1476 1478 3211264
1477  1477 1499 3211264
1478  1478 1480 3211264
1479  1479 1481 3211264
1480  1480 1482 3211264
1481  1481 1500 3211264
1482  1482 1484 3211264
1483  1483 1485 3211264
1484  1484 1486 3211264
1485  1485 1501 3211264
1486  1486 1488 3211264
1487  1487 1489 3211264
1488  1488 1490 3211264
1489  1489 1502 3211264
1490  1490 1492 3211264
1491  1491 1493 3211264
1492  1492 1494 3211264
1493  1493 1503 3211264
1494  1494 1504 12845056
1495  1495 1504 12845056
1496  1496 1504 12845056
1497  1497 1504 12845056
1498  1498 1504 12845056
1499  1499 1504 12845056
1500  1500 1504 12845056
1501  1501 1504 12845056
1502  1502 1504 12845056
1503  1503 1509 12845056
1504  1504 1506 12845056
1505  1505 1507 3211264
1506  1506 1508 3211264
1507  1507 1623 256
1508  1508 1510 12845056
1509  1509 1624 37632
1510  1510 1624 64
1511  1511 1624 40960
1512  1512 1624 512
1513  1513 1624 425984
1514  1514 1624 512
1515  1515 1624 614400
1516  1516 1624 192
1517  1517 1624 159744
1518  1518 1624 1536
1519  1519 1624 2654208
1520  1520 1624 768
1521  1521 1624 638976
1522  1522 1624 1536
1523  1523 1624 1277952
1524  1524 1624 512
1525  1525 1624 425984
1526  1526 1624 512
1527  1527 1624 409600
1528  1528 1624 128
1529  1529 1624 106496
1530  1530 1624 1280
1531  1531 1624 1843200
1532  1532 1624 640
1533  1533 1624 532480
1534  1534 1624 1024
1535  1535 1624 851968
1536  1536 1624 512
1537  1537 1624 270336
1538  1538 1624 512
1539  1539 1624 409600
1540  1540 1624 128
1541  1541 1624 67584
1542  1542 1624 1280
1543  1543 1624 1843200
1544  1544 1624 640
1545  1545 1624 337920
1546  1546 1624 1024
1547  1547 1624 540672
1548  1548 1624 256
1549  1549 1624 131072
1550  1550 1624 256
1551  1551 1624 204800
1552  1552 1624 128
1553  1553 1624 65536
1554  1554 1624 1152
1555  1555 1624 1492992
1556  1556 1624 576
1557  1557 1624 294912
1558  1558 1624 448
1559  1559 1624 229376
1560  1560 1624 256
1561  1561 1624 131072
1562  1562 1624 256
1563  1563 1624 153600
1564  1564 1624 128
1565  1565 1624 49152
1566  1566 1624 1024
1567  1567 1624 1179648
1568  1568 1624 512
1569  1569 1624 262144
1570  1570 1624 512
1571  1571 1624 262144
1572  1572 1624 256
1573  1573 1624 131072
1574  1574 1624 256
1575  1575 1624 153600
1576  1576 1624 128
1577  1577 1624 49152
1578  1578 1624 896
1579  1579 1624 903168
1580  1580 1624 448
1581  1581 1624 229376
1582  1582 1624 640
1583  1583 1624 327680
1584  1584 1624 256
1585  1585 1624 122880
1586  1586 1624 192
1587  1587 1624 76800
1588  1588 1624 64
1589  1589 1624 30720
1590  1590 1624 832
1591  1591 1624 718848
1592  1592 1624 384
1593  1593 1624 184320
1594  1594 1624 768
1595  1595 1624 368640
1596  1596 1624 256
1597  1597 1624 65536
1598  1598 1624 384
1599  1599 1624 307200
1600  1600 1624 128
1601  1601 1624 32768
1602  1602 1624 768
1603  1603 1624 884736
1604  1604 1624 512
1605  1605 1624 131072
1606  1606 1624 512
1607  1607 1624 131072
1608  1608 1624 128
1609  1609 1624 24576
1610  1610 1624 128
1611  1611 1624 51200
1612  1612 1624 64
1613  1613 1624 12288
1614  1614 1624 512
1615  1615 1624 442368
1616  1616 1624 384
1617  1617 1624 73728
1618  1618 1624 256
1619  1619 1624 49152
1620  1620 1624 768
1621  1621 1624 442368
1622  1622 1624 256
1623  1623 1624 37632
