7:0  7 8 320
7:1  7 8 64
18:0  18 19 4214784
20:0  20 21 37632
20:1  20 21 51982336
20:2  20 21 22478848
20:3  20 21 14144
21:0  21 22 22478848
23:0  23 24 5619712
25:0  25 26 442368
25:1  25 26 12644352
25:2  25 26 4214784
25:3  25 26 3151872
25:4  25 26 110592
25:59  25 26 787968
25:60  25 26 27648
25:67  25 26 13824
25:68  25 26 55296
26:0  26 27 4214784
28:0  28 29 1053696
30:0  30 31 49152
30:1  30 31 1053696
30:2  30 31 351232
30:3  30 31 18432
32:0  32 33 73728
32:1  32 33 1053696
32:2  32 33 526848
32:3  32 33 18432
33:0  33 34 526848
34:0  34 35 526848
36:0  36 37 442368
36:1  36 37 4741632
36:2  36 37 702464
36:3  36 37 1181952
36:4  36 37 110592
36:11  36 37 41472
36:12  36 37 82944
38:0  38 39 12288
38:1  38 39 1053696
38:2  38 39 87808
38:3  38 39 18432
39:0  39 40 87808
40:0  40 41 87808
42:0  42 43 51200
42:1  42 43 2195200
42:2  42 43 175616
42:3  42 43 38400
44:0  44 45 1053696
46:0  46 47 24576
46:1  46 47 1053696
46:2  46 47 175616
46:3  46 47 18432
47:0  47 48 1404928
48:0  48 49 1404928
50:0  50 51 131072
50:1  50 51 1404928
50:2  50 51 702464
50:3  50 51 350208
50:4  50 51 32768
50:11  50 51 12288
50:12  50 51 24576
52:0  52 53 131072
52:1  52 53 1404928
52:2  52 53 702464
52:3  52 53 350208
52:4  52 53 32768
52:11  52 53 12288
52:12  52 53 24576
53:0  53 54 702464
54:0  54 55 702464
56:0  56 57 884736
56:1  56 57 6322176
56:2  56 57 1053696
56:3  56 57 1575936
56:4  56 57 221184
56:65  56 57 387072
56:66  56 57 55296
56:73  56 57 27648
56:74  56 57 55296
56:75  56 57 110592
58:0  58 59 32768
58:1  58 59 1404928
58:2  58 59 175616
58:3  58 59 24576
59:0  59 60 175616
60:0  60 61 175616
62:0  62 63 307200
62:1  62 63 4390400
62:2  62 63 526848
62:3  62 63 1094400
62:4  62 63 76800
62:11  62 63 38400
62:12  62 63 76800
64:0  64 65 1404928
66:0  66 67 65536
66:1  66 67 1404928
66:2  66 67 351232
66:3  66 67 24576
67:0  67 68 2634240
69:0  69 70 658560
71:0  71 72 368640
71:1  71 72 658560
71:2  71 72 263424
71:3  71 72 161280
71:4  71 72 92160
71:11  71 72 23040
71:12  71 72 46080
73:0  73 74 184320
73:1  73 74 658560
73:2  73 74 131712
73:3  73 74 161280
73:4  73 74 46080
73:11  73 74 23040
73:12  73 74 46080
74:0  74 75 131712
75:0  75 76 131712
77:0  77 78 718848
77:1  77 78 1185408
77:2  77 78 285376
77:3  77 78 290304
77:4  77 78 179712
77:11  77 78 41472
77:12  77 78 82944
79:0  79 80 30720
79:1  79 80 658560
79:2  79 80 21952
79:3  79 80 46080
80:0  80 81 21952
81:0  81 82 21952
83:0  83 84 76800
83:1  83 84 548800
83:2  83 84 65856
83:3  83 84 38400
85:0  85 86 658560
87:0  87 88 122880
87:1  87 88 658560
87:2  87 88 87808
87:3  87 88 46080
88:0  88 89 702464
89:0  89 90 702464
91:0  91 92 327680
91:1  91 92 702464
91:2  91 92 219520
91:3  91 92 172032
91:4  91 92 81920
91:11  91 92 24576
91:12  91 92 49152
93:0  93 94 229376
93:1  93 94 702464
93:2  93 94 153664
93:3  93 94 172032
93:4  93 94 57344
93:11  93 94 24576
93:12  93 94 49152
94:0  94 95 153664
95:0  95 96 153664
97:0  97 98 903168
97:1  97 98 1382976
97:2  97 98 307328
97:3  97 98 338688
97:4  97 98 225792
97:11  97 98 48384
97:12  97 98 96768
99:0  99 100 49152
99:1  99 100 702464
99:2  99 100 32960
99:3  99 100 49152
100:0  100 101 32960
101:0  101 102 32960
103:0  103 104 153600
103:1  103 104 823232
103:2  103 104 87808
103:3  103 104 57600
105:0  105 106 702464
107:0  107 108 131072
107:1  107 108 702464
107:2  107 108 87808
107:3  107 108 49152
108:0  108 109 702464
109:0  109 110 702464
111:0  111 112 262144
111:1  111 112 702464
111:2  111 112 175616
111:3  111 112 172032
111:4  111 112 65536
111:11  111 112 24576
111:12  111 112 49152
113:0  113 114 262144
113:1  113 114 702464
113:2  113 114 175616
113:3  113 114 172032
113:4  113 114 65536
113:11  113 114 24576
113:12  113 114 49152
114:0  114 115 175616
115:0  115 116 175616
117:0  117 118 1179648
117:1  117 118 1580544
117:2  117 118 351232
117:3  117 118 387072
117:4  117 118 294912
117:59  117 118 96768
117:60  117 118 73728
117:67  117 118 27648
117:68  117 118 110592
119:0  119 120 49152
119:1  119 120 702464
119:2  119 120 32960
119:3  119 120 49152
120:0  120 121 32960
121:0  121 122 32960
123:0  123 124 153600
123:1  123 124 823232
123:2  123 124 87808
123:3  123 124 57600
125:0  125 126 702464
127:0  127 128 131072
127:1  127 128 702464
127:2  127 128 87808
127:3  127 128 49152
128:0  128 129 702464
129:0  129 130 702464
131:0  131 132 229376
131:1  131 132 702464
131:2  131 132 153664
131:3  131 132 172032
131:4  131 132 57344
131:11  131 132 24576
131:12  131 132 49152
133:0  133 134 294912
133:1  133 134 702464
133:2  133 134 197568
133:3  133 134 172032
133:4  133 134 73728
133:11  133 134 24576
133:12  133 134 49152
134:0  134 135 197568
135:0  135 136 197568
137:0  137 138 1492992
137:1  137 138 1778112
137:2  137 138 395136
137:3  137 138 435456
137:4  137 138 373248
137:59  137 138 108864
137:60  137 138 93312
137:67  137 138 31104
137:68  137 138 124416
139:0  139 140 65536
139:1  139 140 702464
139:2  139 140 43904
139:3  139 140 49152
140:0  140 141 43904
141:0  141 142 43904
143:0  143 144 204800
143:1  143 144 1097600
143:2  143 144 87808
143:3  143 144 76800
145:0  145 146 702464
147:0  147 148 131072
147:1  147 148 702464
147:2  147 148 87808
147:3  147 148 49152
148:0  148 149 724416
149:0  149 150 724416
151:0  151 152 540672
151:1  151 152 724416
151:2  151 152 351232
151:3  151 152 177408
151:4  151 152 135168
151:11  151 152 25344
151:12  151 152 50688
153:0  153 154 337920
153:1  153 154 724416
153:2  153 154 219520
153:3  153 154 177408
153:4  153 154 84480
153:11  153 154 25344
153:12  153 154 50688
154:0  154 155 219520
155:0  155 156 219520
157:0  157 158 1843200
157:1  157 158 1975680
157:2  157 158 439040
157:3  157 158 483840
157:4  157 158 460800
157:59  157 158 120960
157:60  157 158 115200
157:67  157 158 34560
157:68  157 158 138240
159:0  159 160 67584
159:1  159 160 724416
159:2  159 160 43904
159:3  159 160 50688
160:0  160 161 43904
161:0  161 162 43904
163:0  163 164 409600
163:1  163 164 1097600
163:2  163 164 175616
163:3  163 164 268800
163:4  163 164 102400
163:11  163 164 38400
163:12  163 164 76800
165:0  165 166 724416
167:0  167 168 270336
167:1  167 168 724416
167:2  167 168 175616
167:3  167 168 177408
167:4  167 168 67584
167:11  167 168 25344
167:12  167 168 50688
168:0  168 169 1141504
170:0  170 171 372736
172:0  172 173 851968
172:1  172 173 372736
172:2  172 173 114688
172:3  172 173 79872
172:4  172 173 212992
172:11  172 173 39936
172:12  172 173 79872
174:0  174 175 532480
174:1  174 175 372736
174:2  174 175 71680
174:3  174 175 79872
175:0  175 176 71680
176:0  176 177 71680
178:0  178 179 1843200
178:1  178 179 645120
178:2  178 179 143360
178:3  178 179 138240
178:4  178 179 460800
178:11  178 179 69120
178:12  178 179 138240
180:0  180 181 106496
180:1  180 181 372736
180:2  180 181 14336
180:3  180 181 79872
181:0  181 182 14336
182:0  182 183 14336
184:0  184 185 409600
184:1  184 185 358400
184:2  184 185 57344
184:3  184 185 76800
186:0  186 187 372736
188:0  188 189 425984
188:1  188 189 372736
188:2  188 189 57344
188:3  188 189 79872
189:0  189 190 372736
190:0  190 191 372736
192:0  192 193 1277952
192:1  192 193 372736
192:2  192 193 172032
192:3  192 193 79872
192:4  192 193 319488
192:11  192 193 39936
192:12  192 193 79872
194:0  194 195 638976
194:1  194 195 372736
194:2  194 195 86016
194:3  194 195 79872
194:4  194 195 159744
194:11  194 195 39936
194:12  194 195 79872
195:0  195 196 86016
196:0  196 197 86016
198:0  198 199 2654208
198:1  198 199 774144
198:2  198 199 172032
198:3  198 199 165888
198:4  198 199 663552
198:11  198 199 82944
198:12  198 199 165888
200:0  200 201 159744
200:1  200 201 372736
200:2  200 201 21504
200:3  200 201 79872
201:0  201 202 21504
202:0  202 203 21504
204:0  204 205 614400
204:1  204 205 537600
204:2  204 205 57344
204:3  204 205 115200
206:0  206 207 372736
208:0  208 209 425984
208:1  208 209 372736
208:2  208 209 57344
208:3  208 209 79872
209:0  209 210 458752
211:0  211 212 28672
213:0  213 214 49152
213:1  213 214 28672
213:2  213 214 384
213:3  213 1624 64
213:4  213 214 98304
215:0  215 216 320
229:0  229 230 384
229:1  229 230 32768
229:2  229 230 49152
229:3  229 230 704
232:0  232 233 320
232:1  232 233 49152
232:2  232 233 32768
232:3  232 233 960
242:0  242 243 57344
242:1  242 243 372736
242:2  242 243 425984
242:3  242 243 10752
248:0  248 249 57344
248:1  248 249 537600
248:2  248 249 614400
248:3  248 249 10752
251:0  251 252 57344
251:1  251 252 614400
251:2  251 252 537600
251:3  251 252 12288
259:0  259 260 21504
259:1  259 260 372736
259:2  259 260 159744
259:3  259 260 10752
265:0  265 266 172032
265:1  265 266 774144
265:2  265 266 2654208
265:3  265 266 10752
268:0  268 269 172032
268:1  268 269 2654208
268:2  268 269 774144
268:3  268 269 663552
268:4  268 269 43008
268:11  268 269 18432
276:0  276 277 86016
276:1  276 277 372736
276:2  276 277 638976
276:3  276 277 10752
282:0  282 283 172032
282:1  282 283 372736
282:2  282 283 1277952
282:3  282 283 10752
285:0  285 286 57344
285:1  285 286 425984
285:2  285 286 372736
285:3  285 286 12288
291:0  291 292 372736
337:0  337 338 21504
337:1  337 338 159744
337:2  337 338 372736
337:3  337 338 4608
340:0  340 341 372736
344:0  344 345 86016
344:1  344 345 638976
344:2  344 345 372736
344:3  344 345 18432
347:0  347 348 372736
351:0  351 352 172032
351:1  351 352 1277952
351:2  351 352 372736
351:3  351 352 313344
351:4  351 352 43008
351:11  351 352 18432
351:12  351 352 36864
354:0  354 355 372736
356:0  356 357 372736
360:0  360 361 372736
361:0  361 362 57344
361:1  361 362 372736
361:2  361 362 425984
361:3  361 362 10752
362:0  362 363 372736
366:0  366 367 372736
367:0  367 368 57344
367:1  367 368 358400
367:2  367 368 409600
367:3  367 368 10752
369:0  369 370 372736
370:0  370 371 57344
370:1  370 371 409600
370:2  370 371 358400
370:3  370 371 12288
378:0  378 379 14336
378:1  378 379 372736
378:2  378 379 106496
378:3  378 379 10752
379:0  379 380 372736
383:0  383 384 372736
384:0  384 385 143360
384:1  384 385 645120
384:2  384 385 1843200
384:3  384 385 10752
386:0  386 387 372736
387:0  387 388 143360
387:1  387 388 1843200
387:2  387 388 645120
387:3  387 388 460800
387:4  387 388 35840
387:11  387 388 15360
395:0  395 396 71680
395:1  395 396 372736
395:2  395 396 532480
395:3  395 396 10752
396:0  396 397 372736
400:0  400 401 372736
401:0  401 402 114688
401:1  401 402 372736
401:2  401 402 851968
401:3  401 402 10752
403:0  403 404 372736
404:0  404 405 57344
404:1  404 405 425984
404:2  404 405 372736
404:3  404 405 12288
410:0  410 411 372736
456:0  456 457 14336
456:1  456 457 106496
456:2  456 457 372736
456:3  456 457 3072
459:0  459 460 372736
463:0  463 464 71680
463:1  463 464 532480
463:2  463 464 372736
463:3  463 464 15360
466:0  466 467 372736
469:0  469 470 372736
470:0  470 471 114688
470:1  470 471 851968
470:2  470 471 372736
470:3  470 471 208896
470:4  470 471 28672
470:11  470 471 12288
470:12  470 471 24576
473:0  473 474 372736
521:0  521 522 1141504
525:0  525 526 1141504
526:0  526 527 175616
526:1  526 527 726528
526:2  526 527 270336
526:3  526 527 32960
527:0  527 528 1141504
531:0  531 532 1141504
532:0  532 533 175616
532:1  532 533 1100800
532:2  532 533 409600
532:3  532 533 32960
534:0  534 535 1141504
535:0  535 536 176128
535:1  535 536 409600
535:2  535 536 1100800
535:3  535 536 12288
543:0  543 544 43904
543:1  543 544 726528
543:2  543 544 67584
543:3  543 544 32960
544:0  544 545 1141504
548:0  548 549 1141504
549:0  549 550 439040
549:1  549 550 1981440
549:2  549 550 1843200
549:3  549 550 32960
551:0  551 552 1141504
552:0  552 553 440320
552:1  552 553 1843200
552:2  552 553 1981440
552:3  552 553 495360
552:4  552 553 110080
552:11  552 553 15360
560:0  560 561 219520
560:1  560 561 726528
560:2  560 561 337920
560:3  560 561 32960
561:0  561 562 1141504
565:0  565 566 1141504
566:0  566 567 351232
566:1  566 567 726528
566:2  566 567 540672
566:3  566 567 32960
568:0  568 569 1141504
569:0  569 570 176128
569:1  569 570 270336
569:2  569 570 726528
569:3  569 570 12288
575:0  575 576 724416
621:0  621 622 44032
621:1  621 622 67584
621:2  621 622 726528
621:3  621 622 3072
624:0  624 625 724416
628:0  628 629 220160
628:1  628 629 337920
628:2  628 629 726528
628:3  628 629 181632
628:4  628 629 55040
628:11  628 629 7680
631:0  631 632 724416
634:0  634 635 1141504
635:0  635 636 352256
635:1  635 636 540672
635:2  635 636 726528
635:3  635 636 181632
635:4  635 636 88064
635:11  635 636 12288
638:0  638 639 724416
640:0  640 641 724416
644:0  644 645 724416
645:0  645 646 87808
645:1  645 646 704512
645:2  645 646 131072
645:3  645 646 32960
646:0  646 647 724416
650:0  650 651 724416
651:0  651 652 87808
651:1  651 652 1100800
651:2  651 652 204800
651:3  651 652 32960
653:0  653 654 724416
654:0  654 655 88064
654:1  654 655 204800
654:2  654 655 1100800
654:3  654 655 6144
662:0  662 663 43904
662:1  662 663 704512
662:2  662 663 65536
662:3  662 663 32960
663:0  663 664 724416
667:0  667 668 724416
668:0  668 669 395136
668:1  668 669 1783296
668:2  668 669 1492992
668:3  668 669 32960
670:0  670 671 724416
671:0  671 672 396288
671:1  671 672 1492992
671:2  671 672 1783296
671:3  671 672 445824
671:4  671 672 99072
671:11  671 672 13824
679:0  679 680 197568
679:1  679 680 704512
679:2  679 680 294912
679:3  679 680 32960
680:0  680 681 724416
684:0  684 685 724416
685:0  685 686 153664
685:1  685 686 704512
685:2  685 686 229376
685:3  685 686 32960
687:0  687 688 724416
688:0  688 689 88064
688:1  688 689 131072
688:2  688 689 704512
688:3  688 689 6144
694:0  694 695 702464
740:0  740 741 44032
740:1  740 741 65536
740:2  740 741 704512
740:3  740 741 3072
743:0  743 744 702464
747:0  747 748 198144
747:1  747 748 294912
747:2  747 748 704512
747:3  747 748 173376
747:4  747 748 49536
747:11  747 748 6912
747:12  747 748 13824
750:0  750 751 702464
753:0  753 754 724416
754:0  754 755 154112
754:1  754 755 229376
754:2  754 755 704512
754:3  754 755 10752
757:0  757 758 702464
759:0  759 760 702464
763:0  763 764 702464
764:0  764 765 87808
764:1  764 765 704512
764:2  764 765 131072
764:3  764 765 32960
765:0  765 766 702464
769:0  769 770 702464
770:0  770 771 87808
770:1  770 771 825600
770:2  770 771 153600
770:3  770 771 32960
772:0  772 773 702464
773:0  773 774 88064
773:1  773 774 153600
773:2  773 774 825600
773:3  773 774 6144
781:0  781 782 32960
781:1  781 782 704512
781:2  781 782 49152
781:3  781 782 32960
782:0  782 783 702464
786:0  786 787 702464
787:0  787 788 351232
787:1  787 788 1585152
787:2  787 788 1179648
787:3  787 788 32960
789:0  789 790 702464
790:0  790 791 352256
790:1  790 791 1179648
790:2  790 791 1585152
790:3  790 791 396288
790:4  790 791 88064
790:11  790 791 12288
798:0  798 799 175616
798:1  798 799 704512
798:2  798 799 262144
798:3  798 799 32960
799:0  799 800 702464
803:0  803 804 702464
804:0  804 805 175616
804:1  804 805 704512
804:2  804 805 262144
804:3  804 805 32960
806:0  806 807 702464
807:0  807 808 88064
807:1  807 808 131072
807:2  807 808 704512
807:3  807 808 6144
813:0  813 814 702464
859:0  859 860 33024
859:1  859 860 49152
859:2  859 860 704512
859:3  859 860 2304
862:0  862 863 702464
866:0  866 867 176128
866:1  866 867 262144
866:2  866 867 704512
866:3  866 867 12288
869:0  869 870 702464
872:0  872 873 702464
873:0  873 874 176128
873:1  873 874 262144
873:2  873 874 704512
873:3  873 874 12288
876:0  876 877 702464
878:0  878 879 702464
882:0  882 883 702464
883:0  883 884 87808
883:1  883 884 704512
883:2  883 884 131072
883:3  883 884 32960
884:0  884 885 702464
888:0  888 889 702464
889:0  889 890 87808
889:1  889 890 825600
889:2  889 890 153600
889:3  889 890 32960
891:0  891 892 702464
892:0  892 893 88064
892:1  892 893 153600
892:2  892 893 825600
892:3  892 893 6144
900:0  900 901 32960
900:1  900 901 704512
900:2  900 901 49152
900:3  900 901 32960
901:0  901 902 702464
905:0  905 906 702464
906:0  906 907 307328
906:1  906 907 1387008
906:2  906 907 903168
906:3  906 907 32960
908:0  908 909 702464
909:0  909 910 308224
909:1  909 910 903168
909:2  909 910 1387008
909:3  909 910 346752
909:4  909 910 77056
909:11  909 910 10752
917:0  917 918 153664
917:1  917 918 704512
917:2  917 918 229376
917:3  917 918 32960
918:0  918 919 702464
922:0  922 923 702464
923:0  923 924 219520
923:1  923 924 704512
923:2  923 924 327680
923:3  923 924 32960
925:0  925 926 702464
926:0  926 927 88064
926:1  926 927 131072
926:2  926 927 704512
926:3  926 927 6144
932:0  932 933 702464
978:0  978 979 33024
978:1  978 979 49152
978:2  978 979 704512
978:3  978 979 2304
981:0  981 982 702464
985:0  985 986 154112
985:1  985 986 229376
985:2  985 986 704512
985:3  985 986 10752
988:0  988 989 702464
991:0  991 992 702464
992:0  992 993 220160
992:1  992 993 327680
992:2  992 993 704512
992:3  992 993 173376
992:4  992 993 55040
992:11  992 993 7680
992:12  992 993 15360
995:0  995 996 702464
997:0  997 998 702464
1001:0  1001 1002 702464
1002:0  1002 1003 87808
1002:1  1002 1003 660480
1002:2  1002 1003 122880
1002:3  1002 1003 32960
1003:0  1003 1004 702464
1007:0  1007 1008 702464
1008:0  1008 1009 65856
1008:1  1008 1009 550400
1008:2  1008 1009 76800
1008:3  1008 1009 32960
1010:0  1010 1011 702464
1011:0  1011 1012 66048
1011:1  1011 1012 76800
1011:2  1011 1012 550400
1011:3  1011 1012 4608
1019:0  1019 1020 21952
1019:1  1019 1020 660480
1019:2  1019 1020 30720
1019:3  1019 1020 32960
1020:0  1020 1021 702464
1024:0  1024 1025 702464
1025:0  1025 1026 285376
1025:1  1025 1026 1188864
1025:2  1025 1026 718848
1025:3  1025 1026 32960
1027:0  1027 1028 702464
1028:0  1028 1029 286208
1028:1  1028 1029 718848
1028:2  1028 1029 1188864
1028:3  1028 1029 297216
1028:4  1028 1029 71552
1028:11  1028 1029 9984
1036:0  1036 1037 131712
1036:1  1036 1037 660480
1036:2  1036 1037 184320
1036:3  1036 1037 32960
1037:0  1037 1038 702464
1041:0  1041 1042 702464
1042:0  1042 1043 263424
1042:1  1042 1043 660480
1042:2  1042 1043 368640
1042:3  1042 1043 32960
1044:0  1044 1045 702464
1045:0  1045 1046 88064
1045:1  1045 1046 122880
1045:2  1045 1046 660480
1045:3  1045 1046 6144
1051:0  1051 1052 658560
1097:0  1097 1098 22016
1097:1  1097 1098 30720
1097:2  1097 1098 660480
1097:3  1097 1098 1536
1100:0  1100 1101 658560
1104:0  1104 1105 132096
1104:1  1104 1105 184320
1104:2  1104 1105 660480
1104:3  1104 1105 9216
1107:0  1107 1108 658560
1110:0  1110 1111 702464
1111:0  1111 1112 264192
1111:1  1111 1112 368640
1111:2  1111 1112 660480
1111:3  1111 1112 165120
1111:4  1111 1112 66048
1111:11  1111 1112 9216
1114:0  1114 1115 658560
1162:0  1162 1163 2634240
1166:0  1166 1167 2634240
1167:0  1167 1168 351232
1167:1  1167 1168 1404928
1167:2  1167 1168 65536
1167:3  1167 1168 131712
1168:0  1168 1169 2634240
1172:0  1172 1173 2634240
1173:0  1173 1174 526848
1173:1  1173 1174 4390400
1173:2  1173 1174 307200
1173:3  1173 1174 131712
1175:0  1175 1176 2634240
1176:0  1176 1177 526848
1176:1  1176 1177 307200
1176:2  1176 1177 4390400
1176:3  1176 1177 9216
1184:0  1184 1185 175616
1184:1  1184 1185 1404928
1184:2  1184 1185 32768
1184:3  1184 1185 131712
1185:0  1185 1186 2634240
1189:0  1189 1190 2634240
1190:0  1190 1191 1053696
1190:1  1190 1191 6322176
1190:2  1190 1191 884736
1190:3  1190 1191 131712
1192:0  1192 1193 2634240
1193:0  1193 1194 1053696
1193:1  1193 1194 884736
1193:2  1193 1194 6322176
1193:3  1193 1194 1575936
1193:4  1193 1194 262656
1193:11  1193 1194 9216
1193:12  1193 1194 18432
1201:0  1201 1202 702464
1201:1  1201 1202 1404928
1201:2  1201 1202 131072
1201:3  1201 1202 131712
1202:0  1202 1203 2634240
1206:0  1206 1207 2634240
1207:0  1207 1208 702464
1207:1  1207 1208 1404928
1207:2  1207 1208 131072
1207:3  1207 1208 131712
1209:0  1209 1210 2634240
1210:0  1210 1211 351232
1210:1  1210 1211 65536
1210:2  1210 1211 1404928
1210:3  1210 1211 6144
1216:0  1216 1217 1404928
1262:0  1262 1263 175616
1262:1  1262 1263 32768
1262:2  1262 1263 1404928
1262:3  1262 1263 3072
1265:0  1265 1266 1404928
1269:0  1269 1270 702464
1269:1  1269 1270 131072
1269:2  1269 1270 1404928
1269:3  1269 1270 12288
1272:0  1272 1273 1404928
1275:0  1275 1276 2634240
1276:0  1276 1277 702464
1276:1  1276 1277 131072
1276:2  1276 1277 1404928
1276:3  1276 1277 12288
1279:0  1279 1280 1404928
1281:0  1281 1282 1404928
1285:0  1285 1286 1404928
1286:0  1286 1287 175616
1286:1  1286 1287 1053696
1286:2  1286 1287 24576
1286:3  1286 1287 131712
1287:0  1287 1288 1404928
1291:0  1291 1292 1404928
1292:0  1292 1293 175616
1292:1  1292 1293 2195200
1292:2  1292 1293 51200
1292:3  1292 1293 131712
1294:0  1294 1295 1404928
1295:0  1295 1296 175616
1295:1  1295 1296 51200
1295:2  1295 1296 2195200
1295:3  1295 1296 3072
1303:0  1303 1304 87808
1303:1  1303 1304 1053696
1303:2  1303 1304 12288
1303:3  1303 1304 131712
1304:0  1304 1305 1404928
1308:0  1308 1309 1404928
1309:0  1309 1310 702464
1309:1  1309 1310 4741632
1309:2  1309 1310 442368
1309:3  1309 1310 131712
1311:0  1311 1312 1404928
1312:0  1312 1313 702464
1312:1  1312 1313 442368
1312:2  1312 1313 4741632
1312:3  1312 1313 1181952
1312:4  1312 1313 175104
1312:11  1312 1313 6144
1312:12  1312 1313 12288
1320:0  1320 1321 526848
1320:1  1320 1321 1053696
1320:2  1320 1321 73728
1320:3  1320 1321 131712
1321:0  1321 1322 1404928
1325:0  1325 1326 1404928
1326:0  1326 1327 351232
1326:1  1326 1327 1053696
1326:2  1326 1327 49152
1326:3  1326 1327 131712
1328:0  1328 1329 1404928
1329:0  1329 1330 175616
1329:1  1329 1330 24576
1329:2  1329 1330 1053696
1329:3  1329 1330 3072
1335:0  1335 1336 1053696
1381:0  1381 1382 87808
1381:1  1381 1382 12288
1381:2  1381 1382 1053696
1381:3  1381 1382 1536
1384:0  1384 1385 1053696
1388:0  1388 1389 526848
1388:1  1388 1389 73728
1388:2  1388 1389 1053696
1388:3  1388 1389 9216
1391:0  1391 1392 1053696
1394:0  1394 1395 1404928
1395:0  1395 1396 351232
1395:1  1395 1396 49152
1395:2  1395 1396 1053696
1395:3  1395 1396 6144
1398:0  1398 1399 1053696
1446:0  1446 1447 4214784
1450:0  1450 1451 4214784
1451:0  1451 1452 4214784
1451:1  1451 1452 12644352
1451:2  1451 1452 442368
1451:3  1451 1452 3161088
1451:4  1451 1452 1053696
1451:59  1451 1452 790272
1451:60  1451 1452 263424
1451:67  1451 1452 131712
1453:0  1453 1454 4214784
1454:0  1454 1455 4214784
1454:1  1454 1455 442368
1454:2  1454 1455 12644352
1454:3  1454 1455 3161088
1454:4  1454 1455 1053696
1454:11  1454 1455 9216
1460:0  1460 1461 5619712
1504:0  1504 1505 22478848
1508:0  1508 1509 22478848
1509:0  1509 1510 22478848
1509:1  1509 1510 51631104
1509:2  1509 1510 37632
1509:3  1509 1510 8429568
0  0 2 64
1  1 4 64
2  2 5 64
3  3 5 64
4  4 7 64
5  5 9 384
6  6 8 128
7  7 9 384
8  8 16 384
9  9 11 64
10  10 12 64
11  11 13 64
12  12 14 64
13  13 15 320
14  14 16 384
15  15 218 384
16  16 18 4214784
17  17 19 5619712
18  18 1510 51631104
19  19 21 37632
20  20 22 22478848
21  21 1491 22478848
22  22 1492 5619712
23  23 1452 12644352
24  24 26 442368
25  25 27 4214784
26  26 1433 4214784
27  27 1434 1053696
28  28 1327 1053696
29  29 31 49152
30  30 48 351232
31  31 33 73728
32  32 34 526848
33  33 35 526848
34  34 1310 4741632
35  35 37 442368
36  36 48 702464
37  37 39 12288
38  38 40 87808
39  39 41 87808
40  40 1293 2195200
41  41 43 51200
42  42 48 175616
43  43 1367 1053696
44  44 1287 1053696
45  45 47 24576
46  46 48 175616
47  47 1247 1404928
48  48 1208 1404928
49  49 51 131072
50  50 68 702464
51  51 53 131072
52  52 54 702464
53  53 55 702464
54  54 1191 6322176
55  55 57 884736
56  56 68 1053696
57  57 59 32768
58  58 60 175616
59  59 61 175616
60  60 1174 4390400
61  61 63 307200
62  62 68 526848
63  63 1248 1404928
64  64 1168 1404928
65  65 67 65536
66  66 68 351232
67  67 1149 2634240
68  68 1150 658560
69  69 1043 658560
70  70 72 368640
71  71 89 263424
72  72 74 184320
73  73 75 131712
74  74 76 131712
75  75 1026 1185408
76  76 78 718848
77  77 89 285376
78  78 80 30720
79  79 81 21952
80  80 82 21952
81  81 1009 548800
82  82 84 76800
83  83 89 65856
84  84 1083 658560
85  85 1003 658560
86  86 88 122880
87  87 89 87808
88  88 963 702464
89  89 924 702464
90  90 92 327680
91  91 109 219520
92  92 94 229376
93  93 95 153664
94  94 96 153664
95  95 907 1382976
96  96 98 903168
97  97 109 307328
98  98 100 49152
99  99 101 32960
100  100 102 32960
101  101 890 823232
102  102 104 153600
103  103 109 87808
104  104 964 702464
105  105 884 702464
106  106 108 131072
107  107 109 87808
108  108 844 702464
109  109 805 702464
110  110 112 262144
111  111 129 175616
112  112 114 262144
113  113 115 175616
114  114 116 175616
115  115 788 1580544
116  116 118 1179648
117  117 129 351232
118  118 120 49152
119  119 121 32960
120  120 122 32960
121  121 771 823232
122  122 124 153600
123  123 129 87808
124  124 845 702464
125  125 765 702464
126  126 128 131072
127  127 129 87808
128  128 725 702464
129  129 686 702464
130  130 132 229376
131  131 149 153664
132  132 134 294912
133  133 135 197568
134  134 136 197568
135  135 669 1778112
136  136 138 1492992
137  137 149 395136
138  138 140 65536
139  139 141 43904
140  140 142 43904
141  141 652 1097600
142  142 144 204800
143  143 149 87808
144  144 726 702464
145  145 646 702464
146  146 148 131072
147  147 149 87808
148  148 606 724416
149  149 567 724416
150  150 152 540672
151  151 169 351232
152  152 154 337920
153  153 155 219520
154  154 156 219520
155  155 550 1975680
156  156 158 1843200
157  157 169 439040
158  158 160 67584
159  159 161 43904
160  160 162 43904
161  161 533 1097600
162  162 164 409600
163  163 169 175616
164  164 607 724416
165  165 527 724416
166  166 168 270336
167  167 169 175616
168  168 508 1141504
169  169 509 372736
170  170 402 372736
171  171 173 851968
172  172 190 114688
173  173 175 532480
174  174 176 71680
175  175 177 71680
176  176 385 645120
177  177 179 1843200
178  178 190 143360
179  179 181 106496
180  180 182 14336
181  181 183 14336
182  182 368 358400
183  183 185 409600
184  184 190 57344
185  185 442 372736
186  186 362 372736
187  187 189 425984
188  188 190 57344
189  189 322 372736
190  190 283 372736
191  191 193 1277952
192  192 210 172032
193  193 195 638976
194  194 196 86016
195  195 197 86016
196  196 266 774144
197  197 199 2654208
198  198 210 172032
199  199 201 159744
200  200 202 21504
201  201 203 21504
202  202 249 537600
203  203 205 614400
204  204 210 57344
205  205 323 372736
206  206 243 372736
207  207 209 425984
208  208 210 57344
209  209 211 458752
210  210 212 28672
211  211 230 28672
212  212 214 40960
213  213 215 320
214  214 216 384
215  215 219 384
216  216 218 384
217  217 220 384
218  218 226 320
219  219 225 320
220  220 222 320
221  221 223 320
222  222 224 320
223  223 225 320
224  224 226 320
225  225 232 320
226  226 228 320
227  227 1511 64
228  228 230 320
229  229 1512 40960
230  230 233 40960
231  231 233 320
232  232 234 28672
233  233 235 28672
234  234 236 28672
235  235 237 22478848
236  236 351 458752
237  237 239 57344
238  238 240 8192
239  239 241 8192
240  240 1513 512
241  241 243 57344
242  242 1514 425984
243  243 245 57344
244  244 246 8192
245  245 247 8192
246  246 1515 512
247  247 249 57344
248  248 1516 614400
249  249 252 614400
250  250 252 57344
251  251 253 537600
252  252 254 537600
253  253 337 21504
254  254 256 21504
255  255 257 3072
256  256 258 3072
257  257 1517 192
258  258 260 21504
259  259 1518 159744
260  260 262 172032
261  261 263 24576
262  262 264 24576
263  263 1519 1536
264  264 266 172032
265  265 1520 2654208
266  266 269 2654208
267  267 269 172032
268  268 270 774144
269  269 271 774144
270  270 344 86016
271  271 273 86016
272  272 274 12288
273  273 275 12288
274  274 1521 768
275  275 277 86016
276  276 1522 638976
277  277 279 172032
278  278 280 24576
279  279 281 24576
280  280 1523 1536
281  281 283 172032
282  282 1524 1277952
283  283 286 425984
284  284 286 57344
285  285 287 372736
286  286 288 372736
287  287 292 372736
288  288 290 372736
289  289 291 372736
290  290 293 372736
291  291 325 372736
292  292 326 372736
293  293 295 372736
294  294 296 372736
295  295 297 372736
296  296 327 372736
297  297 299 372736
298  298 300 372736
299  299 301 372736
300  300 328 372736
301  301 303 372736
302  302 304 372736
303  303 305 372736
304  304 329 372736
305  305 307 372736
306  306 308 372736
307  307 309 372736
308  308 330 372736
309  309 311 372736
310  310 312 372736
311  311 313 372736
312  312 331 372736
313  313 315 372736
314  314 316 372736
315  315 317 372736
316  316 332 372736
317  317 319 372736
318  318 320 372736
319  319 321 372736
320  320 333 372736
321  321 323 372736
322  322 324 372736
323  323 325 372736
324  324 334 372736
325  325 335 372736
326  326 335 372736
327  327 335 372736
328  328 335 372736
329  329 335 372736
330  330 335 372736
331  331 335 372736
332  332 335 372736
333  333 335 372736
334  334 342 372736
335  335 338 159744
336  336 338 21504
337  337 339 372736
338  338 340 372736
339  339 341 372736
340  340 342 372736
341  341 349 372736
342  342 345 638976
343  343 345 86016
344  344 346 372736
345  345 347 372736
346  346 348 372736
347  347 349 372736
348  348 356 372736
349  349 352 1277952
350  350 352 172032
351  351 353 372736
352  352 354 372736
353  353 355 372736
354  354 356 372736
355  355 470 372736
356  356 358 57344
357  357 359 8192
358  358 360 8192
359  359 1525 512
360  360 362 57344
361  361 1526 425984
362  362 364 57344
363  363 365 8192
364  364 366 8192
365  365 1527 512
366  366 368 57344
367  367 1528 409600
368  368 371 409600
369  369 371 57344
370  370 372 358400
371  371 373 358400
372  372 456 14336
373  373 375 14336
374  374 376 2048
375  375 377 2048
376  376 1529 128
377  377 379 14336
378  378 1530 106496
379  379 381 143360
380  380 382 20480
381  381 383 20480
382  382 1531 1280
383  383 385 143360
384  384 1532 1843200
385  385 388 1843200
386  386 388 143360
387  387 389 645120
388  388 390 645120
389  389 463 71680
390  390 392 71680
391  391 393 10240
392  392 394 10240
393  393 1533 640
394  394 396 71680
395  395 1534 532480
396  396 398 114688
397  397 399 16384
398  398 400 16384
399  399 1535 1024
400  400 402 114688
401  401 1536 851968
402  402 405 425984
403  403 405 57344
404  404 406 372736
405  405 407 372736
406  406 411 372736
407  407 409 372736
408  408 410 372736
409  409 412 372736
410  410 444 372736
411  411 445 372736
412  412 414 372736
413  413 415 372736
414  414 416 372736
415  415 446 372736
416  416 418 372736
417  417 419 372736
418  418 420 372736
419  419 447 372736
420  420 422 372736
421  421 423 372736
422  422 424 372736
423  423 448 372736
424  424 426 372736
425  425 427 372736
426  426 428 372736
427  427 449 372736
428  428 430 372736
429  429 431 372736
430  430 432 372736
431  431 450 372736
432  432 434 372736
433  433 435 372736
434  434 436 372736
435  435 451 372736
436  436 438 372736
437  437 439 372736
438  438 440 372736
439  439 452 372736
440  440 442 372736
441  441 443 372736
442  442 444 372736
443  443 453 372736
444  444 454 372736
445  445 454 372736
446  446 454 372736
447  447 454 372736
448  448 454 372736
449  449 454 372736
450  450 454 372736
451  451 454 372736
452  452 454 372736
453  453 461 372736
454  454 457 106496
455  455 457 14336
456  456 458 372736
457  457 459 372736
458  458 460 372736
459  459 461 372736
460  460 468 372736
461  461 464 532480
462  462 464 71680
463  463 465 372736
464  464 466 372736
465  465 467 372736
466  466 468 372736
467  467 475 372736
468  468 471 851968
469  469 471 114688
470  470 472 372736
471  471 473 372736
472  472 474 372736
473  473 475 372736
474  474 511 372736
475  475 477 372736
476  476 478 372736
477  477 479 372736
478  478 512 372736
479  479 481 372736
480  480 482 372736
481  481 483 372736
482  482 513 372736
483  483 485 372736
484  484 486 372736
485  485 487 372736
486  486 514 372736
487  487 489 372736
488  488 490 372736
489  489 491 372736
490  490 515 372736
491  491 493 372736
492  492 494 372736
493  493 495 372736
494  494 516 372736
495  495 497 372736
496  496 498 372736
497  497 499 372736
498  498 517 372736
499  499 501 372736
500  500 502 372736
501  501 503 372736
502  502 518 372736
503  503 505 372736
504  504 506 372736
505  505 507 372736
506  506 519 372736
507  507 509 372736
508  508 510 372736
509  509 511 372736
510  510 520 372736
511  511 521 1141504
512  512 521 1141504
513  513 521 1141504
514  514 521 1141504
515  515 521 1141504
516  516 521 1141504
517  517 521 1141504
518  518 521 1141504
519  519 521 1141504
520  520 635 1141504
521  521 523 175616
522  522 524 25088
523  523 525 25088
524  524 1537 512
525  525 527 175616
526  526 1538 270336
527  527 529 175616
528  528 530 25088
529  529 531 25088
530  530 1539 512
531  531 533 175616
532  532 1540 409600
533  533 536 409600
534  534 536 175616
535  535 537 1097600
536  536 538 1097600
537  537 621 43904
538  538 540 43904
539  539 541 6272
540  540 542 6272
541  541 1541 128
542  542 544 43904
543  543 1542 67584
544  544 546 439040
545  545 547 62720
546  546 548 62720
547  547 1543 1280
548  548 550 439040
549  549 1544 1843200
550  550 553 1843200
551  551 553 439040
552  552 554 1975680
553  553 555 1975680
554  554 628 219520
555  555 557 219520
556  556 558 31360
557  557 559 31360
558  558 1545 640
559  559 561 219520
560  560 1546 337920
561  561 563 351232
562  562 564 50176
563  563 565 50176
564  564 1547 1024
565  565 567 351232
566  566 1548 540672
567  567 570 270336
568  568 570 175616
569  569 571 724416
570  570 572 724416
571  571 576 724416
572  572 574 724416
573  573 575 724416
574  574 577 724416
575  575 609 724416
576  576 610 724416
577  577 579 724416
578  578 580 724416
579  579 581 724416
580  580 611 724416
581  581 583 724416
582  582 584 724416
583  583 585 724416
584  584 612 724416
585  585 587 724416
586  586 588 724416
587  587 589 724416
588  588 613 724416
589  589 591 724416
590  590 592 724416
591  591 593 724416
592  592 614 724416
593  593 595 724416
594  594 596 724416
595  595 597 724416
596  596 615 724416
597  597 599 724416
598  598 600 724416
599  599 601 724416
600  600 616 724416
601  601 603 724416
602  602 604 724416
603  603 605 724416
604  604 617 724416
605  605 607 724416
606  606 608 724416
607  607 609 724416
608  608 618 724416
609  609 619 724416
610  610 619 724416
611  611 619 724416
612  612 619 724416
613  613 619 724416
614  614 619 724416
615  615 619 724416
616  616 619 724416
617  617 619 724416
618  618 626 724416
619  619 622 67584
620  620 622 43904
621  621 623 724416
622  622 624 724416
623  623 625 724416
624  624 626 724416
625  625 633 724416
626  626 629 337920
627  627 629 219520
628  628 630 724416
629  629 631 724416
630  630 632 724416
631  631 633 724416
632  632 640 724416
633  633 636 540672
634  634 636 351232
635  635 637 724416
636  636 638 724416
637  637 639 724416
638  638 640 724416
639  639 754 724416
640  640 642 87808
641  641 643 12544
642  642 644 12544
643  643 1549 256
644  644 646 87808
645  645 1550 131072
646  646 648 87808
647  647 649 12544
648  648 650 12544
649  649 1551 256
650  650 652 87808
651  651 1552 204800
652  652 655 204800
653  653 655 87808
654  654 656 1097600
655  655 657 1097600
656  656 740 43904
657  657 659 43904
658  658 660 6272
659  659 661 6272
660  660 1553 128
661  661 663 43904
662  662 1554 65536
663  663 665 395136
664  664 666 56448
665  665 667 56448
666  666 1555 1152
667  667 669 395136
668  668 1556 1492992
669  669 672 1492992
670  670 672 395136
671  671 673 1778112
672  672 674 1778112
673  673 747 197568
674  674 676 197568
675  675 677 28224
676  676 678 28224
677  677 1557 576
678  678 680 197568
679  679 1558 294912
680  680 682 153664
681  681 683 21952
682  682 684 21952
683  683 1559 448
684  684 686 153664
685  685 1560 229376
686  686 689 131072
687  687 689 87808
688  688 690 702464
689  689 691 702464
690  690 695 702464
691  691 693 702464
692  692 694 702464
693  693 696 702464
694  694 728 702464
695  695 729 702464
696  696 698 702464
697  697 699 702464
698  698 700 702464
699  699 730 702464
700  700 702 702464
701  701 703 702464
702  702 704 702464
703  703 731 702464
704  704 706 702464
705  705 707 702464
706  706 708 702464
707  707 732 702464
708  708 710 702464
709  709 711 702464
710  710 712 702464
711  711 733 702464
712  712 714 702464
713  713 715 702464
714  714 716 702464
715  715 734 702464
716  716 718 702464
717  717 719 702464
718  718 720 702464
719  719 735 702464
720  720 722 702464
721  721 723 702464
722  722 724 702464
723  723 736 702464
724  724 726 702464
725  725 727 702464
726  726 728 702464
727  727 737 702464
728  728 738 702464
729  729 738 702464
730  730 738 702464
731  731 738 702464
732  732 738 702464
733  733 738 702464
734  734 738 702464
735  735 738 702464
736  736 738 702464
737  737 745 702464
738  738 741 65536
739  739 741 43904
740  740 742 702464
741  741 743 702464
742  742 744 702464
743  743 745 702464
744  744 752 702464
745  745 748 294912
746  746 748 197568
747  747 749 702464
748  748 750 702464
749  749 751 702464
750  750 752 702464
751  751 759 702464
752  752 755 229376
753  753 755 153664
754  754 756 702464
755  755 757 702464
756  756 758 702464
757  757 759 702464
758  758 873 702464
759  759 761 87808
760  760 762 12544
761  761 763 12544
762  762 1561 256
763  763 765 87808
764  764 1562 131072
765  765 767 87808
766  766 768 12544
767  767 769 12544
768  768 1563 256
769  769 771 87808
770  770 1564 153600
771  771 774 153600
772  772 774 87808
773  773 775 823232
774  774 776 823232
775  775 859 32960
776  776 778 32960
777  777 779 4736
778  778 780 4736
779  779 1565 128
780  780 782 32960
781  781 1566 49152
782  782 784 351232
783  783 785 50176
784  784 786 50176
785  785 1567 1024
786  786 788 351232
787  787 1568 1179648
788  788 791 1179648
789  789 791 351232
790  790 792 1580544
791  791 793 1580544
792  792 866 175616
793  793 795 175616
794  794 796 25088
795  795 797 25088
796  796 1569 512
797  797 799 175616
798  798 1570 262144
799  799 801 175616
800  800 802 25088
801  801 803 25088
802  802 1571 512
803  803 805 175616
804  804 1572 262144
805  805 808 131072
806  806 808 87808
807  807 809 702464
808  808 810 702464
809  809 814 702464
810  810 812 702464
811  811 813 702464
812  812 815 702464
813  813 847 702464
814  814 848 702464
815  815 817 702464
816  816 818 702464
817  817 819 702464
818  818 849 702464
819  819 821 702464
820  820 822 702464
821  821 823 702464
822  822 850 702464
823  823 825 702464
824  824 826 702464
825  825 827 702464
826  826 851 702464
827  827 829 702464
828  828 830 702464
829  829 831 702464
830  830 852 702464
831  831 833 702464
832  832 834 702464
833  833 835 702464
834  834 853 702464
835  835 837 702464
836  836 838 702464
837  837 839 702464
838  838 854 702464
839  839 841 702464
840  840 842 702464
841  841 843 702464
842  842 855 702464
843  843 845 702464
844  844 846 702464
845  845 847 702464
846  846 856 702464
847  847 857 702464
848  848 857 702464
849  849 857 702464
850  850 857 702464
851  851 857 702464
852  852 857 702464
853  853 857 702464
854  854 857 702464
855  855 857 702464
856  856 864 702464
857  857 860 49152
858  858 860 32960
859  859 861 702464
860  860 862 702464
861  861 863 702464
862  862 864 702464
863  863 871 702464
864  864 867 262144
865  865 867 175616
866  866 868 702464
867  867 869 702464
868  868 870 702464
869  869 871 702464
870  870 878 702464
871  871 874 262144
872  872 874 175616
873  873 875 702464
874  874 876 702464
875  875 877 702464
876  876 878 702464
877  877 992 702464
878  878 880 87808
879  879 881 12544
880  880 882 12544
881  881 1573 256
882  882 884 87808
883  883 1574 131072
884  884 886 87808
885  885 887 12544
886  886 888 12544
887  887 1575 256
888  888 890 87808
889  889 1576 153600
890  890 893 153600
891  891 893 87808
892  892 894 823232
893  893 895 823232
894  894 978 32960
895  895 897 32960
896  896 898 4736
897  897 899 4736
898  898 1577 128
899  899 901 32960
900  900 1578 49152
901  901 903 307328
902  902 904 43904
903  903 905 43904
904  904 1579 896
905  905 907 307328
906  906 1580 903168
907  907 910 903168
908  908 910 307328
909  909 911 1382976
910  910 912 1382976
911  911 985 153664
912  912 914 153664
913  913 915 21952
914  914 916 21952
915  915 1581 448
916  916 918 153664
917  917 1582 229376
918  918 920 219520
919  919 921 31360
920  920 922 31360
921  921 1583 640
922  922 924 219520
923  923 1584 327680
924  924 927 131072
925  925 927 87808
926  926 928 702464
927  927 929 702464
928  928 933 702464
929  929 931 702464
930  930 932 702464
931  931 934 702464
932  932 966 702464
933  933 967 702464
934  934 936 702464
935  935 937 702464
936  936 938 702464
937  937 968 702464
938  938 940 702464
939  939 941 702464
940  940 942 702464
941  941 969 702464
942  942 944 702464
943  943 945 702464
944  944 946 702464
945  945 970 702464
946  946 948 702464
947  947 949 702464
948  948 950 702464
949  949 971 702464
950  950 952 702464
951  951 953 702464
952  952 954 702464
953  953 972 702464
954  954 956 702464
955  955 957 702464
956  956 958 702464
957  957 973 702464
958  958 960 702464
959  959 961 702464
960  960 962 702464
961  961 974 702464
962  962 964 702464
963  963 965 702464
964  964 966 702464
965  965 975 702464
966  966 976 702464
967  967 976 702464
968  968 976 702464
969  969 976 702464
970  970 976 702464
971  971 976 702464
972  972 976 702464
973  973 976 702464
974  974 976 702464
975  975 983 702464
976  976 979 49152
977  977 979 32960
978  978 980 702464
979  979 981 702464
980  980 982 702464
981  981 983 702464
982  982 990 702464
983  983 986 229376
984  984 986 153664
985  985 987 702464
986  986 988 702464
987  987 989 702464
988  988 990 702464
989  989 997 702464
990  990 993 327680
991  991 993 219520
992  992 994 702464
993  993 995 702464
994  994 996 702464
995  995 997 702464
996  996 1111 702464
997  997 999 87808
998  998 1000 12544
999  999 1001 12544
1000  1000 1585 256
1001  1001 1003 87808
1002  1002 1586 122880
1003  1003 1005 65856
1004  1004 1006 9408
1005  1005 1007 9408
1006  1006 1587 192
1007  1007 1009 65856
1008  1008 1588 76800
1009  1009 1012 76800
1010  1010 1012 65856
1011  1011 1013 548800
1012  1012 1014 548800
1013  1013 1097 21952
1014  1014 1016 21952
1015  1015 1017 3136
1016  1016 1018 3136
1017  1017 1589 64
1018  1018 1020 21952
1019  1019 1590 30720
1020  1020 1022 285376
1021  1021 1023 40768
1022  1022 1024 40768
1023  1023 1591 832
1024  1024 1026 285376
1025  1025 1592 718848
1026  1026 1029 718848
1027  1027 1029 285376
1028  1028 1030 1185408
1029  1029 1031 1185408
1030  1030 1104 131712
1031  1031 1033 131712
1032  1032 1034 18816
1033  1033 1035 18816
1034  1034 1593 384
1035  1035 1037 131712
1036  1036 1594 184320
1037  1037 1039 263424
1038  1038 1040 37632
1039  1039 1041 37632
1040  1040 1595 768
1041  1041 1043 263424
1042  1042 1596 368640
1043  1043 1046 122880
1044  1044 1046 87808
1045  1045 1047 658560
1046  1046 1048 658560
1047  1047 1052 658560
1048  1048 1050 658560
1049  1049 1051 658560
1050  1050 1053 658560
1051  1051 1085 658560
1052  1052 1086 658560
1053  1053 1055 658560
1054  1054 1056 658560
1055  1055 1057 658560
1056  1056 1087 658560
1057  1057 1059 658560
1058  1058 1060 658560
1059  1059 1061 658560
1060  1060 1088 658560
1061  1061 1063 658560
1062  1062 1064 658560
1063  1063 1065 658560
1064  1064 1089 658560
1065  1065 1067 658560
1066  1066 1068 658560
1067  1067 1069 658560
1068  1068 1090 658560
1069  1069 1071 658560
1070  1070 1072 658560
1071  1071 1073 658560
1072  1072 1091 658560
1073  1073 1075 658560
1074  1074 1076 658560
1075  1075 1077 658560
1076  1076 1092 658560
1077  1077 1079 658560
1078  1078 1080 658560
1079  1079 1081 658560
1080  1080 1093 658560
1081  1081 1083 658560
1082  1082 1084 658560
1083  1083 1085 658560
1084  1084 1094 658560
1085  1085 1095 658560
1086  1086 1095 658560
1087  1087 1095 658560
1088  1088 1095 658560
1089  1089 1095 658560
1090  1090 1095 658560
1091  1091 1095 658560
1092  1092 1095 658560
1093  1093 1095 658560
1094  1094 1102 658560
1095  1095 1098 30720
1096  1096 1098 21952
1097  1097 1099 658560
1098  1098 1100 658560
1099  1099 1101 658560
1100  1100 1102 658560
1101  1101 1109 658560
1102  1102 1105 184320
1103  1103 1105 131712
1104  1104 1106 658560
1105  1105 1107 658560
1106  1106 1108 658560
1107  1107 1109 658560
1108  1108 1116 658560
1109  1109 1112 368640
1110  1110 1112 263424
1111  1111 1113 658560
1112  1112 1114 658560
1113  1113 1115 658560
1114  1114 1116 658560
1115  1115 1152 658560
1116  1116 1118 658560
1117  1117 1119 658560
1118  1118 1120 658560
1119  1119 1153 658560
1120  1120 1122 658560
1121  1121 1123 658560
1122  1122 1124 658560
1123  1123 1154 658560
1124  1124 1126 658560
1125  1125 1127 658560
1126  1126 1128 658560
1127  1127 1155 658560
1128  1128 1130 658560
1129  1129 1131 658560
1130  1130 1132 658560
1131  1131 1156 658560
1132  1132 1134 658560
1133  1133 1135 658560
1134  1134 1136 658560
1135  1135 1157 658560
1136  1136 1138 658560
1137  1137 1139 658560
1138  1138 1140 658560
1139  1139 1158 658560
1140  1140 1142 658560
1141  1141 1143 658560
1142  1142 1144 658560
1143  1143 1159 658560
1144  1144 1146 658560
1145  1145 1147 658560
1146  1146 1148 658560
1147  1147 1160 658560
1148  1148 1150 658560
1149  1149 1151 658560
1150  1150 1152 658560
1151  1151 1161 658560
1152  1152 1162 2634240
1153  1153 1162 2634240
1154  1154 1162 2634240
1155  1155 1162 2634240
1156  1156 1162 2634240
1157  1157 1162 2634240
1158  1158 1162 2634240
1159  1159 1162 2634240
1160  1160 1162 2634240
1161  1161 1276 2634240
1162  1162 1164 351232
1163  1163 1165 50176
1164  1164 1166 50176
1165  1165 1597 256
1166  1166 1168 351232
1167  1167 1598 65536
1168  1168 1170 526848
1169  1169 1171 75264
1170  1170 1172 75264
1171  1171 1599 384
1172  1172 1174 526848
1173  1173 1600 307200
1174  1174 1177 307200
1175  1175 1177 526848
1176  1176 1178 4390400
1177  1177 1179 4390400
1178  1178 1262 175616
1179  1179 1181 175616
1180  1180 1182 25088
1181  1181 1183 25088
1182  1182 1601 128
1183  1183 1185 175616
1184  1184 1602 32768
1185  1185 1187 1053696
1186  1186 1188 150528
1187  1187 1189 150528
1188  1188 1603 768
1189  1189 1191 1053696
1190  1190 1604 884736
1191  1191 1194 884736
1192  1192 1194 1053696
1193  1193 1195 6322176
1194  1194 1196 6322176
1195  1195 1269 702464
1196  1196 1198 702464
1197  1197 1199 100352
1198  1198 1200 100352
1199  1199 1605 512
1200  1200 1202 702464
1201  1201 1606 131072
1202  1202 1204 702464
1203  1203 1205 100352
1204  1204 1206 100352
1205  1205 1607 512
1206  1206 1208 702464
1207  1207 1608 131072
1208  1208 1211 65536
1209  1209 1211 351232
1210  1210 1212 1404928
1211  1211 1213 1404928
1212  1212 1217 1404928
1213  1213 1215 1404928
1214  1214 1216 1404928
1215  1215 1218 1404928
1216  1216 1250 1404928
1217  1217 1251 1404928
1218  1218 1220 1404928
1219  1219 1221 1404928
1220  1220 1222 1404928
1221  1221 1252 1404928
1222  1222 1224 1404928
1223  1223 1225 1404928
1224  1224 1226 1404928
1225  1225 1253 1404928
1226  1226 1228 1404928
1227  1227 1229 1404928
1228  1228 1230 1404928
1229  1229 1254 1404928
1230  1230 1232 1404928
1231  1231 1233 1404928
1232  1232 1234 1404928
1233  1233 1255 1404928
1234  1234 1236 1404928
1235  1235 1237 1404928
1236  1236 1238 1404928
1237  1237 1256 1404928
1238  1238 1240 1404928
1239  1239 1241 1404928
1240  1240 1242 1404928
1241  1241 1257 1404928
1242  1242 1244 1404928
1243  1243 1245 1404928
1244  1244 1246 1404928
1245  1245 1258 1404928
1246  1246 1248 1404928
1247  1247 1249 1404928
1248  1248 1250 1404928
1249  1249 1259 1404928
1250  1250 1260 1404928
1251  1251 1260 1404928
1252  1252 1260 1404928
1253  1253 1260 1404928
1254  1254 1260 1404928
1255  1255 1260 1404928
1256  1256 1260 1404928
1257  1257 1260 1404928
1258  1258 1260 1404928
1259  1259 1267 1404928
1260  1260 1263 32768
1261  1261 1263 175616
1262  1262 1264 1404928
1263  1263 1265 1404928
1264  1264 1266 1404928
1265  1265 1267 1404928
1266  1266 1274 1404928
1267  1267 1270 131072
1268  1268 1270 702464
1269  1269 1271 1404928
1270  1270 1272 1404928
1271  1271 1273 1404928
1272  1272 1274 1404928
1273  1273 1281 1404928
1274  1274 1277 131072
1275  1275 1277 702464
1276  1276 1278 1404928
1277  1277 1279 1404928
1278  1278 1280 1404928
1279  1279 1281 1404928
1280  1280 1395 1404928
1281  1281 1283 175616
1282  1282 1284 25088
1283  1283 1285 25088
1284  1284 1609 128
1285  1285 1287 175616
1286  1286 1610 24576
1287  1287 1289 175616
1288  1288 1290 25088
1289  1289 1291 25088
1290  1290 1611 128
1291  1291 1293 175616
1292  1292 1612 51200
1293  1293 1296 51200
1294  1294 1296 175616
1295  1295 1297 2195200
1296  1296 1298 2195200
1297  1297 1381 87808
1298  1298 1300 87808
1299  1299 1301 12544
1300  1300 1302 12544
1301  1301 1613 64
1302  1302 1304 87808
1303  1303 1614 12288
1304  1304 1306 702464
1305  1305 1307 100352
1306  1306 1308 100352
1307  1307 1615 512
1308  1308 1310 702464
1309  1309 1616 442368
1310  1310 1313 442368
1311  1311 1313 702464
1312  1312 1314 4741632
1313  1313 1315 4741632
1314  1314 1388 526848
1315  1315 1317 526848
1316  1316 1318 75264
1317  1317 1319 75264
1318  1318 1617 384
1319  1319 1321 526848
1320  1320 1618 73728
1321  1321 1323 351232
1322  1322 1324 50176
1323  1323 1325 50176
1324  1324 1619 256
1325  1325 1327 351232
1326  1326 1620 49152
1327  1327 1330 24576
1328  1328 1330 175616
1329  1329 1331 1053696
1330  1330 1332 1053696
1331  1331 1336 1053696
1332  1332 1334 1053696
1333  1333 1335 1053696
1334  1334 1337 1053696
1335  1335 1369 1053696
1336  1336 1370 1053696
1337  1337 1339 1053696
1338  1338 1340 1053696
1339  1339 1341 1053696
1340  1340 1371 1053696
1341  1341 1343 1053696
1342  1342 1344 1053696
1343  1343 1345 1053696
1344  1344 1372 1053696
1345  1345 1347 1053696
1346  1346 1348 1053696
1347  1347 1349 1053696
1348  1348 1373 1053696
1349  1349 1351 1053696
1350  1350 1352 1053696
1351  1351 1353 1053696
1352  1352 1374 1053696
1353  1353 1355 1053696
1354  1354 1356 1053696
1355  1355 1357 1053696
1356  1356 1375 1053696
1357  1357 1359 1053696
1358  1358 1360 1053696
1359  1359 1361 1053696
1360  1360 1376 1053696
1361  1361 1363 1053696
1362  1362 1364 1053696
1363  1363 1365 1053696
1364  1364 1377 1053696
1365  1365 1367 1053696
1366  1366 1368 1053696
1367  1367 1369 1053696
1368  1368 1378 1053696
1369  1369 1379 1053696
1370  1370 1379 1053696
1371  1371 1379 1053696
1372  1372 1379 1053696
1373  1373 1379 1053696
1374  1374 1379 1053696
1375  1375 1379 1053696
1376  1376 1379 1053696
1377  1377 1379 1053696
1378  1378 1386 1053696
1379  1379 1382 12288
1380  1380 1382 87808
1381  1381 1383 1053696
1382  1382 1384 1053696
1383  1383 1385 1053696
1384  1384 1386 1053696
1385  1385 1393 1053696
1386  1386 1389 73728
1387  1387 1389 526848
1388  1388 1390 1053696
1389  1389 1391 1053696
1390  1390 1392 1053696
1391  1391 1393 1053696
1392  1392 1400 1053696
1393  1393 1396 49152
1394  1394 1396 351232
1395  1395 1397 1053696
1396  1396 1398 1053696
1397  1397 1399 1053696
1398  1398 1400 1053696
1399  1399 1436 1053696
1400  1400 1402 1053696
1401  1401 1403 1053696
1402  1402 1404 1053696
1403  1403 1437 1053696
1404  1404 1406 1053696
1405  1405 1407 1053696
1406  1406 1408 1053696
1407  1407 1438 1053696
1408  1408 1410 1053696
1409  1409 1411 1053696
1410  1410 1412 1053696
1411  1411 1439 1053696
1412  1412 1414 1053696
1413  1413 1415 1053696
1414  1414 1416 1053696
1415  1415 1440 1053696
1416  1416 1418 1053696
1417  1417 1419 1053696
1418  1418 1420 1053696
1419  1419 1441 1053696
1420  1420 1422 1053696
1421  1421 1423 1053696
1422  1422 1424 1053696
1423  1423 1442 1053696
1424  1424 1426 1053696
1425  1425 1427 1053696
1426  1426 1428 1053696
1427  1427 1443 1053696
1428  1428 1430 1053696
1429  1429 1431 1053696
1430  1430 1432 1053696
1431  1431 1444 1053696
1432  1432 1434 1053696
1433  1433 1435 1053696
1434  1434 1436 1053696
1435  1435 1445 1053696
1436  1436 1446 4214784
1437  1437 1446 4214784
1438  1438 1446 4214784
1439  1439 1446 4214784
1440  1440 1446 4214784
1441  1441 1446 4214784
1442  1442 1446 4214784
1443  1443 1446 4214784
1444  1444 1446 4214784
1445  1445 1454 4214784
1446  1446 1448 4214784
1447  1447 1449 602112
1448  1448 1450 602112
1449  1449 1621 768
1450  1450 1452 4214784
1451  1451 1622 442368
1452  1452 1455 442368
1453  1453 1455 4214784
1454  1454 1456 12644352
1455  1455 1457 50577408
1456  1456 1461 5619712
1457  1457 1459 5619712
1458  1458 1460 5619712
1459  1459 1462 5619712
1460  1460 1494 5619712
1461  1461 1495 5619712
1462  1462 1464 5619712
1463  1463 1465 5619712
1464  1464 1466 5619712
1465  1465 1496 5619712
1466  1466 1468 5619712
1467  1467 1469 5619712
1468  1468 1470 5619712
1469  1469 1497 5619712
1470  1470 1472 5619712
1471  1471 1473 5619712
1472  1472 1474 5619712
1473  1473 1498 5619712
1474  1474 1476 5619712
1475  1475 1477 5619712
1476  1476 1478 5619712
1477  1477 1499 5619712
1478  1478 1480 5619712
1479  1479 1481 5619712
1480  1480 1482 5619712
1481  1481 1500 5619712
1482  1482 1484 5619712
1483  1483 1485 5619712
1484  1484 1486 5619712
1485  1485 1501 5619712
1486  1486 1488 5619712
1487  1487 1489 5619712
1488  1488 1490 5619712
1489  1489 1502 5619712
1490  1490 1492 5619712
1491  1491 1493 5619712
1492  1492 1494 5619712
1493  1493 1503 5619712
1494  1494 1504 22478848
1495  1495 1504 22478848
1496  1496 1504 22478848
1497  1497 1504 22478848
1498  1498 1504 22478848
1499  1499 1504 22478848
1500  1500 1504 22478848
1501  1501 1504 22478848
1502  1502 1504 22478848
1503  1503 1509 22478848
1504  1504 1506 22478848
1505  1505 1507 3211264
1506  1506 1508 3211264
1507  1507 1623 256
1508  1508 1510 22478848
1509  1509 1624 37632
1510  1510 1624 64
1511  1511 1624 40960
1512  1512 1624 512
1513  1513 1624 425984
1514  1514 1624 512
1515  1515 1624 614400
1516  1516 1624 192
1517  1517 1624 159744
1518  1518 1624 1536
1519  1519 1624 2654208
1520  1520 1624 768
1521  1521 1624 638976
1522  1522 1624 1536
1523  1523 1624 1277952
1524  1524 1624 512
1525  1525 1624 425984
1526  1526 1624 512
1527  1527 1624 409600
1528  1528 1624 128
1529  1529 1624 106496
1530  1530 1624 1280
1531  1531 1624 1843200
1532  1532 1624 640
1533  1533 1624 532480
1534  1534 1624 1024
1535  1535 1624 851968
1536  1536 1624 512
1537  1537 1624 270336
1538  1538 1624 512
1539  1539 1624 409600
1540  1540 1624 128
1541  1541 1624 67584
1542  1542 1624 1280
1543  1543 1624 1843200
1544  1544 1624 640
1545  1545 1624 337920
1546  1546 1624 1024
1547  1547 1624 540672
1548  1548 1624 256
1549  1549 1624 131072
1550  1550 1624 256
1551  1551 1624 204800
1552  1552 1624 128
1553  1553 1624 65536
1554  1554 1624 1152
1555  1555 1624 1492992
1556  1556 1624 576
1557  1557 1624 294912
1558  1558 1624 448
1559  1559 1624 229376
1560  1560 1624 256
1561  1561 1624 131072
1562  1562 1624 256
1563  1563 1624 153600
1564  1564 1624 128
1565  1565 1624 49152
1566  1566 1624 1024
1567  1567 1624 1179648
1568  1568 1624 512
1569  1569 1624 262144
1570  1570 1624 512
1571  1571 1624 262144
1572  1572 1624 256
1573  1573 1624 131072
1574  1574 1624 256
1575  1575 1624 153600
1576  1576 1624 128
1577  1577 1624 49152
1578  1578 1624 896
1579  1579 1624 903168
1580  1580 1624 448
1581  1581 1624 229376
1582  1582 1624 640
1583  1583 1624 327680
1584  1584 1624 256
1585  1585 1624 122880
1586  1586 1624 192
1587  1587 1624 76800
1588  1588 1624 64
1589  1589 1624 30720
1590  1590 1624 832
1591  1591 1624 718848
1592  1592 1624 384
1593  1593 1624 184320
1594  1594 1624 768
1595  1595 1624 368640
1596  1596 1624 256
1597  1597 1624 65536
1598  1598 1624 384
1599  1599 1624 307200
1600  1600 1624 128
1601  1601 1624 32768
1602  1602 1624 768
1603  1603 1624 884736
1604  1604 1624 512
1605  1605 1624 131072
1606  1606 1624 512
1607  1607 1624 131072
1608  1608 1624 128
1609  1609 1624 24576
1610  1610 1624 128
1611  1611 1624 51200
1612  1612 1624 64
1613  1613 1624 12288
1614  1614 1624 512
1615  1615 1624 442368
1616  1616 1624 384
1617  1617 1624 73728
1618  1618 1624 256
1619  1619 1624 49152
1620  1620 1624 768
1621  1621 1624 442368
1622  1622 1624 256
1623  1623 1624 37632
