7:0  7 8 128
7:1  7 8 64
18:0  18 19 1204224
20:0  20 21 37632
20:1  20 21 14852096
20:2  20 21 6422528
20:3  20 21 14144
21:0  21 22 6422528
23:0  23 24 1605632
25:0  25 26 442368
25:1  25 26 3612672
25:2  25 26 1204224
25:3  25 26 898560
25:4  25 26 110592
25:65  25 26 221184
25:66  25 26 27648
25:73  25 26 13824
25:74  25 26 27648
25:75  25 26 55296
26:0  26 27 1204224
28:0  28 29 301056
30:0  30 31 49152
30:1  30 31 301056
30:2  30 31 100352
30:3  30 31 18432
32:0  32 33 73728
32:1  32 33 301056
32:2  32 33 150528
32:3  32 33 18432
33:0  33 34 150528
34:0  34 35 150528
36:0  36 37 442368
36:1  36 37 1354752
36:2  36 37 200704
36:3  36 37 331776
36:4  36 37 110592
36:11  36 37 41472
36:12  36 37 82944
38:0  38 39 12288
38:1  38 39 301056
38:2  38 39 25088
38:3  38 39 18432
39:0  39 40 25088
40:0  40 41 25088
42:0  42 43 51200
42:1  42 43 627200
42:2  42 43 50176
42:3  42 43 38400
44:0  44 45 301056
46:0  46 47 24576
46:1  46 47 301056
46:2  46 47 50176
46:3  46 47 18432
47:0  47 48 401408
48:0  48 49 401408
50:0  50 51 131072
50:1  50 51 401408
50:2  50 51 200704
50:3  50 51 98304
50:4  50 51 32768
50:11  50 51 12288
50:12  50 51 24576
52:0  52 53 131072
52:1  52 53 401408
52:2  52 53 200704
52:3  52 53 98304
52:4  52 53 32768
52:11  52 53 12288
52:12  52 53 24576
53:0  53 54 200704
54:0  54 55 200704
56:0  56 57 884736
56:1  56 57 1806336
56:2  56 57 301056
56:3  56 57 442368
56:4  56 57 221184
56:11  56 57 55296
56:12  56 57 110592
58:0  58 59 32768
58:1  58 59 401408
58:2  58 59 50176
58:3  58 59 24576
59:0  59 60 50176
60:0  60 61 50176
62:0  62 63 307200
62:1  62 63 1254400
62:2  62 63 150528
62:3  62 63 307200
62:4  62 63 76800
62:11  62 63 38400
62:12  62 63 76800
64:0  64 65 401408
66:0  66 67 65536
66:1  66 67 401408
66:2  66 67 100352
66:3  66 67 24576
67:0  67 68 752640
69:0  69 70 188160
71:0  71 72 368640
71:1  71 72 188160
71:2  71 72 75264
71:3  71 72 46080
73:0  73 74 184320
73:1  73 74 188160
73:2  73 74 37632
73:3  73 74 46080
74:0  74 75 37632
75:0  75 76 37632
77:0  77 78 718848
77:1  77 78 338688
77:2  77 78 81536
77:3  77 78 82944
79:0  79 80 30720
79:1  79 80 188160
79:2  79 80 6272
79:3  79 80 46080
80:0  80 81 6272
81:0  81 82 6272
83:0  83 84 76800
83:1  83 84 156800
83:2  83 84 18816
83:3  83 84 38400
85:0  85 86 188160
87:0  87 88 122880
87:1  87 88 188160
87:2  87 88 25088
87:3  87 88 46080
88:0  88 89 200704
89:0  89 90 200704
91:0  91 92 327680
91:1  91 92 200704
91:2  91 92 62720
91:3  91 92 49152
93:0  93 94 229376
93:1  93 94 200704
93:2  93 94 43904
93:3  93 94 49152
94:0  94 95 43904
95:0  95 96 43904
97:0  97 98 903168
97:1  97 98 395136
97:2  97 98 87808
97:3  97 98 96768
99:0  99 100 49152
99:1  99 100 200704
99:2  99 100 9408
99:3  99 100 49152
100:0  100 101 9408
101:0  101 102 9408
103:0  103 104 153600
103:1  103 104 235200
103:2  103 104 25088
103:3  103 104 57600
105:0  105 106 200704
107:0  107 108 131072
107:1  107 108 200704
107:2  107 108 25088
107:3  107 108 49152
108:0  108 109 200704
109:0  109 110 200704
111:0  111 112 262144
111:1  111 112 200704
111:2  111 112 50176
111:3  111 112 49152
113:0  113 114 262144
113:1  113 114 200704
113:2  113 114 50176
113:3  113 114 49152
114:0  114 115 50176
115:0  115 116 50176
117:0  117 118 1179648
117:1  117 118 451584
117:2  117 118 100352
117:3  117 118 110592
119:0  119 120 49152
119:1  119 120 200704
119:2  119 120 9408
119:3  119 120 49152
120:0  120 121 9408
121:0  121 122 9408
123:0  123 124 153600
123:1  123 124 235200
123:2  123 124 25088
123:3  123 124 57600
125:0  125 126 200704
127:0  127 128 131072
127:1  127 128 200704
127:2  127 128 25088
127:3  127 128 49152
128:0  128 129 200704
129:0  129 130 200704
131:0  131 132 229376
131:1  131 132 200704
131:2  131 132 43904
131:3  131 132 49152
133:0  133 134 294912
133:1  133 134 200704
133:2  133 134 56448
133:3  133 134 49152
134:0  134 135 56448
135:0  135 136 56448
137:0  137 138 1492992
137:1  137 138 508032
137:2  137 138 112896
137:3  137 138 124416
137:4  137 138 373248
137:11  137 138 62208
137:12  137 138 124416
139:0  139 140 65536
139:1  139 140 200704
139:2  139 140 12544
139:3  139 140 49152
140:0  140 141 12544
141:0  141 142 12544
143:0  143 144 204800
143:1  143 144 313600
143:2  143 144 25088
143:3  143 144 76800
145:0  145 146 200704
147:0  147 148 131072
147:1  147 148 200704
147:2  147 148 25088
147:3  147 148 49152
148:0  148 149 206976
149:0  149 150 206976
151:0  151 152 540672
151:1  151 152 206976
151:2  151 152 100352
151:3  151 152 50688
153:0  153 154 337920
153:1  153 154 206976
153:2  153 154 62720
153:3  153 154 50688
154:0  154 155 62720
155:0  155 156 62720
157:0  157 158 1843200
157:1  157 158 564480
157:2  157 158 125440
157:3  157 158 138240
157:4  157 158 460800
157:11  157 158 69120
157:12  157 158 138240
159:0  159 160 67584
159:1  159 160 206976
159:2  159 160 12544
159:3  159 160 50688
160:0  160 161 12544
161:0  161 162 12544
163:0  163 164 409600
163:1  163 164 313600
163:2  163 164 50176
163:3  163 164 76800
165:0  165 166 206976
167:0  167 168 270336
167:1  167 168 206976
167:2  167 168 50176
167:3  167 168 50688
168:0  168 169 326144
170:0  170 171 106496
172:0  172 173 851968
172:1  172 173 106496
172:2  172 173 32768
172:3  172 173 79872
174:0  174 175 532480
174:1  174 175 106496
174:2  174 175 20480
174:3  174 175 79872
175:0  175 176 20480
176:0  176 177 20480
178:0  178 179 1843200
178:1  178 179 184320
178:2  178 179 40960
178:3  178 179 138240
180:0  180 181 106496
180:1  180 181 106496
180:2  180 181 4096
180:3  180 181 79872
181:0  181 182 4096
182:0  182 183 4096
184:0  184 185 409600
184:1  184 185 102400
184:2  184 185 16384
184:3  184 185 76800
186:0  186 187 106496
188:0  188 189 425984
188:1  188 189 106496
188:2  188 189 16384
188:3  188 189 79872
189:0  189 190 106496
190:0  190 191 106496
192:0  192 193 1277952
192:1  192 193 106496
192:2  192 193 49152
192:3  192 193 79872
194:0  194 195 638976
194:1  194 195 106496
194:2  194 195 24576
194:3  194 195 79872
195:0  195 196 24576
196:0  196 197 24576
198:0  198 199 2654208
198:1  198 199 221184
198:2  198 199 49152
198:3  198 199 165888
200:0  200 201 159744
200:1  200 201 106496
200:2  200 201 6144
200:3  200 201 79872
201:0  201 202 6144
202:0  202 203 6144
204:0  204 205 614400
204:1  204 205 153600
204:2  204 205 16384
204:3  204 205 115200
206:0  206 207 106496
208:0  208 209 425984
208:1  208 209 106496
208:2  208 209 16384
208:3  208 209 79872
209:0  209 210 131072
211:0  211 212 8192
213:0  213 214 49152
213:1  213 214 8192
213:2  213 214 128
213:3  213 1624 64
213:4  213 214 98304
215:0  215 216 128
229:0  229 230 128
229:1  229 230 16384
229:2  229 230 49152
229:3  229 230 192
232:0  232 233 192
232:1  232 233 49152
232:2  232 233 16384
232:3  232 233 960
242:0  242 243 16384
242:1  242 243 106496
242:2  242 243 425984
242:3  242 243 3072
248:0  248 249 16384
248:1  248 249 153600
248:2  248 249 614400
248:3  248 249 3072
251:0  251 252 16384
251:1  251 252 614400
251:2  251 252 153600
251:3  251 252 12288
259:0  259 260 6144
259:1  259 260 106496
259:2  259 260 159744
259:3  259 260 3072
265:0  265 266 49152
265:1  265 266 221184
265:2  265 266 2654208
265:3  265 266 3072
268:0  268 269 49152
268:1  268 269 2654208
268:2  268 269 221184
268:3  268 269 36864
276:0  276 277 24576
276:1  276 277 106496
276:2  276 277 638976
276:3  276 277 3072
282:0  282 283 49152
282:1  282 283 106496
282:2  282 283 1277952
282:3  282 283 3072
285:0  285 286 16384
285:1  285 286 425984
285:2  285 286 106496
285:3  285 286 12288
291:0  291 292 106496
337:0  337 338 6144
337:1  337 338 159744
337:2  337 338 106496
337:3  337 338 4608
340:0  340 341 106496
344:0  344 345 24576
344:1  344 345 638976
344:2  344 345 106496
344:3  344 345 18432
347:0  347 348 106496
351:0  351 352 49152
351:1  351 352 1277952
351:2  351 352 106496
351:3  351 352 36864
354:0  354 355 106496
356:0  356 357 106496
360:0  360 361 106496
361:0  361 362 16384
361:1  361 362 106496
361:2  361 362 425984
361:3  361 362 3072
362:0  362 363 106496
366:0  366 367 106496
367:0  367 368 16384
367:1  367 368 102400
367:2  367 368 409600
367:3  367 368 3072
369:0  369 370 106496
370:0  370 371 16384
370:1  370 371 409600
370:2  370 371 102400
370:3  370 371 12288
378:0  378 379 4096
378:1  378 379 106496
378:2  378 379 106496
378:3  378 379 3072
379:0  379 380 106496
383:0  383 384 106496
384:0  384 385 40960
384:1  384 385 184320
384:2  384 385 1843200
384:3  384 385 3072
386:0  386 387 106496
387:0  387 388 40960
387:1  387 388 1843200
387:2  387 388 184320
387:3  387 388 30720
395:0  395 396 20480
395:1  395 396 106496
395:2  395 396 532480
395:3  395 396 3072
396:0  396 397 106496
400:0  400 401 106496
401:0  401 402 32768
401:1  401 402 106496
401:2  401 402 851968
401:3  401 402 3072
403:0  403 404 106496
404:0  404 405 16384
404:1  404 405 425984
404:2  404 405 106496
404:3  404 405 12288
410:0  410 411 106496
456:0  456 457 4096
456:1  456 457 106496
456:2  456 457 106496
456:3  456 457 3072
459:0  459 460 106496
463:0  463 464 20480
463:1  463 464 532480
463:2  463 464 106496
463:3  463 464 15360
466:0  466 467 106496
469:0  469 470 106496
470:0  470 471 32768
470:1  470 471 851968
470:2  470 471 106496
470:3  470 471 24576
473:0  473 474 106496
521:0  521 522 326144
525:0  525 526 326144
526:0  526 527 50176
526:1  526 527 211200
526:2  526 527 270336
526:3  526 527 9408
527:0  527 528 326144
531:0  531 532 326144
532:0  532 533 50176
532:1  532 533 320000
532:2  532 533 409600
532:3  532 533 9408
534:0  534 535 326144
535:0  535 536 51200
535:1  535 536 409600
535:2  535 536 320000
535:3  535 536 12288
543:0  543 544 12544
543:1  543 544 211200
543:2  543 544 67584
543:3  543 544 9408
544:0  544 545 326144
548:0  548 549 326144
549:0  549 550 125440
549:1  549 550 576000
549:2  549 550 1843200
549:3  549 550 9408
551:0  551 552 326144
552:0  552 553 128000
552:1  552 553 1843200
552:2  552 553 576000
552:3  552 553 460800
552:4  552 553 30720
552:11  552 553 15360
552:12  552 553 30720
560:0  560 561 62720
560:1  560 561 211200
560:2  560 561 337920
560:3  560 561 9408
561:0  561 562 326144
565:0  565 566 326144
566:0  566 567 100352
566:1  566 567 211200
566:2  566 567 540672
566:3  566 567 9408
568:0  568 569 326144
569:0  569 570 51200
569:1  569 570 270336
569:2  569 570 211200
569:3  569 570 12288
575:0  575 576 206976
621:0  621 622 12800
621:1  621 622 67584
621:2  621 622 211200
621:3  621 622 3072
624:0  624 625 206976
628:0  628 629 64000
628:1  628 629 337920
628:2  628 629 211200
628:3  628 629 15360
631:0  631 632 206976
634:0  634 635 326144
635:0  635 636 102400
635:1  635 636 540672
635:2  635 636 211200
635:3  635 636 24576
638:0  638 639 206976
640:0  640 641 206976
644:0  644 645 206976
645:0  645 646 25088
645:1  645 646 204800
645:2  645 646 131072
645:3  645 646 9408
646:0  646 647 206976
650:0  650 651 206976
651:0  651 652 25088
651:1  651 652 320000
651:2  651 652 204800
651:3  651 652 9408
653:0  653 654 206976
654:0  654 655 25600
654:1  654 655 204800
654:2  654 655 320000
654:3  654 655 6144
662:0  662 663 12544
662:1  662 663 204800
662:2  662 663 65536
662:3  662 663 9408
663:0  663 664 206976
667:0  667 668 206976
668:0  668 669 112896
668:1  668 669 518400
668:2  668 669 1492992
668:3  668 669 9408
670:0  670 671 206976
671:0  671 672 115200
671:1  671 672 1492992
671:2  671 672 518400
671:3  671 672 373248
671:4  671 672 27648
671:11  671 672 13824
671:12  671 672 27648
679:0  679 680 56448
679:1  679 680 204800
679:2  679 680 294912
679:3  679 680 9408
680:0  680 681 206976
684:0  684 685 206976
685:0  685 686 43904
685:1  685 686 204800
685:2  685 686 229376
685:3  685 686 9408
687:0  687 688 206976
688:0  688 689 25600
688:1  688 689 131072
688:2  688 689 204800
688:3  688 689 6144
694:0  694 695 200704
740:0  740 741 12800
740:1  740 741 65536
740:2  740 741 204800
740:3  740 741 3072
743:0  743 744 200704
747:0  747 748 57600
747:1  747 748 294912
747:2  747 748 204800
747:3  747 748 13824
750:0  750 751 200704
753:0  753 754 206976
754:0  754 755 44800
754:1  754 755 229376
754:2  754 755 204800
754:3  754 755 10752
757:0  757 758 200704
759:0  759 760 200704
763:0  763 764 200704
764:0  764 765 25088
764:1  764 765 204800
764:2  764 765 131072
764:3  764 765 9408
765:0  765 766 200704
769:0  769 770 200704
770:0  770 771 25088
770:1  770 771 240000
770:2  770 771 153600
770:3  770 771 9408
772:0  772 773 200704
773:0  773 774 25600
773:1  773 774 153600
773:2  773 774 240000
773:3  773 774 6144
781:0  781 782 9408
781:1  781 782 204800
781:2  781 782 49152
781:3  781 782 9408
782:0  782 783 200704
786:0  786 787 200704
787:0  787 788 100352
787:1  787 788 460800
787:2  787 788 1179648
787:3  787 788 9408
789:0  789 790 200704
790:0  790 791 102400
790:1  790 791 1179648
790:2  790 791 460800
790:3  790 791 294912
790:4  790 791 24576
790:11  790 791 12288
790:12  790 791 24576
798:0  798 799 50176
798:1  798 799 204800
798:2  798 799 262144
798:3  798 799 9408
799:0  799 800 200704
803:0  803 804 200704
804:0  804 805 50176
804:1  804 805 204800
804:2  804 805 262144
804:3  804 805 9408
806:0  806 807 200704
807:0  807 808 25600
807:1  807 808 131072
807:2  807 808 204800
807:3  807 808 6144
813:0  813 814 200704
859:0  859 860 9600
859:1  859 860 49152
859:2  859 860 204800
859:3  859 860 2304
862:0  862 863 200704
866:0  866 867 51200
866:1  866 867 262144
866:2  866 867 204800
866:3  866 867 12288
869:0  869 870 200704
872:0  872 873 200704
873:0  873 874 51200
873:1  873 874 262144
873:2  873 874 204800
873:3  873 874 12288
876:0  876 877 200704
878:0  878 879 200704
882:0  882 883 200704
883:0  883 884 25088
883:1  883 884 204800
883:2  883 884 131072
883:3  883 884 9408
884:0  884 885 200704
888:0  888 889 200704
889:0  889 890 25088
889:1  889 890 240000
889:2  889 890 153600
889:3  889 890 9408
891:0  891 892 200704
892:0  892 893 25600
892:1  892 893 153600
892:2  892 893 240000
892:3  892 893 6144
900:0  900 901 9408
900:1  900 901 204800
900:2  900 901 49152
900:3  900 901 9408
901:0  901 902 200704
905:0  905 906 200704
906:0  906 907 87808
906:1  906 907 403200
906:2  906 907 903168
906:3  906 907 9408
908:0  908 909 200704
909:0  909 910 89600
909:1  909 910 903168
909:2  909 910 403200
909:3  909 910 21504
917:0  917 918 43904
917:1  917 918 204800
917:2  917 918 229376
917:3  917 918 9408
918:0  918 919 200704
922:0  922 923 200704
923:0  923 924 62720
923:1  923 924 204800
923:2  923 924 327680
923:3  923 924 9408
925:0  925 926 200704
926:0  926 927 25600
926:1  926 927 131072
926:2  926 927 204800
926:3  926 927 6144
932:0  932 933 200704
978:0  978 979 9600
978:1  978 979 49152
978:2  978 979 204800
978:3  978 979 2304
981:0  981 982 200704
985:0  985 986 44800
985:1  985 986 229376
985:2  985 986 204800
985:3  985 986 10752
988:0  988 989 200704
991:0  991 992 200704
992:0  992 993 64000
992:1  992 993 327680
992:2  992 993 204800
992:3  992 993 15360
995:0  995 996 200704
997:0  997 998 200704
1001:0  1001 1002 200704
1002:0  1002 1003 25088
1002:1  1002 1003 192000
1002:2  1002 1003 122880
1002:3  1002 1003 9408
1003:0  1003 1004 200704
1007:0  1007 1008 200704
1008:0  1008 1009 18816
1008:1  1008 1009 160000
1008:2  1008 1009 76800
1008:3  1008 1009 9408
1010:0  1010 1011 200704
1011:0  1011 1012 19200
1011:1  1011 1012 76800
1011:2  1011 1012 160000
1011:3  1011 1012 4608
1019:0  1019 1020 6272
1019:1  1019 1020 192000
1019:2  1019 1020 30720
1019:3  1019 1020 9408
1020:0  1020 1021 200704
1024:0  1024 1025 200704
1025:0  1025 1026 81536
1025:1  1025 1026 345600
1025:2  1025 1026 718848
1025:3  1025 1026 9408
1027:0  1027 1028 200704
1028:0  1028 1029 83200
1028:1  1028 1029 718848
1028:2  1028 1029 345600
1028:3  1028 1029 19968
1036:0  1036 1037 37632
1036:1  1036 1037 192000
1036:2  1036 1037 184320
1036:3  1036 1037 9408
1037:0  1037 1038 200704
1041:0  1041 1042 200704
1042:0  1042 1043 75264
1042:1  1042 1043 192000
1042:2  1042 1043 368640
1042:3  1042 1043 9408
1044:0  1044 1045 200704
1045:0  1045 1046 25600
1045:1  1045 1046 122880
1045:2  1045 1046 192000
1045:3  1045 1046 6144
1051:0  1051 1052 188160
1097:0  1097 1098 6400
1097:1  1097 1098 30720
1097:2  1097 1098 192000
1097:3  1097 1098 1536
1100:0  1100 1101 188160
1104:0  1104 1105 38400
1104:1  1104 1105 184320
1104:2  1104 1105 192000
1104:3  1104 1105 9216
1107:0  1107 1108 188160
1110:0  1110 1111 200704
1111:0  1111 1112 76800
1111:1  1111 1112 368640
1111:2  1111 1112 192000
1111:3  1111 1112 18432
1114:0  1114 1115 188160
1162:0  1162 1163 752640
1166:0  1166 1167 752640
1167:0  1167 1168 100352
1167:1  1167 1168 401408
1167:2  1167 1168 65536
1167:3  1167 1168 37632
1168:0  1168 1169 752640
1172:0  1172 1173 752640
1173:0  1173 1174 150528
1173:1  1173 1174 1254400
1173:2  1173 1174 307200
1173:3  1173 1174 310464
1173:4  1173 1174 37632
1173:11  1173 1174 18816
1173:12  1173 1174 37632
1175:0  1175 1176 752640
1176:0  1176 1177 150528
1176:1  1176 1177 307200
1176:2  1176 1177 1254400
1176:3  1176 1177 9216
1184:0  1184 1185 50176
1184:1  1184 1185 401408
1184:2  1184 1185 32768
1184:3  1184 1185 37632
1185:0  1185 1186 752640
1189:0  1189 1190 752640
1190:0  1190 1191 301056
1190:1  1190 1191 1806336
1190:2  1190 1191 884736
1190:3  1190 1191 451584
1190:4  1190 1191 75264
1190:11  1190 1191 18816
1192:0  1192 1193 752640
1193:0  1193 1194 301056
1193:1  1193 1194 884736
1193:2  1193 1194 1806336
1193:3  1193 1194 451584
1193:4  1193 1194 75264
1193:11  1193 1194 9216
1201:0  1201 1202 200704
1201:1  1201 1202 401408
1201:2  1201 1202 131072
1201:3  1201 1202 94080
1201:4  1201 1202 50176
1201:11  1201 1202 18816
1201:12  1201 1202 37632
1202:0  1202 1203 752640
1206:0  1206 1207 752640
1207:0  1207 1208 200704
1207:1  1207 1208 401408
1207:2  1207 1208 131072
1207:3  1207 1208 94080
1207:4  1207 1208 50176
1207:11  1207 1208 18816
1207:12  1207 1208 37632
1209:0  1209 1210 752640
1210:0  1210 1211 100352
1210:1  1210 1211 65536
1210:2  1210 1211 401408
1210:3  1210 1211 6144
1216:0  1216 1217 401408
1262:0  1262 1263 50176
1262:1  1262 1263 32768
1262:2  1262 1263 401408
1262:3  1262 1263 3072
1265:0  1265 1266 401408
1269:0  1269 1270 200704
1269:1  1269 1270 131072
1269:2  1269 1270 401408
1269:3  1269 1270 12288
1272:0  1272 1273 401408
1275:0  1275 1276 752640
1276:0  1276 1277 200704
1276:1  1276 1277 131072
1276:2  1276 1277 401408
1276:3  1276 1277 12288
1279:0  1279 1280 401408
1281:0  1281 1282 401408
1285:0  1285 1286 401408
1286:0  1286 1287 50176
1286:1  1286 1287 301056
1286:2  1286 1287 24576
1286:3  1286 1287 37632
1287:0  1287 1288 401408
1291:0  1291 1292 401408
1292:0  1292 1293 50176
1292:1  1292 1293 627200
1292:2  1292 1293 51200
1292:3  1292 1293 37632
1294:0  1294 1295 401408
1295:0  1295 1296 50176
1295:1  1295 1296 51200
1295:2  1295 1296 627200
1295:3  1295 1296 3072
1303:0  1303 1304 25088
1303:1  1303 1304 301056
1303:2  1303 1304 12288
1303:3  1303 1304 37632
1304:0  1304 1305 401408
1308:0  1308 1309 401408
1309:0  1309 1310 200704
1309:1  1309 1310 1354752
1309:2  1309 1310 442368
1309:3  1309 1310 338688
1309:4  1309 1310 50176
1309:11  1309 1310 18816
1311:0  1311 1312 401408
1312:0  1312 1313 200704
1312:1  1312 1313 442368
1312:2  1312 1313 1354752
1312:3  1312 1313 12288
1320:0  1320 1321 150528
1320:1  1320 1321 301056
1320:2  1320 1321 73728
1320:3  1320 1321 37632
1321:0  1321 1322 401408
1325:0  1325 1326 401408
1326:0  1326 1327 100352
1326:1  1326 1327 301056
1326:2  1326 1327 49152
1326:3  1326 1327 37632
1328:0  1328 1329 401408
1329:0  1329 1330 50176
1329:1  1329 1330 24576
1329:2  1329 1330 301056
1329:3  1329 1330 3072
1335:0  1335 1336 301056
1381:0  1381 1382 25088
1381:1  1381 1382 12288
1381:2  1381 1382 301056
1381:3  1381 1382 1536
1384:0  1384 1385 301056
1388:0  1388 1389 150528
1388:1  1388 1389 73728
1388:2  1388 1389 301056
1388:3  1388 1389 9216
1391:0  1391 1392 301056
1394:0  1394 1395 401408
1395:0  1395 1396 100352
1395:1  1395 1396 49152
1395:2  1395 1396 301056
1395:3  1395 1396 6144
1398:0  1398 1399 301056
1446:0  1446 1447 1204224
1450:0  1450 1451 1204224
1451:0  1451 1452 1204224
1451:1  1451 1452 3612672
1451:2  1451 1452 442368
1451:3  1451 1452 903168
1451:4  1451 1452 301056
1451:59  1451 1452 225792
1451:60  1451 1452 75264
1451:67  1451 1452 37632
1453:0  1453 1454 1204224
1454:0  1454 1455 1204224
1454:1  1454 1455 442368
1454:2  1454 1455 3612672
1454:3  1454 1455 903168
1454:4  1454 1455 301056
1454:11  1454 1455 9216
1460:0  1460 1461 1605632
1504:0  1504 1505 6422528
1508:0  1508 1509 6422528
1509:0  1509 1510 6422528
1509:1  1509 1510 14751744
1509:2  1509 1510 37632
1509:3  1509 1510 2408448
0  0 2 64
1  1 4 64
2  2 5 64
3  3 5 64
4  4 7 64
5  5 9 128
6  6 8 64
7  7 9 128
8  8 16 128
9  9 11 64
10  10 12 64
11  11 13 64
12  12 14 64
13  13 15 128
14  14 16 128
15  15 218 128
16  16 18 1204224
17  17 19 1605632
18  18 1510 14751744
19  19 21 37632
20  20 22 6422528
21  21 1491 6422528
22  22 1492 1605632
23  23 1452 3612672
24  24 26 442368
25  25 27 1204224
26  26 1433 1204224
27  27 1434 301056
28  28 1327 301056
29  29 31 49152
30  30 48 100352
31  31 33 73728
32  32 34 150528
33  33 35 150528
34  34 1310 1354752
35  35 37 442368
36  36 48 200704
37  37 39 12288
38  38 40 25088
39  39 41 25088
40  40 1293 627200
41  41 43 51200
42  42 48 50176
43  43 1367 301056
44  44 1287 301056
45  45 47 24576
46  46 48 50176
47  47 1247 401408
48  48 1208 401408
49  49 51 131072
50  50 68 200704
51  51 53 131072
52  52 54 200704
53  53 55 200704
54  54 1191 1806336
55  55 57 884736
56  56 68 301056
57  57 59 32768
58  58 60 50176
59  59 61 50176
60  60 1174 1254400
61  61 63 307200
62  62 68 150528
63  63 1248 401408
64  64 1168 401408
65  65 67 65536
66  66 68 100352
67  67 1149 752640
68  68 1150 188160
69  69 1043 188160
70  70 72 368640
71  71 89 75264
72  72 74 184320
73  73 75 37632
74  74 76 37632
75  75 1026 338688
76  76 78 718848
77  77 89 81536
78  78 80 30720
79  79 81 6272
80  80 82 6272
81  81 1009 156800
82  82 84 76800
83  83 89 18816
84  84 1083 188160
85  85 1003 188160
86  86 88 122880
87  87 89 25088
88  88 963 200704
89  89 924 200704
90  90 92 327680
91  91 109 62720
92  92 94 229376
93  93 95 43904
94  94 96 43904
95  95 907 395136
96  96 98 903168
97  97 109 87808
98  98 100 49152
99  99 101 9408
100  100 102 9408
101  101 890 235200
102  102 104 153600
103  103 109 25088
104  104 964 200704
105  105 884 200704
106  106 108 131072
107  107 109 25088
108  108 844 200704
109  109 805 200704
110  110 112 262144
111  111 129 50176
112  112 114 262144
113  113 115 50176
114  114 116 50176
115  115 788 451584
116  116 118 1179648
117  117 129 100352
118  118 120 49152
119  119 121 9408
120  120 122 9408
121  121 771 235200
122  122 124 153600
123  123 129 25088
124  124 845 200704
125  125 765 200704
126  126 128 131072
127  127 129 25088
128  128 725 200704
129  129 686 200704
130  130 132 229376
131  131 149 43904
132  132 134 294912
133  133 135 56448
134  134 136 56448
135  135 669 508032
136  136 138 1492992
137  137 149 112896
138  138 140 65536
139  139 141 12544
140  140 142 12544
141  141 652 313600
142  142 144 204800
143  143 149 25088
144  144 726 200704
145  145 646 200704
146  146 148 131072
147  147 149 25088
148  148 606 206976
149  149 567 206976
150  150 152 540672
151  151 169 100352
152  152 154 337920
153  153 155 62720
154  154 156 62720
155  155 550 564480
156  156 158 1843200
157  157 169 125440
158  158 160 67584
159  159 161 12544
160  160 162 12544
161  161 533 313600
162  162 164 409600
163  163 169 50176
164  164 607 206976
165  165 527 206976
166  166 168 270336
167  167 169 50176
168  168 508 326144
169  169 509 106496
170  170 402 106496
171  171 173 851968
172  172 190 32768
173  173 175 532480
174  174 176 20480
175  175 177 20480
176  176 385 184320
177  177 179 1843200
178  178 190 40960
179  179 181 106496
180  180 182 4096
181  181 183 4096
182  182 368 102400
183  183 185 409600
184  184 190 16384
185  185 442 106496
186  186 362 106496
187  187 189 425984
188  188 190 16384
189  189 322 106496
190  190 283 106496
191  191 193 1277952
192  192 210 49152
193  193 195 638976
194  194 196 24576
195  195 197 24576
196  196 266 221184
197  197 199 2654208
198  198 210 49152
199  199 201 159744
200  200 202 6144
201  201 203 6144
202  202 249 153600
203  203 205 614400
204  204 210 16384
205  205 323 106496
206  206 243 106496
207  207 209 425984
208  208 210 16384
209  209 211 131072
210  210 212 8192
211  211 230 8192
212  212 214 40960
213  213 215 128
214  214 216 128
215  215 219 128
216  216 218 128
217  217 220 128
218  218 226 128
219  219 225 128
220  220 222 128
221  221 223 128
222  222 224 128
223  223 225 128
224  224 226 128
225  225 232 128
226  226 228 128
227  227 1511 64
228  228 230 128
229  229 1512 40960
230  230 233 40960
231  231 233 128
232  232 234 8192
233  233 235 8192
234  234 236 8192
235  235 237 6422528
236  236 351 131072
237  237 239 16384
238  238 240 8192
239  239 241 8192
240  240 1513 512
241  241 243 16384
242  242 1514 425984
243  243 245 16384
244  244 246 8192
245  245 247 8192
246  246 1515 512
247  247 249 16384
248  248 1516 614400
249  249 252 614400
250  250 252 16384
251  251 253 153600
252  252 254 153600
253  253 337 6144
254  254 256 6144
255  255 257 3072
256  256 258 3072
257  257 1517 192
258  258 260 6144
259  259 1518 159744
260  260 262 49152
261  261 263 24576
262  262 264 24576
263  263 1519 1536
264  264 266 49152
265  265 1520 2654208
266  266 269 2654208
267  267 269 49152
268  268 270 221184
269  269 271 221184
270  270 344 24576
271  271 273 24576
272  272 274 12288
273  273 275 12288
274  274 1521 768
275  275 277 24576
276  276 1522 638976
277  277 279 49152
278  278 280 24576
279  279 281 24576
280  280 1523 1536
281  281 283 49152
282  282 1524 1277952
283  283 286 425984
284  284 286 16384
285  285 287 106496
286  286 288 106496
287  287 292 106496
288  288 290 106496
289  289 291 106496
290  290 293 106496
291  291 325 106496
292  292 326 106496
293  293 295 106496
294  294 296 106496
295  295 297 106496
296  296 327 106496
297  297 299 106496
298  298 300 106496
299  299 301 106496
300  300 328 106496
301  301 303 106496
302  302 304 106496
303  303 305 106496
304  304 329 106496
305  305 307 106496
306  306 308 106496
307  307 309 106496
308  308 330 106496
309  309 311 106496
310  310 312 106496
311  311 313 106496
312  312 331 106496
313  313 315 106496
314  314 316 106496
315  315 317 106496
316  316 332 106496
317  317 319 106496
318  318 320 106496
319  319 321 106496
320  320 333 106496
321  321 323 106496
322  322 324 106496
323  323 325 106496
324  324 334 106496
325  325 335 106496
326  326 335 106496
327  327 335 106496
328  328 335 106496
329  329 335 106496
330  330 335 106496
331  331 335 106496
332  332 335 106496
333  333 335 106496
334  334 342 106496
335  335 338 159744
336  336 338 6144
337  337 339 106496
338  338 340 106496
339  339 341 106496
340  340 342 106496
341  341 349 106496
342  342 345 638976
343  343 345 24576
344  344 346 106496
345  345 347 106496
346  346 348 106496
347  347 349 106496
348  348 356 106496
349  349 352 1277952
350  350 352 49152
351  351 353 106496
352  352 354 106496
353  353 355 106496
354  354 356 106496
355  355 470 106496
356  356 358 16384
357  357 359 8192
358  358 360 8192
359  359 1525 512
360  360 362 16384
361  361 1526 425984
362  362 364 16384
363  363 365 8192
364  364 366 8192
365  365 1527 512
366  366 368 16384
367  367 1528 409600
368  368 371 409600
369  369 371 16384
370  370 372 102400
371  371 373 102400
372  372 456 4096
373  373 375 4096
374  374 376 2048
375  375 377 2048
376  376 1529 128
377  377 379 4096
378  378 1530 106496
379  379 381 40960
380  380 382 20480
381  381 383 20480
382  382 1531 1280
383  383 385 40960
384  384 1532 1843200
385  385 388 1843200
386  386 388 40960
387  387 389 184320
388  388 390 184320
389  389 463 20480
390  390 392 20480
391  391 393 10240
392  392 394 10240
393  393 1533 640
394  394 396 20480
395  395 1534 532480
396  396 398 32768
397  397 399 16384
398  398 400 16384
399  399 1535 1024
400  400 402 32768
401  401 1536 851968
402  402 405 425984
403  403 405 16384
404  404 406 106496
405  405 407 106496
406  406 411 106496
407  407 409 106496
408  408 410 106496
409  409 412 106496
410  410 444 106496
411  411 445 106496
412  412 414 106496
413  413 415 106496
414  414 416 106496
415  415 446 106496
416  416 418 106496
417  417 419 106496
418  418 420 106496
419  419 447 106496
420  420 422 106496
421  421 423 106496
422  422 424 106496
423  423 448 106496
424  424 426 106496
425  425 427 106496
426  426 428 106496
427  427 449 106496
428  428 430 106496
429  429 431 106496
430  430 432 106496
431  431 450 106496
432  432 434 106496
433  433 435 106496
434  434 436 106496
435  435 451 106496
436  436 438 106496
437  437 439 106496
438  438 440 106496
439  439 452 106496
440  440 442 106496
441  441 443 106496
442  442 444 106496
443  443 453 106496
444  444 454 106496
445  445 454 106496
446  446 454 106496
447  447 454 106496
448  448 454 106496
449  449 454 106496
450  450 454 106496
451  451 454 106496
452  452 454 106496
453  453 461 106496
454  454 457 106496
455  455 457 4096
456  456 458 106496
457  457 459 106496
458  458 460 106496
459  459 461 106496
460  460 468 106496
461  461 464 532480
462  462 464 20480
463  463 465 106496
464  464 466 106496
465  465 467 106496
466  466 468 106496
467  467 475 106496
468  468 471 851968
469  469 471 32768
470  470 472 106496
471  471 473 106496
472  472 474 106496
473  473 475 106496
474  474 511 106496
475  475 477 106496
476  476 478 106496
477  477 479 106496
478  478 512 106496
479  479 481 106496
480  480 482 106496
481  481 483 106496
482  482 513 106496
483  483 485 106496
484  484 486 106496
485  485 487 106496
486  486 514 106496
487  487 489 106496
488  488 490 106496
489  489 491 106496
490  490 515 106496
491  491 493 106496
492  492 494 106496
493  493 495 106496
494  494 516 106496
495  495 497 106496
496  496 498 106496
497  497 499 106496
498  498 517 106496
499  499 501 106496
500  500 502 106496
501  501 503 106496
502  502 518 106496
503  503 505 106496
504  504 506 106496
505  505 507 106496
506  506 519 106496
507  507 509 106496
508  508 510 106496
509  509 511 106496
510  510 520 106496
511  511 521 326144
512  512 521 326144
513  513 521 326144
514  514 521 326144
515  515 521 326144
516  516 521 326144
517  517 521 326144
518  518 521 326144
519  519 521 326144
520  520 635 326144
521  521 523 50176
522  522 524 25088
523  523 525 25088
524  524 1537 512
525  525 527 50176
526  526 1538 270336
527  527 529 50176
528  528 530 25088
529  529 531 25088
530  530 1539 512
531  531 533 50176
532  532 1540 409600
533  533 536 409600
534  534 536 50176
535  535 537 313600
536  536 538 313600
537  537 621 12544
538  538 540 12544
539  539 541 6272
540  540 542 6272
541  541 1541 128
542  542 544 12544
543  543 1542 67584
544  544 546 125440
545  545 547 62720
546  546 548 62720
547  547 1543 1280
548  548 550 125440
549  549 1544 1843200
550  550 553 1843200
551  551 553 125440
552  552 554 564480
553  553 555 564480
554  554 628 62720
555  555 557 62720
556  556 558 31360
557  557 559 31360
558  558 1545 640
559  559 561 62720
560  560 1546 337920
561  561 563 100352
562  562 564 50176
563  563 565 50176
564  564 1547 1024
565  565 567 100352
566  566 1548 540672
567  567 570 270336
568  568 570 50176
569  569 571 206976
570  570 572 206976
571  571 576 206976
572  572 574 206976
573  573 575 206976
574  574 577 206976
575  575 609 206976
576  576 610 206976
577  577 579 206976
578  578 580 206976
579  579 581 206976
580  580 611 206976
581  581 583 206976
582  582 584 206976
583  583 585 206976
584  584 612 206976
585  585 587 206976
586  586 588 206976
587  587 589 206976
588  588 613 206976
589  589 591 206976
590  590 592 206976
591  591 593 206976
592  592 614 206976
593  593 595 206976
594  594 596 206976
595  595 597 206976
596  596 615 206976
597  597 599 206976
598  598 600 206976
599  599 601 206976
600  600 616 206976
601  601 603 206976
602  602 604 206976
603  603 605 206976
604  604 617 206976
605  605 607 206976
606  606 608 206976
607  607 609 206976
608  608 618 206976
609  609 619 206976
610  610 619 206976
611  611 619 206976
612  612 619 206976
613  613 619 206976
614  614 619 206976
615  615 619 206976
616  616 619 206976
617  617 619 206976
618  618 626 206976
619  619 622 67584
620  620 622 12544
621  621 623 206976
622  622 624 206976
623  623 625 206976
624  624 626 206976
625  625 633 206976
626  626 629 337920
627  627 629 62720
628  628 630 206976
629  629 631 206976
630  630 632 206976
631  631 633 206976
632  632 640 206976
633  633 636 540672
634  634 636 100352
635  635 637 206976
636  636 638 206976
637  637 639 206976
638  638 640 206976
639  639 754 206976
640  640 642 25088
641  641 643 12544
642  642 644 12544
643  643 1549 256
644  644 646 25088
645  645 1550 131072
646  646 648 25088
647  647 649 12544
648  648 650 12544
649  649 1551 256
650  650 652 25088
651  651 1552 204800
652  652 655 204800
653  653 655 25088
654  654 656 313600
655  655 657 313600
656  656 740 12544
657  657 659 12544
658  658 660 6272
659  659 661 6272
660  660 1553 128
661  661 663 12544
662  662 1554 65536
663  663 665 112896
664  664 666 56448
665  665 667 56448
666  666 1555 1152
667  667 669 112896
668  668 1556 1492992
669  669 672 1492992
670  670 672 112896
671  671 673 508032
672  672 674 508032
673  673 747 56448
674  674 676 56448
675  675 677 28224
676  676 678 28224
677  677 1557 576
678  678 680 56448
679  679 1558 294912
680  680 682 43904
681  681 683 21952
682  682 684 21952
683  683 1559 448
684  684 686 43904
685  685 1560 229376
686  686 689 131072
687  687 689 25088
688  688 690 200704
689  689 691 200704
690  690 695 200704
691  691 693 200704
692  692 694 200704
693  693 696 200704
694  694 728 200704
695  695 729 200704
696  696 698 200704
697  697 699 200704
698  698 700 200704
699  699 730 200704
700  700 702 200704
701  701 703 200704
702  702 704 200704
703  703 731 200704
704  704 706 200704
705  705 707 200704
706  706 708 200704
707  707 732 200704
708  708 710 200704
709  709 711 200704
710  710 712 200704
711  711 733 200704
712  712 714 200704
713  713 715 200704
714  714 716 200704
715  715 734 200704
716  716 718 200704
717  717 719 200704
718  718 720 200704
719  719 735 200704
720  720 722 200704
721  721 723 200704
722  722 724 200704
723  723 736 200704
724  724 726 200704
725  725 727 200704
726  726 728 200704
727  727 737 200704
728  728 738 200704
729  729 738 200704
730  730 738 200704
731  731 738 200704
732  732 738 200704
733  733 738 200704
734  734 738 200704
735  735 738 200704
736  736 738 200704
737  737 745 200704
738  738 741 65536
739  739 741 12544
740  740 742 200704
741  741 743 200704
742  742 744 200704
743  743 745 200704
744  744 752 200704
745  745 748 294912
746  746 748 56448
747  747 749 200704
748  748 750 200704
749  749 751 200704
750  750 752 200704
751  751 759 200704
752  752 755 229376
753  753 755 43904
754  754 756 200704
755  755 757 200704
756  756 758 200704
757  757 759 200704
758  758 873 200704
759  759 761 25088
760  760 762 12544
761  761 763 12544
762  762 1561 256
763  763 765 25088
764  764 1562 131072
765  765 767 25088
766  766 768 12544
767  767 769 12544
768  768 1563 256
769  769 771 25088
770  770 1564 153600
771  771 774 153600
772  772 774 25088
773  773 775 235200
774  774 776 235200
775  775 859 9408
776  776 778 9408
777  777 779 4736
778  778 780 4736
779  779 1565 128
780  780 782 9408
781  781 1566 49152
782  782 784 100352
783  783 785 50176
784  784 786 50176
785  785 1567 1024
786  786 788 100352
787  787 1568 1179648
788  788 791 1179648
789  789 791 100352
790  790 792 451584
791  791 793 451584
792  792 866 50176
793  793 795 50176
794  794 796 25088
795  795 797 25088
796  796 1569 512
797  797 799 50176
798  798 1570 262144
799  799 801 50176
800  800 802 25088
801  801 803 25088
802  802 1571 512
803  803 805 50176
804  804 1572 262144
805  805 808 131072
806  806 808 25088
807  807 809 200704
808  808 810 200704
809  809 814 200704
810  810 812 200704
811  811 813 200704
812  812 815 200704
813  813 847 200704
814  814 848 200704
815  815 817 200704
816  816 818 200704
817  817 819 200704
818  818 849 200704
819  819 821 200704
820  820 822 200704
821  821 823 200704
822  822 850 200704
823  823 825 200704
824  824 826 200704
825  825 827 200704
826  826 851 200704
827  827 829 200704
828  828 830 200704
829  829 831 200704
830  830 852 200704
831  831 833 200704
832  832 834 200704
833  833 835 200704
834  834 853 200704
835  835 837 200704
836  836 838 200704
837  837 839 200704
838  838 854 200704
839  839 841 200704
840  840 842 200704
841  841 843 200704
842  842 855 200704
843  843 845 200704
844  844 846 200704
845  845 847 200704
846  846 856 200704
847  847 857 200704
848  848 857 200704
849  849 857 200704
850  850 857 200704
851  851 857 200704
852  852 857 200704
853  853 857 200704
854  854 857 200704
855  855 857 200704
856  856 864 200704
857  857 860 49152
858  858 860 9408
859  859 861 200704
860  860 862 200704
861  861 863 200704
862  862 864 200704
863  863 871 200704
864  864 867 262144
865  865 867 50176
866  866 868 200704
867  867 869 200704
868  868 870 200704
869  869 871 200704
870  870 878 200704
871  871 874 262144
872  872 874 50176
873  873 875 200704
874  874 876 200704
875  875 877 200704
876  876 878 200704
877  877 992 200704
878  878 880 25088
879  879 881 12544
880  880 882 12544
881  881 1573 256
882  882 884 25088
883  883 1574 131072
884  884 886 25088
885  885 887 12544
886  886 888 12544
887  887 1575 256
888  888 890 25088
889  889 1576 153600
890  890 893 153600
891  891 893 25088
892  892 894 235200
893  893 895 235200
894  894 978 9408
895  895 897 9408
896  896 898 4736
897  897 899 4736
898  898 1577 128
899  899 901 9408
900  900 1578 49152
901  901 903 87808
902  902 904 43904
903  903 905 43904
904  904 1579 896
905  905 907 87808
906  906 1580 903168
907  907 910 903168
908  908 910 87808
909  909 911 395136
910  910 912 395136
911  911 985 43904
912  912 914 43904
913  913 915 21952
914  914 916 21952
915  915 1581 448
916  916 918 43904
917  917 1582 229376
918  918 920 62720
919  919 921 31360
920  920 922 31360
921  921 1583 640
922  922 924 62720
923  923 1584 327680
924  924 927 131072
925  925 927 25088
926  926 928 200704
927  927 929 200704
928  928 933 200704
929  929 931 200704
930  930 932 200704
931  931 934 200704
932  932 966 200704
933  933 967 200704
934  934 936 200704
935  935 937 200704
936  936 938 200704
937  937 968 200704
938  938 940 200704
939  939 941 200704
940  940 942 200704
941  941 969 200704
942  942 944 200704
943  943 945 200704
944  944 946 200704
945  945 970 200704
946  946 948 200704
947  947 949 200704
948  948 950 200704
949  949 971 200704
950  950 952 200704
951  951 953 200704
952  952 954 200704
953  953 972 200704
954  954 956 200704
955  955 957 200704
956  956 958 200704
957  957 973 200704
958  958 960 200704
959  959 961 200704
960  960 962 200704
961  961 974 200704
962  962 964 200704
963  963 965 200704
964  964 966 200704
965  965 975 200704
966  966 976 200704
967  967 976 200704
968  968 976 200704
969  969 976 200704
970  970 976 200704
971  971 976 200704
972  972 976 200704
973  973 976 200704
974  974 976 200704
975  975 983 200704
976  976 979 49152
977  977 979 9408
978  978 980 200704
979  979 981 200704
980  980 982 200704
981  981 983 200704
982  982 990 200704
983  983 986 229376
984  984 986 43904
985  985 987 200704
986  986 988 200704
987  987 989 200704
988  988 990 200704
989  989 997 200704
990  990 993 327680
991  991 993 62720
992  992 994 200704
993  993 995 200704
994  994 996 200704
995  995 997 200704
996  996 1111 200704
997  997 999 25088
998  998 1000 12544
999  999 1001 12544
1000  1000 1585 256
1001  1001 1003 25088
1002  1002 1586 122880
1003  1003 1005 18816
1004  1004 1006 9408
1005  1005 1007 9408
1006  1006 1587 192
1007  1007 1009 18816
1008  1008 1588 76800
1009  1009 1012 76800
1010  1010 1012 18816
1011  1011 1013 156800
1012  1012 1014 156800
1013  1013 1097 6272
1014  1014 1016 6272
1015  1015 1017 3136
1016  1016 1018 3136
1017  1017 1589 64
1018  1018 1020 6272
1019  1019 1590 30720
1020  1020 1022 81536
1021  1021 1023 40768
1022  1022 1024 40768
1023  1023 1591 832
1024  1024 1026 81536
1025  1025 1592 718848
1026  1026 1029 718848
1027  1027 1029 81536
1028  1028 1030 338688
1029  1029 1031 338688
1030  1030 1104 37632
1031  1031 1033 37632
1032  1032 1034 18816
1033  1033 1035 18816
1034  1034 1593 384
1035  1035 1037 37632
1036  1036 1594 184320
1037  1037 1039 75264
1038  1038 1040 37632
1039  1039 1041 37632
1040  1040 1595 768
1041  1041 1043 75264
1042  1042 1596 368640
1043  1043 1046 122880
1044  1044 1046 25088
1045  1045 1047 188160
1046  1046 1048 188160
1047  1047 1052 188160
1048  1048 1050 188160
1049  1049 1051 188160
1050  1050 1053 188160
1051  1051 1085 188160
1052  1052 1086 188160
1053  1053 1055 188160
1054  1054 1056 188160
1055  1055 1057 188160
1056  1056 1087 188160
1057  1057 1059 188160
1058  1058 1060 188160
1059  1059 1061 188160
1060  1060 1088 188160
1061  1061 1063 188160
1062  1062 1064 188160
1063  1063 1065 188160
1064  1064 1089 188160
1065  1065 1067 188160
1066  1066 1068 188160
1067  1067 1069 188160
1068  1068 1090 188160
1069  1069 1071 188160
1070  1070 1072 188160
1071  1071 1073 188160
1072  1072 1091 188160
1073  1073 1075 188160
1074  1074 1076 188160
1075  1075 1077 188160
1076  1076 1092 188160
1077  1077 1079 188160
1078  1078 1080 188160
1079  1079 1081 188160
1080  1080 1093 188160
1081  1081 1083 188160
1082  1082 1084 188160
1083  1083 1085 188160
1084  1084 1094 188160
1085  1085 1095 188160
1086  1086 1095 188160
1087  1087 1095 188160
1088  1088 1095 188160
1089  1089 1095 188160
1090  1090 1095 188160
1091  1091 1095 188160
1092  1092 1095 188160
1093  1093 1095 188160
1094  1094 1102 188160
1095  1095 1098 30720
1096  1096 1098 6272
1097  1097 1099 188160
1098  1098 1100 188160
1099  1099 1101 188160
1100  1100 1102 188160
1101  1101 1109 188160
1102  1102 1105 184320
1103  1103 1105 37632
1104  1104 1106 188160
1105  1105 1107 188160
1106  1106 1108 188160
1107  1107 1109 188160
1108  1108 1116 188160
1109  1109 1112 368640
1110  1110 1112 75264
1111  1111 1113 188160
1112  1112 1114 188160
1113  1113 1115 188160
1114  1114 1116 188160
1115  1115 1152 188160
1116  1116 1118 188160
1117  1117 1119 188160
1118  1118 1120 188160
1119  1119 1153 188160
1120  1120 1122 188160
1121  1121 1123 188160
1122  1122 1124 188160
1123  1123 1154 188160
1124  1124 1126 188160
1125  1125 1127 188160
1126  1126 1128 188160
1127  1127 1155 188160
1128  1128 1130 188160
1129  1129 1131 188160
1130  1130 1132 188160
1131  1131 1156 188160
1132  1132 1134 188160
1133  1133 1135 188160
1134  1134 1136 188160
1135  1135 1157 188160
1136  1136 1138 188160
1137  1137 1139 188160
1138  1138 1140 188160
1139  1139 1158 188160
1140  1140 1142 188160
1141  1141 1143 188160
1142  1142 1144 188160
1143  1143 1159 188160
1144  1144 1146 188160
1145  1145 1147 188160
1146  1146 1148 188160
1147  1147 1160 188160
1148  1148 1150 188160
1149  1149 1151 188160
1150  1150 1152 188160
1151  1151 1161 188160
1152  1152 1162 752640
1153  1153 1162 752640
1154  1154 1162 752640
1155  1155 1162 752640
1156  1156 1162 752640
1157  1157 1162 752640
1158  1158 1162 752640
1159  1159 1162 752640
1160  1160 1162 752640
1161  1161 1276 752640
1162  1162 1164 100352
1163  1163 1165 50176
1164  1164 1166 50176
1165  1165 1597 256
1166  1166 1168 100352
1167  1167 1598 65536
1168  1168 1170 150528
1169  1169 1171 75264
1170  1170 1172 75264
1171  1171 1599 384
1172  1172 1174 150528
1173  1173 1600 307200
1174  1174 1177 307200
1175  1175 1177 150528
1176  1176 1178 1254400
1177  1177 1179 1254400
1178  1178 1262 50176
1179  1179 1181 50176
1180  1180 1182 25088
1181  1181 1183 25088
1182  1182 1601 128
1183  1183 1185 50176
1184  1184 1602 32768
1185  1185 1187 301056
1186  1186 1188 150528
1187  1187 1189 150528
1188  1188 1603 768
1189  1189 1191 301056
1190  1190 1604 884736
1191  1191 1194 884736
1192  1192 1194 301056
1193  1193 1195 1806336
1194  1194 1196 1806336
1195  1195 1269 200704
1196  1196 1198 200704
1197  1197 1199 100352
1198  1198 1200 100352
1199  1199 1605 512
1200  1200 1202 200704
1201  1201 1606 131072
1202  1202 1204 200704
1203  1203 1205 100352
1204  1204 1206 100352
1205  1205 1607 512
1206  1206 1208 200704
1207  1207 1608 131072
1208  1208 1211 65536
1209  1209 1211 100352
1210  1210 1212 401408
1211  1211 1213 401408
1212  1212 1217 401408
1213  1213 1215 401408
1214  1214 1216 401408
1215  1215 1218 401408
1216  1216 1250 401408
1217  1217 1251 401408
1218  1218 1220 401408
1219  1219 1221 401408
1220  1220 1222 401408
1221  1221 1252 401408
1222  1222 1224 401408
1223  1223 1225 401408
1224  1224 1226 401408
1225  1225 1253 401408
1226  1226 1228 401408
1227  1227 1229 401408
1228  1228 1230 401408
1229  1229 1254 401408
1230  1230 1232 401408
1231  1231 1233 401408
1232  1232 1234 401408
1233  1233 1255 401408
1234  1234 1236 401408
1235  1235 1237 401408
1236  1236 1238 401408
1237  1237 1256 401408
1238  1238 1240 401408
1239  1239 1241 401408
1240  1240 1242 401408
1241  1241 1257 401408
1242  1242 1244 401408
1243  1243 1245 401408
1244  1244 1246 401408
1245  1245 1258 401408
1246  1246 1248 401408
1247  1247 1249 401408
1248  1248 1250 401408
1249  1249 1259 401408
1250  1250 1260 401408
1251  1251 1260 401408
1252  1252 1260 401408
1253  1253 1260 401408
1254  1254 1260 401408
1255  1255 1260 401408
1256  1256 1260 401408
1257  1257 1260 401408
1258  1258 1260 401408
1259  1259 1267 401408
1260  1260 1263 32768
1261  1261 1263 50176
1262  1262 1264 401408
1263  1263 1265 401408
1264  1264 1266 401408
1265  1265 1267 401408
1266  1266 1274 401408
1267  1267 1270 131072
1268  1268 1270 200704
1269  1269 1271 401408
1270  1270 1272 401408
1271  1271 1273 401408
1272  1272 1274 401408
1273  1273 1281 401408
1274  1274 1277 131072
1275  1275 1277 200704
1276  1276 1278 401408
1277  1277 1279 401408
1278  1278 1280 401408
1279  1279 1281 401408
1280  1280 1395 401408
1281  1281 1283 50176
1282  1282 1284 25088
1283  1283 1285 25088
1284  1284 1609 128
1285  1285 1287 50176
1286  1286 1610 24576
1287  1287 1289 50176
1288  1288 1290 25088
1289  1289 1291 25088
1290  1290 1611 128
1291  1291 1293 50176
1292  1292 1612 51200
1293  1293 1296 51200
1294  1294 1296 50176
1295  1295 1297 627200
1296  1296 1298 627200
1297  1297 1381 25088
1298  1298 1300 25088
1299  1299 1301 12544
1300  1300 1302 12544
1301  1301 1613 64
1302  1302 1304 25088
1303  1303 1614 12288
1304  1304 1306 200704
1305  1305 1307 100352
1306  1306 1308 100352
1307  1307 1615 512
1308  1308 1310 200704
1309  1309 1616 442368
1310  1310 1313 442368
1311  1311 1313 200704
1312  1312 1314 1354752
1313  1313 1315 1354752
1314  1314 1388 150528
1315  1315 1317 150528
1316  1316 1318 75264
1317  1317 1319 75264
1318  1318 1617 384
1319  1319 1321 150528
1320  1320 1618 73728
1321  1321 1323 100352
1322  1322 1324 50176
1323  1323 1325 50176
1324  1324 1619 256
1325  1325 1327 100352
1326  1326 1620 49152
1327  1327 1330 24576
1328  1328 1330 50176
1329  1329 1331 301056
1330  1330 1332 301056
1331  1331 1336 301056
1332  1332 1334 301056
1333  1333 1335 301056
1334  1334 1337 301056
1335  1335 1369 301056
1336  1336 1370 301056
1337  1337 1339 301056
1338  1338 1340 301056
1339  1339 1341 301056
1340  1340 1371 301056
1341  1341 1343 301056
1342  1342 1344 301056
1343  1343 1345 301056
1344  1344 1372 301056
1345  1345 1347 301056
1346  1346 1348 301056
1347  1347 1349 301056
1348  1348 1373 301056
1349  1349 1351 301056
1350  1350 1352 301056
1351  1351 1353 301056
1352  1352 1374 301056
1353  1353 1355 301056
1354  1354 1356 301056
1355  1355 1357 301056
1356  1356 1375 301056
1357  1357 1359 301056
1358  1358 1360 301056
1359  1359 1361 301056
1360  1360 1376 301056
1361  1361 1363 301056
1362  1362 1364 301056
1363  1363 1365 301056
1364  1364 1377 301056
1365  1365 1367 301056
1366  1366 1368 301056
1367  1367 1369 301056
1368  1368 1378 301056
1369  1369 1379 301056
1370  1370 1379 301056
1371  1371 1379 301056
1372  1372 1379 301056
1373  1373 1379 301056
1374  1374 1379 301056
1375  1375 1379 301056
1376  1376 1379 301056
1377  1377 1379 301056
1378  1378 1386 301056
1379  1379 1382 12288
1380  1380 1382 25088
1381  1381 1383 301056
1382  1382 1384 301056
1383  1383 1385 301056
1384  1384 1386 301056
1385  1385 1393 301056
1386  1386 1389 73728
1387  1387 1389 150528
1388  1388 1390 301056
1389  1389 1391 301056
1390  1390 1392 301056
1391  1391 1393 301056
1392  1392 1400 301056
1393  1393 1396 49152
1394  1394 1396 100352
1395  1395 1397 301056
1396  1396 1398 301056
1397  1397 1399 301056
1398  1398 1400 301056
1399  1399 1436 301056
1400  1400 1402 301056
1401  1401 1403 301056
1402  1402 1404 301056
1403  1403 1437 301056
1404  1404 1406 301056
1405  1405 1407 301056
1406  1406 1408 301056
1407  1407 1438 301056
1408  1408 1410 301056
1409  1409 1411 301056
1410  1410 1412 301056
1411  1411 1439 301056
1412  1412 1414 301056
1413  1413 1415 301056
1414  1414 1416 301056
1415  1415 1440 301056
1416  1416 1418 301056
1417  1417 1419 301056
1418  1418 1420 301056
1419  1419 1441 301056
1420  1420 1422 301056
1421  1421 1423 301056
1422  1422 1424 301056
1423  1423 1442 301056
1424  1424 1426 301056
1425  1425 1427 301056
1426  1426 1428 301056
1427  1427 1443 301056
1428  1428 1430 301056
1429  1429 1431 301056
1430  1430 1432 301056
1431  1431 1444 301056
1432  1432 1434 301056
1433  1433 1435 301056
1434  1434 1436 301056
1435  1435 1445 301056
1436  1436 1446 1204224
1437  1437 1446 1204224
1438  1438 1446 1204224
1439  1439 1446 1204224
1440  1440 1446 1204224
1441  1441 1446 1204224
1442  1442 1446 1204224
1443  1443 1446 1204224
1444  1444 1446 1204224
1445  1445 1454 1204224
1446  1446 1448 1204224
1447  1447 1449 602112
1448  1448 1450 602112
1449  1449 1621 768
1450  1450 1452 1204224
1451  1451 1622 442368
1452  1452 1455 442368
1453  1453 1455 1204224
1454  1454 1456 3612672
1455  1455 1457 14450688
1456  1456 1461 1605632
1457  1457 1459 1605632
1458  1458 1460 1605632
1459  1459 1462 1605632
1460  1460 1494 1605632
1461  1461 1495 1605632
1462  1462 1464 1605632
1463  1463 1465 1605632
1464  1464 1466 1605632
1465  1465 1496 1605632
1466  1466 1468 1605632
1467  1467 1469 1605632
1468  1468 1470 1605632
1469  1469 1497 1605632
1470  1470 1472 1605632
1471  1471 1473 1605632
1472  1472 1474 1605632
1473  1473 1498 1605632
1474  1474 1476 1605632
1475  1475 1477 1605632
1476  1476 1478 1605632
1477  1477 1499 1605632
1478  1478 1480 1605632
1479  1479 1481 1605632
1480  1480 1482 1605632
1481  1481 1500 1605632
1482  1482 1484 1605632
1483  1483 1485 1605632
1484  1484 1486 1605632
1485  1485 1501 1605632
1486  1486 1488 1605632
1487  1487 1489 1605632
1488  1488 1490 1605632
1489  1489 1502 1605632
1490  1490 1492 1605632
1491  1491 1493 1605632
1492  1492 1494 1605632
1493  1493 1503 1605632
1494  1494 1504 6422528
1495  1495 1504 6422528
1496  1496 1504 6422528
1497  1497 1504 6422528
1498  1498 1504 6422528
1499  1499 1504 6422528
1500  1500 1504 6422528
1501  1501 1504 6422528
1502  1502 1504 6422528
1503  1503 1509 6422528
1504  1504 1506 6422528
1505  1505 1507 3211264
1506  1506 1508 3211264
1507  1507 1623 256
1508  1508 1510 6422528
1509  1509 1624 37632
1510  1510 1624 64
1511  1511 1624 40960
1512  1512 1624 512
1513  1513 1624 425984
1514  1514 1624 512
1515  1515 1624 614400
1516  1516 1624 192
1517  1517 1624 159744
1518  1518 1624 1536
1519  1519 1624 2654208
1520  1520 1624 768
1521  1521 1624 638976
1522  1522 1624 1536
1523  1523 1624 1277952
1524  1524 1624 512
1525  1525 1624 425984
1526  1526 1624 512
1527  1527 1624 409600
1528  1528 1624 128
1529  1529 1624 106496
1530  1530 1624 1280
1531  1531 1624 1843200
1532  1532 1624 640
1533  1533 1624 532480
1534  1534 1624 1024
1535  1535 1624 851968
1536  1536 1624 512
1537  1537 1624 270336
1538  1538 1624 512
1539  1539 1624 409600
1540  1540 1624 128
1541  1541 1624 67584
1542  1542 1624 1280
1543  1543 1624 1843200
1544  1544 1624 640
1545  1545 1624 337920
1546  1546 1624 1024
1547  1547 1624 540672
1548  1548 1624 256
1549  1549 1624 131072
1550  1550 1624 256
1551  1551 1624 204800
1552  1552 1624 128
1553  1553 1624 65536
1554  1554 1624 1152
1555  1555 1624 1492992
1556  1556 1624 576
1557  1557 1624 294912
1558  1558 1624 448
1559  1559 1624 229376
1560  1560 1624 256
1561  1561 1624 131072
1562  1562 1624 256
1563  1563 1624 153600
1564  1564 1624 128
1565  1565 1624 49152
1566  1566 1624 1024
1567  1567 1624 1179648
1568  1568 1624 512
1569  1569 1624 262144
1570  1570 1624 512
1571  1571 1624 262144
1572  1572 1624 256
1573  1573 1624 131072
1574  1574 1624 256
1575  1575 1624 153600
1576  1576 1624 128
1577  1577 1624 49152
1578  1578 1624 896
1579  1579 1624 903168
1580  1580 1624 448
1581  1581 1624 229376
1582  1582 1624 640
1583  1583 1624 327680
1584  1584 1624 256
1585  1585 1624 122880
1586  1586 1624 192
1587  1587 1624 76800
1588  1588 1624 64
1589  1589 1624 30720
1590  1590 1624 832
1591  1591 1624 718848
1592  1592 1624 384
1593  1593 1624 184320
1594  1594 1624 768
1595  1595 1624 368640
1596  1596 1624 256
1597  1597 1624 65536
1598  1598 1624 384
1599  1599 1624 307200
1600  1600 1624 128
1601  1601 1624 32768
1602  1602 1624 768
1603  1603 1624 884736
1604  1604 1624 512
1605  1605 1624 131072
1606  1606 1624 512
1607  1607 1624 131072
1608  1608 1624 128
1609  1609 1624 24576
1610  1610 1624 128
1611  1611 1624 51200
1612  1612 1624 64
1613  1613 1624 12288
1614  1614 1624 512
1615  1615 1624 442368
1616  1616 1624 384
1617  1617 1624 73728
1618  1618 1624 256
1619  1619 1624 49152
1620  1620 1624 768
1621  1621 1624 442368
1622  1622 1624 256
1623  1623 1624 37632
