7:0  7 8 576
7:1  7 8 64
18:0  18 19 7827456
20:0  20 21 37632
20:1  20 21 96538624
20:2  20 21 41746432
20:3  20 21 14144
21:0  21 22 41746432
23:0  23 24 10436608
25:0  25 26 442368
25:1  25 26 23482368
25:2  25 26 7827456
25:3  25 26 5861376
25:4  25 26 110592
25:59  25 26 1465344
25:60  25 26 27648
25:67  25 26 13824
25:68  25 26 55296
26:0  26 27 7827456
28:0  28 29 1956864
30:0  30 31 49152
30:1  30 31 1956864
30:2  30 31 652288
30:3  30 31 18432
32:0  32 33 73728
32:1  32 33 1956864
32:2  32 33 978432
32:3  32 33 18432
33:0  33 34 978432
34:0  34 35 978432
36:0  36 37 442368
36:1  36 37 8805888
36:2  36 37 1304576
36:3  36 37 2198016
36:4  36 37 110592
36:11  36 37 41472
36:12  36 37 82944
38:0  38 39 12288
38:1  38 39 1956864
38:2  38 39 163072
38:3  38 39 18432
39:0  39 40 163072
40:0  40 41 163072
42:0  42 43 51200
42:1  42 43 4076800
42:2  42 43 326144
42:3  42 43 38400
44:0  44 45 1956864
46:0  46 47 24576
46:1  46 47 1956864
46:2  46 47 326144
46:3  46 47 18432
47:0  47 48 2609152
48:0  48 49 2609152
50:0  50 51 131072
50:1  50 51 2609152
50:2  50 51 1304576
50:3  50 51 651264
50:4  50 51 32768
50:11  50 51 12288
50:12  50 51 24576
52:0  52 53 131072
52:1  52 53 2609152
52:2  52 53 1304576
52:3  52 53 651264
52:4  52 53 32768
52:11  52 53 12288
52:12  52 53 24576
53:0  53 54 1304576
54:0  54 55 1304576
56:0  56 57 884736
56:1  56 57 11741184
56:2  56 57 1956864
56:3  56 57 2930688
56:4  56 57 221184
56:59  56 57 732672
56:60  56 57 55296
56:67  56 57 27648
56:68  56 57 110592
58:0  58 59 32768
58:1  58 59 2609152
58:2  58 59 326144
58:3  58 59 24576
59:0  59 60 326144
60:0  60 61 326144
62:0  62 63 307200
62:1  62 63 8153600
62:2  62 63 978432
62:3  62 63 2035200
62:4  62 63 76800
62:11  62 63 38400
62:12  62 63 76800
64:0  64 65 2609152
66:0  66 67 65536
66:1  66 67 2609152
66:2  66 67 652288
66:3  66 67 24576
67:0  67 68 4892160
69:0  69 70 1223040
71:0  71 72 368640
71:1  71 72 1223040
71:2  71 72 489216
71:3  71 72 299520
71:4  71 72 92160
71:11  71 72 23040
71:12  71 72 46080
73:0  73 74 184320
73:1  73 74 1223040
73:2  73 74 244608
73:3  73 74 299520
73:4  73 74 46080
73:11  73 74 23040
73:12  73 74 46080
74:0  74 75 244608
75:0  75 76 244608
77:0  77 78 718848
77:1  77 78 2201472
77:2  77 78 529984
77:3  77 78 539136
77:4  77 78 179712
77:59  77 78 134784
77:60  77 78 44928
77:67  77 78 20736
77:68  77 78 82944
79:0  79 80 30720
79:1  79 80 1223040
79:2  79 80 40768
79:3  79 80 46080
80:0  80 81 40768
81:0  81 82 40768
83:0  83 84 76800
83:1  83 84 1019200
83:2  83 84 122304
83:3  83 84 38400
85:0  85 86 1223040
87:0  87 88 122880
87:1  87 88 1223040
87:2  87 88 163072
87:3  87 88 46080
88:0  88 89 1304576
89:0  89 90 1304576
91:0  91 92 327680
91:1  91 92 1304576
91:2  91 92 407680
91:3  91 92 319488
91:4  91 92 81920
91:11  91 92 24576
91:12  91 92 49152
93:0  93 94 229376
93:1  93 94 1304576
93:2  93 94 285376
93:3  93 94 319488
93:4  93 94 57344
93:11  93 94 24576
93:12  93 94 49152
94:0  94 95 285376
95:0  95 96 285376
97:0  97 98 903168
97:1  97 98 2568384
97:2  97 98 570752
97:3  97 98 628992
97:4  97 98 225792
97:59  97 98 157248
97:60  97 98 56448
97:67  97 98 24192
97:68  97 98 96768
99:0  99 100 49152
99:1  99 100 1304576
99:2  99 100 61184
99:3  99 100 49152
100:0  100 101 61184
101:0  101 102 61184
103:0  103 104 153600
103:1  103 104 1528832
103:2  103 104 163072
103:3  103 104 57600
105:0  105 106 1304576
107:0  107 108 131072
107:1  107 108 1304576
107:2  107 108 163072
107:3  107 108 49152
108:0  108 109 1304576
109:0  109 110 1304576
111:0  111 112 262144
111:1  111 112 1304576
111:2  111 112 326144
111:3  111 112 319488
111:4  111 112 65536
111:11  111 112 24576
111:12  111 112 49152
113:0  113 114 262144
113:1  113 114 1304576
113:2  113 114 326144
113:3  113 114 319488
113:4  113 114 65536
113:11  113 114 24576
113:12  113 114 49152
114:0  114 115 326144
115:0  115 116 326144
117:0  117 118 1179648
117:1  117 118 2935296
117:2  117 118 652288
117:3  117 118 718848
117:4  117 118 294912
117:59  117 118 179712
117:60  117 118 73728
117:67  117 118 27648
117:68  117 118 110592
119:0  119 120 49152
119:1  119 120 1304576
119:2  119 120 61184
119:3  119 120 49152
120:0  120 121 61184
121:0  121 122 61184
123:0  123 124 153600
123:1  123 124 1528832
123:2  123 124 163072
123:3  123 124 57600
125:0  125 126 1304576
127:0  127 128 131072
127:1  127 128 1304576
127:2  127 128 163072
127:3  127 128 49152
128:0  128 129 1304576
129:0  129 130 1304576
131:0  131 132 229376
131:1  131 132 1304576
131:2  131 132 285376
131:3  131 132 319488
131:4  131 132 57344
131:11  131 132 24576
131:12  131 132 49152
133:0  133 134 294912
133:1  133 134 1304576
133:2  133 134 366912
133:3  133 134 319488
133:4  133 134 73728
133:11  133 134 24576
133:12  133 134 49152
134:0  134 135 366912
135:0  135 136 366912
137:0  137 138 1492992
137:1  137 138 3302208
137:2  137 138 733824
137:3  137 138 808704
137:4  137 138 373248
137:59  137 138 202176
137:60  137 138 93312
137:67  137 138 31104
137:68  137 138 124416
139:0  139 140 65536
139:1  139 140 1304576
139:2  139 140 81536
139:3  139 140 49152
140:0  140 141 81536
141:0  141 142 81536
143:0  143 144 204800
143:1  143 144 2038400
143:2  143 144 163072
143:3  143 144 499200
143:4  143 144 51200
143:11  143 144 38400
143:12  143 144 76800
145:0  145 146 1304576
147:0  147 148 131072
147:1  147 148 1304576
147:2  147 148 163072
147:3  147 148 49152
148:0  148 149 1345344
149:0  149 150 1345344
151:0  151 152 540672
151:1  151 152 1345344
151:2  151 152 652288
151:3  151 152 329472
151:4  151 152 135168
151:59  151 152 82368
151:60  151 152 33792
151:67  151 152 12672
151:68  151 152 50688
153:0  153 154 337920
153:1  153 154 1345344
153:2  153 154 407680
153:3  153 154 329472
153:4  153 154 84480
153:11  153 154 25344
153:12  153 154 50688
154:0  154 155 407680
155:0  155 156 407680
157:0  157 158 1843200
157:1  157 158 3669120
157:2  157 158 815360
157:3  157 158 898560
157:4  157 158 460800
157:59  157 158 224640
157:60  157 158 115200
157:67  157 158 34560
157:68  157 158 138240
159:0  159 160 67584
159:1  159 160 1345344
159:2  159 160 81536
159:3  159 160 50688
160:0  160 161 81536
161:0  161 162 81536
163:0  163 164 409600
163:1  163 164 2038400
163:2  163 164 326144
163:3  163 164 499200
163:4  163 164 102400
163:11  163 164 38400
163:12  163 164 76800
165:0  165 166 1345344
167:0  167 168 270336
167:1  167 168 1345344
167:2  167 168 326144
167:3  167 168 329472
167:4  167 168 67584
167:11  167 168 25344
167:12  167 168 50688
168:0  168 169 2119936
170:0  170 171 692224
172:0  172 173 851968
172:1  172 173 692224
172:2  172 173 212992
172:3  172 173 159744
172:4  172 173 212992
172:11  172 173 39936
172:12  172 173 79872
174:0  174 175 532480
174:1  174 175 692224
174:2  174 175 133120
174:3  174 175 159744
174:4  174 175 133120
174:11  174 175 39936
174:12  174 175 79872
175:0  175 176 133120
176:0  176 177 133120
178:0  178 179 1843200
178:1  178 179 1198080
178:2  178 179 266240
178:3  178 179 276480
178:4  178 179 460800
178:11  178 179 69120
178:12  178 179 138240
180:0  180 181 106496
180:1  180 181 692224
180:2  180 181 26624
180:3  180 181 79872
181:0  181 182 26624
182:0  182 183 26624
184:0  184 185 409600
184:1  184 185 665600
184:2  184 185 106496
184:3  184 185 153600
184:4  184 185 102400
184:11  184 185 38400
184:12  184 185 76800
186:0  186 187 692224
188:0  188 189 425984
188:1  188 189 692224
188:2  188 189 106496
188:3  188 189 159744
188:4  188 189 106496
188:11  188 189 39936
188:12  188 189 79872
189:0  189 190 692224
190:0  190 191 692224
192:0  192 193 1277952
192:1  192 193 692224
192:2  192 193 319488
192:3  192 193 159744
192:4  192 193 319488
192:11  192 193 39936
192:12  192 193 79872
194:0  194 195 638976
194:1  194 195 692224
194:2  194 195 159744
194:3  194 195 159744
194:4  194 195 159744
194:11  194 195 39936
194:12  194 195 79872
195:0  195 196 159744
196:0  196 197 159744
198:0  198 199 2654208
198:1  198 199 1437696
198:2  198 199 319488
198:3  198 199 331776
198:4  198 199 663552
198:11  198 199 82944
198:12  198 199 165888
200:0  200 201 159744
200:1  200 201 692224
200:2  200 201 39936
200:3  200 201 79872
201:0  201 202 39936
202:0  202 203 39936
204:0  204 205 614400
204:1  204 205 998400
204:2  204 205 106496
204:3  204 205 230400
204:4  204 205 153600
204:11  204 205 57600
204:12  204 205 115200
206:0  206 207 692224
208:0  208 209 425984
208:1  208 209 692224
208:2  208 209 106496
208:3  208 209 159744
208:4  208 209 106496
208:11  208 209 39936
208:12  208 209 79872
209:0  209 210 851968
211:0  211 212 53248
213:0  213 214 49152
213:1  213 214 53248
213:2  213 214 640
213:3  213 1624 64
213:4  213 214 98304
215:0  215 216 576
229:0  229 230 640
229:1  229 230 65536
229:2  229 230 49152
229:3  229 230 1280
232:0  232 233 640
232:1  232 233 49152
232:2  232 233 65536
232:3  232 233 960
242:0  242 243 106496
242:1  242 243 692224
242:2  242 243 425984
242:3  242 243 169728
242:4  242 243 26624
242:11  242 243 9984
242:12  242 243 19968
248:0  248 249 106496
248:1  248 249 998400
248:2  248 249 614400
248:3  248 249 249600
248:4  248 249 26624
248:11  248 249 9984
251:0  251 252 106496
251:1  251 252 614400
251:2  251 252 998400
251:3  251 252 12288
259:0  259 260 39936
259:1  259 260 692224
259:2  259 260 159744
259:3  259 260 19968
265:0  265 266 319488
265:1  265 266 1437696
265:2  265 266 2654208
265:3  265 266 663552
265:4  265 266 79872
265:11  265 266 9984
268:0  268 269 319488
268:1  268 269 2654208
268:2  268 269 1437696
268:3  268 269 663552
268:4  268 269 79872
268:11  268 269 18432
276:0  276 277 159744
276:1  276 277 692224
276:2  276 277 638976
276:3  276 277 169728
276:4  276 277 39936
276:11  276 277 9984
276:12  276 277 19968
282:0  282 283 319488
282:1  282 283 692224
282:2  282 283 1277952
282:3  282 283 313344
282:4  282 283 79872
282:11  282 283 9984
282:12  282 283 19968
285:0  285 286 106496
285:1  285 286 425984
285:2  285 286 692224
285:3  285 286 12288
291:0  291 292 692224
337:0  337 338 39936
337:1  337 338 159744
337:2  337 338 692224
337:3  337 338 4608
340:0  340 341 692224
344:0  344 345 159744
344:1  344 345 638976
344:2  344 345 692224
344:3  344 345 169728
344:4  344 345 39936
344:11  344 345 9216
344:12  344 345 18432
347:0  347 348 692224
351:0  351 352 319488
351:1  351 352 1277952
351:2  351 352 692224
351:3  351 352 313344
351:4  351 352 79872
351:11  351 352 18432
351:12  351 352 36864
354:0  354 355 692224
356:0  356 357 692224
360:0  360 361 692224
361:0  361 362 106496
361:1  361 362 692224
361:2  361 362 425984
361:3  361 362 169728
361:4  361 362 26624
361:11  361 362 9984
361:12  361 362 19968
362:0  362 363 692224
366:0  366 367 692224
367:0  367 368 106496
367:1  367 368 665600
367:2  367 368 409600
367:3  367 368 164736
367:4  367 368 26624
367:11  367 368 9984
367:12  367 368 19968
369:0  369 370 692224
370:0  370 371 106496
370:1  370 371 409600
370:2  370 371 665600
370:3  370 371 12288
378:0  378 379 26624
378:1  378 379 692224
378:2  378 379 106496
378:3  378 379 19968
379:0  379 380 692224
383:0  383 384 692224
384:0  384 385 266240
384:1  384 385 1198080
384:2  384 385 1843200
384:3  384 385 460800
384:4  384 385 66560
384:11  384 385 9984
386:0  386 387 692224
387:0  387 388 266240
387:1  387 388 1843200
387:2  387 388 1198080
387:3  387 388 460800
387:4  387 388 66560
387:11  387 388 15360
395:0  395 396 133120
395:1  395 396 692224
395:2  395 396 532480
395:3  395 396 169728
395:4  395 396 33280
395:11  395 396 9984
395:12  395 396 19968
396:0  396 397 692224
400:0  400 401 692224
401:0  401 402 212992
401:1  401 402 692224
401:2  401 402 851968
401:3  401 402 208896
401:4  401 402 53248
401:11  401 402 9984
401:12  401 402 19968
403:0  403 404 692224
404:0  404 405 106496
404:1  404 405 425984
404:2  404 405 692224
404:3  404 405 12288
410:0  410 411 692224
456:0  456 457 26624
456:1  456 457 106496
456:2  456 457 692224
456:3  456 457 3072
459:0  459 460 692224
463:0  463 464 133120
463:1  463 464 532480
463:2  463 464 692224
463:3  463 464 169728
463:4  463 464 33280
463:11  463 464 7680
463:12  463 464 15360
466:0  466 467 692224
469:0  469 470 692224
470:0  470 471 212992
470:1  470 471 851968
470:2  470 471 692224
470:3  470 471 208896
470:4  470 471 53248
470:11  470 471 12288
470:12  470 471 24576
473:0  473 474 692224
521:0  521 522 2119936
525:0  525 526 2119936
526:0  526 527 326144
526:1  526 527 1351680
526:2  526 527 270336
526:3  526 527 61184
527:0  527 528 2119936
531:0  531 532 2119936
532:0  532 533 326144
532:1  532 533 2048000
532:2  532 533 409600
532:3  532 533 61184
534:0  534 535 2119936
535:0  535 536 327680
535:1  535 536 409600
535:2  535 536 2048000
535:3  535 536 506880
535:4  535 536 81920
535:11  535 536 6144
535:12  535 536 12288
543:0  543 544 81536
543:1  543 544 1351680
543:2  543 544 67584
543:3  543 544 61184
544:0  544 545 2119936
548:0  548 549 2119936
549:0  549 550 815360
549:1  549 550 3686400
549:2  549 550 1843200
549:3  549 550 61184
551:0  551 552 2119936
552:0  552 553 819200
552:1  552 553 1843200
552:2  552 553 3686400
552:3  552 553 921600
552:4  552 553 204800
552:59  552 553 230400
552:60  552 553 51200
552:67  552 553 7680
560:0  560 561 407680
560:1  560 561 1351680
560:2  560 561 337920
560:3  560 561 61184
561:0  561 562 2119936
565:0  565 566 2119936
566:0  566 567 652288
566:1  566 567 1351680
566:2  566 567 540672
566:3  566 567 61184
568:0  568 569 2119936
569:0  569 570 327680
569:1  569 570 270336
569:2  569 570 1351680
569:3  569 570 12288
575:0  575 576 1345344
621:0  621 622 81920
621:1  621 622 67584
621:2  621 622 1351680
621:3  621 622 3072
624:0  624 625 1345344
628:0  628 629 409600
628:1  628 629 337920
628:2  628 629 1351680
628:3  628 629 337920
628:4  628 629 102400
628:11  628 629 7680
631:0  631 632 1345344
634:0  634 635 2119936
635:0  635 636 655360
635:1  635 636 540672
635:2  635 636 1351680
635:3  635 636 337920
635:4  635 636 163840
635:11  635 636 12288
638:0  638 639 1345344
640:0  640 641 1345344
644:0  644 645 1345344
645:0  645 646 163072
645:1  645 646 1310720
645:2  645 646 131072
645:3  645 646 61184
646:0  646 647 1345344
650:0  650 651 1345344
651:0  651 652 163072
651:1  651 652 2048000
651:2  651 652 204800
651:3  651 652 61184
653:0  653 654 1345344
654:0  654 655 163840
654:1  654 655 204800
654:2  654 655 2048000
654:3  654 655 6144
662:0  662 663 81536
662:1  662 663 1310720
662:2  662 663 65536
662:3  662 663 61184
663:0  663 664 1345344
667:0  667 668 1345344
668:0  668 669 733824
668:1  668 669 3317760
668:2  668 669 1492992
668:3  668 669 61184
670:0  670 671 1345344
671:0  671 672 737280
671:1  671 672 1492992
671:2  671 672 3317760
671:3  671 672 829440
671:4  671 672 184320
671:59  671 672 207360
671:60  671 672 46080
671:67  671 672 6912
679:0  679 680 366912
679:1  679 680 1310720
679:2  679 680 294912
679:3  679 680 61184
680:0  680 681 1345344
684:0  684 685 1345344
685:0  685 686 285376
685:1  685 686 1310720
685:2  685 686 229376
685:3  685 686 61184
687:0  687 688 1345344
688:0  688 689 163840
688:1  688 689 131072
688:2  688 689 1310720
688:3  688 689 6144
694:0  694 695 1304576
740:0  740 741 81920
740:1  740 741 65536
740:2  740 741 1310720
740:3  740 741 3072
743:0  743 744 1304576
747:0  747 748 368640
747:1  747 748 294912
747:2  747 748 1310720
747:3  747 748 322560
747:4  747 748 92160
747:11  747 748 6912
747:12  747 748 13824
750:0  750 751 1304576
753:0  753 754 1345344
754:0  754 755 286720
754:1  754 755 229376
754:2  754 755 1310720
754:3  754 755 10752
757:0  757 758 1304576
759:0  759 760 1304576
763:0  763 764 1304576
764:0  764 765 163072
764:1  764 765 1310720
764:2  764 765 131072
764:3  764 765 61184
765:0  765 766 1304576
769:0  769 770 1304576
770:0  770 771 163072
770:1  770 771 1536000
770:2  770 771 153600
770:3  770 771 61184
772:0  772 773 1304576
773:0  773 774 163840
773:1  773 774 153600
773:2  773 774 1536000
773:3  773 774 6144
781:0  781 782 61184
781:1  781 782 1310720
781:2  781 782 49152
781:3  781 782 61184
782:0  782 783 1304576
786:0  786 787 1304576
787:0  787 788 652288
787:1  787 788 2949120
787:2  787 788 1179648
787:3  787 788 61184
789:0  789 790 1304576
790:0  790 791 655360
790:1  790 791 1179648
790:2  790 791 2949120
790:3  790 791 737280
790:4  790 791 163840
790:11  790 791 12288
798:0  798 799 326144
798:1  798 799 1310720
798:2  798 799 262144
798:3  798 799 61184
799:0  799 800 1304576
803:0  803 804 1304576
804:0  804 805 326144
804:1  804 805 1310720
804:2  804 805 262144
804:3  804 805 61184
806:0  806 807 1304576
807:0  807 808 163840
807:1  807 808 131072
807:2  807 808 1310720
807:3  807 808 6144
813:0  813 814 1304576
859:0  859 860 61440
859:1  859 860 49152
859:2  859 860 1310720
859:3  859 860 2304
862:0  862 863 1304576
866:0  866 867 327680
866:1  866 867 262144
866:2  866 867 1310720
866:3  866 867 12288
869:0  869 870 1304576
872:0  872 873 1304576
873:0  873 874 327680
873:1  873 874 262144
873:2  873 874 1310720
873:3  873 874 12288
876:0  876 877 1304576
878:0  878 879 1304576
882:0  882 883 1304576
883:0  883 884 163072
883:1  883 884 1310720
883:2  883 884 131072
883:3  883 884 61184
884:0  884 885 1304576
888:0  888 889 1304576
889:0  889 890 163072
889:1  889 890 1536000
889:2  889 890 153600
889:3  889 890 61184
891:0  891 892 1304576
892:0  892 893 163840
892:1  892 893 153600
892:2  892 893 1536000
892:3  892 893 6144
900:0  900 901 61184
900:1  900 901 1310720
900:2  900 901 49152
900:3  900 901 61184
901:0  901 902 1304576
905:0  905 906 1304576
906:0  906 907 570752
906:1  906 907 2580480
906:2  906 907 903168
906:3  906 907 61184
908:0  908 909 1304576
909:0  909 910 573440
909:1  909 910 903168
909:2  909 910 2580480
909:3  909 910 645120
909:4  909 910 143360
909:11  909 910 10752
917:0  917 918 285376
917:1  917 918 1310720
917:2  917 918 229376
917:3  917 918 61184
918:0  918 919 1304576
922:0  922 923 1304576
923:0  923 924 407680
923:1  923 924 1310720
923:2  923 924 327680
923:3  923 924 61184
925:0  925 926 1304576
926:0  926 927 163840
926:1  926 927 131072
926:2  926 927 1310720
926:3  926 927 6144
932:0  932 933 1304576
978:0  978 979 61440
978:1  978 979 49152
978:2  978 979 1310720
978:3  978 979 2304
981:0  981 982 1304576
985:0  985 986 286720
985:1  985 986 229376
985:2  985 986 1310720
985:3  985 986 10752
988:0  988 989 1304576
991:0  991 992 1304576
992:0  992 993 409600
992:1  992 993 327680
992:2  992 993 1310720
992:3  992 993 322560
992:4  992 993 102400
992:11  992 993 7680
992:12  992 993 15360
995:0  995 996 1304576
997:0  997 998 1304576
1001:0  1001 1002 1304576
1002:0  1002 1003 163072
1002:1  1002 1003 1228800
1002:2  1002 1003 122880
1002:3  1002 1003 61184
1003:0  1003 1004 1304576
1007:0  1007 1008 1304576
1008:0  1008 1009 122304
1008:1  1008 1009 1024000
1008:2  1008 1009 76800
1008:3  1008 1009 61184
1010:0  1010 1011 1304576
1011:0  1011 1012 122880
1011:1  1011 1012 76800
1011:2  1011 1012 1024000
1011:3  1011 1012 4608
1019:0  1019 1020 40768
1019:1  1019 1020 1228800
1019:2  1019 1020 30720
1019:3  1019 1020 61184
1020:0  1020 1021 1304576
1024:0  1024 1025 1304576
1025:0  1025 1026 529984
1025:1  1025 1026 2211840
1025:2  1025 1026 718848
1025:3  1025 1026 61184
1027:0  1027 1028 1304576
1028:0  1028 1029 532480
1028:1  1028 1029 718848
1028:2  1028 1029 2211840
1028:3  1028 1029 552960
1028:4  1028 1029 133120
1028:11  1028 1029 9984
1036:0  1036 1037 244608
1036:1  1036 1037 1228800
1036:2  1036 1037 184320
1036:3  1036 1037 61184
1037:0  1037 1038 1304576
1041:0  1041 1042 1304576
1042:0  1042 1043 489216
1042:1  1042 1043 1228800
1042:2  1042 1043 368640
1042:3  1042 1043 61184
1044:0  1044 1045 1304576
1045:0  1045 1046 163840
1045:1  1045 1046 122880
1045:2  1045 1046 1228800
1045:3  1045 1046 6144
1051:0  1051 1052 1223040
1097:0  1097 1098 40960
1097:1  1097 1098 30720
1097:2  1097 1098 1228800
1097:3  1097 1098 1536
1100:0  1100 1101 1223040
1104:0  1104 1105 245760
1104:1  1104 1105 184320
1104:2  1104 1105 1228800
1104:3  1104 1105 9216
1107:0  1107 1108 1223040
1110:0  1110 1111 1304576
1111:0  1111 1112 491520
1111:1  1111 1112 368640
1111:2  1111 1112 1228800
1111:3  1111 1112 307200
1111:4  1111 1112 122880
1111:11  1111 1112 9216
1114:0  1114 1115 1223040
1162:0  1162 1163 4892160
1166:0  1166 1167 4892160
1167:0  1167 1168 652288
1167:1  1167 1168 2609152
1167:2  1167 1168 65536
1167:3  1167 1168 244608
1168:0  1168 1169 4892160
1172:0  1172 1173 4892160
1173:0  1173 1174 978432
1173:1  1173 1174 8153600
1173:2  1173 1174 307200
1173:3  1173 1174 244608
1175:0  1175 1176 4892160
1176:0  1176 1177 978432
1176:1  1176 1177 307200
1176:2  1176 1177 8153600
1176:3  1176 1177 9216
1184:0  1184 1185 326144
1184:1  1184 1185 2609152
1184:2  1184 1185 32768
1184:3  1184 1185 244608
1185:0  1185 1186 4892160
1189:0  1189 1190 4892160
1190:0  1190 1191 1956864
1190:1  1190 1191 11741184
1190:2  1190 1191 884736
1190:3  1190 1191 244608
1192:0  1192 1193 4892160
1193:0  1193 1194 1956864
1193:1  1193 1194 884736
1193:2  1193 1194 11741184
1193:3  1193 1194 2930688
1193:4  1193 1194 488448
1193:11  1193 1194 9216
1193:12  1193 1194 18432
1201:0  1201 1202 1304576
1201:1  1201 1202 2609152
1201:2  1201 1202 131072
1201:3  1201 1202 244608
1202:0  1202 1203 4892160
1206:0  1206 1207 4892160
1207:0  1207 1208 1304576
1207:1  1207 1208 2609152
1207:2  1207 1208 131072
1207:3  1207 1208 244608
1209:0  1209 1210 4892160
1210:0  1210 1211 652288
1210:1  1210 1211 65536
1210:2  1210 1211 2609152
1210:3  1210 1211 6144
1216:0  1216 1217 2609152
1262:0  1262 1263 326144
1262:1  1262 1263 32768
1262:2  1262 1263 2609152
1262:3  1262 1263 3072
1265:0  1265 1266 2609152
1269:0  1269 1270 1304576
1269:1  1269 1270 131072
1269:2  1269 1270 2609152
1269:3  1269 1270 12288
1272:0  1272 1273 2609152
1275:0  1275 1276 4892160
1276:0  1276 1277 1304576
1276:1  1276 1277 131072
1276:2  1276 1277 2609152
1276:3  1276 1277 12288
1279:0  1279 1280 2609152
1281:0  1281 1282 2609152
1285:0  1285 1286 2609152
1286:0  1286 1287 326144
1286:1  1286 1287 1956864
1286:2  1286 1287 24576
1286:3  1286 1287 244608
1287:0  1287 1288 2609152
1291:0  1291 1292 2609152
1292:0  1292 1293 326144
1292:1  1292 1293 4076800
1292:2  1292 1293 51200
1292:3  1292 1293 244608
1294:0  1294 1295 2609152
1295:0  1295 1296 326144
1295:1  1295 1296 51200
1295:2  1295 1296 4076800
1295:3  1295 1296 3072
1303:0  1303 1304 163072
1303:1  1303 1304 1956864
1303:2  1303 1304 12288
1303:3  1303 1304 244608
1304:0  1304 1305 2609152
1308:0  1308 1309 2609152
1309:0  1309 1310 1304576
1309:1  1309 1310 8805888
1309:2  1309 1310 442368
1309:3  1309 1310 244608
1311:0  1311 1312 2609152
1312:0  1312 1313 1304576
1312:1  1312 1313 442368
1312:2  1312 1313 8805888
1312:3  1312 1313 2198016
1312:4  1312 1313 325632
1312:11  1312 1313 6144
1312:12  1312 1313 12288
1320:0  1320 1321 978432
1320:1  1320 1321 1956864
1320:2  1320 1321 73728
1320:3  1320 1321 244608
1321:0  1321 1322 2609152
1325:0  1325 1326 2609152
1326:0  1326 1327 652288
1326:1  1326 1327 1956864
1326:2  1326 1327 49152
1326:3  1326 1327 244608
1328:0  1328 1329 2609152
1329:0  1329 1330 326144
1329:1  1329 1330 24576
1329:2  1329 1330 1956864
1329:3  1329 1330 3072
1335:0  1335 1336 1956864
1381:0  1381 1382 163072
1381:1  1381 1382 12288
1381:2  1381 1382 1956864
1381:3  1381 1382 1536
1384:0  1384 1385 1956864
1388:0  1388 1389 978432
1388:1  1388 1389 73728
1388:2  1388 1389 1956864
1388:3  1388 1389 9216
1391:0  1391 1392 1956864
1394:0  1394 1395 2609152
1395:0  1395 1396 652288
1395:1  1395 1396 49152
1395:2  1395 1396 1956864
1395:3  1395 1396 6144
1398:0  1398 1399 1956864
1446:0  1446 1447 7827456
1450:0  1450 1451 7827456
1451:0  1451 1452 7827456
1451:1  1451 1452 23482368
1451:2  1451 1452 442368
1451:3  1451 1452 5870592
1451:4  1451 1452 1956864
1451:59  1451 1452 1467648
1451:60  1451 1452 489216
1451:67  1451 1452 244608
1453:0  1453 1454 7827456
1454:0  1454 1455 7827456
1454:1  1454 1455 442368
1454:2  1454 1455 23482368
1454:3  1454 1455 5870592
1454:4  1454 1455 1956864
1454:11  1454 1455 9216
1460:0  1460 1461 10436608
1504:0  1504 1505 41746432
1508:0  1508 1509 41746432
1509:0  1509 1510 41746432
1509:1  1509 1510 95886336
1509:2  1509 1510 37632
1509:3  1509 1510 15654912
0  0 2 64
1  1 4 64
2  2 5 64
3  3 5 64
4  4 7 64
5  5 9 640
6  6 8 256
7  7 9 640
8  8 16 640
9  9 11 64
10  10 12 64
11  11 13 64
12  12 14 64
13  13 15 576
14  14 16 640
15  15 218 640
16  16 18 7827456
17  17 19 10436608
18  18 1510 95886336
19  19 21 37632
20  20 22 41746432
21  21 1491 41746432
22  22 1492 10436608
23  23 1452 23482368
24  24 26 442368
25  25 27 7827456
26  26 1433 7827456
27  27 1434 1956864
28  28 1327 1956864
29  29 31 49152
30  30 48 652288
31  31 33 73728
32  32 34 978432
33  33 35 978432
34  34 1310 8805888
35  35 37 442368
36  36 48 1304576
37  37 39 12288
38  38 40 163072
39  39 41 163072
40  40 1293 4076800
41  41 43 51200
42  42 48 326144
43  43 1367 1956864
44  44 1287 1956864
45  45 47 24576
46  46 48 326144
47  47 1247 2609152
48  48 1208 2609152
49  49 51 131072
50  50 68 1304576
51  51 53 131072
52  52 54 1304576
53  53 55 1304576
54  54 1191 11741184
55  55 57 884736
56  56 68 1956864
57  57 59 32768
58  58 60 326144
59  59 61 326144
60  60 1174 8153600
61  61 63 307200
62  62 68 978432
63  63 1248 2609152
64  64 1168 2609152
65  65 67 65536
66  66 68 652288
67  67 1149 4892160
68  68 1150 1223040
69  69 1043 1223040
70  70 72 368640
71  71 89 489216
72  72 74 184320
73  73 75 244608
74  74 76 244608
75  75 1026 2201472
76  76 78 718848
77  77 89 529984
78  78 80 30720
79  79 81 40768
80  80 82 40768
81  81 1009 1019200
82  82 84 76800
83  83 89 122304
84  84 1083 1223040
85  85 1003 1223040
86  86 88 122880
87  87 89 163072
88  88 963 1304576
89  89 924 1304576
90  90 92 327680
91  91 109 407680
92  92 94 229376
93  93 95 285376
94  94 96 285376
95  95 907 2568384
96  96 98 903168
97  97 109 570752
98  98 100 49152
99  99 101 61184
100  100 102 61184
101  101 890 1528832
102  102 104 153600
103  103 109 163072
104  104 964 1304576
105  105 884 1304576
106  106 108 131072
107  107 109 163072
108  108 844 1304576
109  109 805 1304576
110  110 112 262144
111  111 129 326144
112  112 114 262144
113  113 115 326144
114  114 116 326144
115  115 788 2935296
116  116 118 1179648
117  117 129 652288
118  118 120 49152
119  119 121 61184
120  120 122 61184
121  121 771 1528832
122  122 124 153600
123  123 129 163072
124  124 845 1304576
125  125 765 1304576
126  126 128 131072
127  127 129 163072
128  128 725 1304576
129  129 686 1304576
130  130 132 229376
131  131 149 285376
132  132 134 294912
133  133 135 366912
134  134 136 366912
135  135 669 3302208
136  136 138 1492992
137  137 149 733824
138  138 140 65536
139  139 141 81536
140  140 142 81536
141  141 652 2038400
142  142 144 204800
143  143 149 163072
144  144 726 1304576
145  145 646 1304576
146  146 148 131072
147  147 149 163072
148  148 606 1345344
149  149 567 1345344
150  150 152 540672
151  151 169 652288
152  152 154 337920
153  153 155 407680
154  154 156 407680
155  155 550 3669120
156  156 158 1843200
157  157 169 815360
158  158 160 67584
159  159 161 81536
160  160 162 81536
161  161 533 2038400
162  162 164 409600
163  163 169 326144
164  164 607 1345344
165  165 527 1345344
166  166 168 270336
167  167 169 326144
168  168 508 2119936
169  169 509 692224
170  170 402 692224
171  171 173 851968
172  172 190 212992
173  173 175 532480
174  174 176 133120
175  175 177 133120
176  176 385 1198080
177  177 179 1843200
178  178 190 266240
179  179 181 106496
180  180 182 26624
181  181 183 26624
182  182 368 665600
183  183 185 409600
184  184 190 106496
185  185 442 692224
186  186 362 692224
187  187 189 425984
188  188 190 106496
189  189 322 692224
190  190 283 692224
191  191 193 1277952
192  192 210 319488
193  193 195 638976
194  194 196 159744
195  195 197 159744
196  196 266 1437696
197  197 199 2654208
198  198 210 319488
199  199 201 159744
200  200 202 39936
201  201 203 39936
202  202 249 998400
203  203 205 614400
204  204 210 106496
205  205 323 692224
206  206 243 692224
207  207 209 425984
208  208 210 106496
209  209 211 851968
210  210 212 53248
211  211 230 53248
212  212 214 40960
213  213 215 576
214  214 216 640
215  215 219 640
216  216 218 640
217  217 220 640
218  218 226 576
219  219 225 576
220  220 222 576
221  221 223 576
222  222 224 576
223  223 225 576
224  224 226 576
225  225 232 576
226  226 228 576
227  227 1511 64
228  228 230 576
229  229 1512 40960
230  230 233 40960
231  231 233 576
232  232 234 53248
233  233 235 53248
234  234 236 53248
235  235 237 41746432
236  236 351 851968
237  237 239 106496
238  238 240 8192
239  239 241 8192
240  240 1513 512
241  241 243 106496
242  242 1514 425984
243  243 245 106496
244  244 246 8192
245  245 247 8192
246  246 1515 512
247  247 249 106496
248  248 1516 614400
249  249 252 614400
250  250 252 106496
251  251 253 998400
252  252 254 998400
253  253 337 39936
254  254 256 39936
255  255 257 3072
256  256 258 3072
257  257 1517 192
258  258 260 39936
259  259 1518 159744
260  260 262 319488
261  261 263 24576
262  262 264 24576
263  263 1519 1536
264  264 266 319488
265  265 1520 2654208
266  266 269 2654208
267  267 269 319488
268  268 270 1437696
269  269 271 1437696
270  270 344 159744
271  271 273 159744
272  272 274 12288
273  273 275 12288
274  274 1521 768
275  275 277 159744
276  276 1522 638976
277  277 279 319488
278  278 280 24576
279  279 281 24576
280  280 1523 1536
281  281 283 319488
282  282 1524 1277952
283  283 286 425984
284  284 286 106496
285  285 287 692224
286  286 288 692224
287  287 292 692224
288  288 290 692224
289  289 291 692224
290  290 293 692224
291  291 325 692224
292  292 326 692224
293  293 295 692224
294  294 296 692224
295  295 297 692224
296  296 327 692224
297  297 299 692224
298  298 300 692224
299  299 301 692224
300  300 328 692224
301  301 303 692224
302  302 304 692224
303  303 305 692224
304  304 329 692224
305  305 307 692224
306  306 308 692224
307  307 309 692224
308  308 330 692224
309  309 311 692224
310  310 312 692224
311  311 313 692224
312  312 331 692224
313  313 315 692224
314  314 316 692224
315  315 317 692224
316  316 332 692224
317  317 319 692224
318  318 320 692224
319  319 321 692224
320  320 333 692224
321  321 323 692224
322  322 324 692224
323  323 325 692224
324  324 334 692224
325  325 335 692224
326  326 335 692224
327  327 335 692224
328  328 335 692224
329  329 335 692224
330  330 335 692224
331  331 335 692224
332  332 335 692224
333  333 335 692224
334  334 342 692224
335  335 338 159744
336  336 338 39936
337  337 339 692224
338  338 340 692224
339  339 341 692224
340  340 342 692224
341  341 349 692224
342  342 345 638976
343  343 345 159744
344  344 346 692224
345  345 347 692224
346  346 348 692224
347  347 349 692224
348  348 356 692224
349  349 352 1277952
350  350 352 319488
351  351 353 692224
352  352 354 692224
353  353 355 692224
354  354 356 692224
355  355 470 692224
356  356 358 106496
357  357 359 8192
358  358 360 8192
359  359 1525 512
360  360 362 106496
361  361 1526 425984
362  362 364 106496
363  363 365 8192
364  364 366 8192
365  365 1527 512
366  366 368 106496
367  367 1528 409600
368  368 371 409600
369  369 371 106496
370  370 372 665600
371  371 373 665600
372  372 456 26624
373  373 375 26624
374  374 376 2048
375  375 377 2048
376  376 1529 128
377  377 379 26624
378  378 1530 106496
379  379 381 266240
380  380 382 20480
381  381 383 20480
382  382 1531 1280
383  383 385 266240
384  384 1532 1843200
385  385 388 1843200
386  386 388 266240
387  387 389 1198080
388  388 390 1198080
389  389 463 133120
390  390 392 133120
391  391 393 10240
392  392 394 10240
393  393 1533 640
394  394 396 133120
395  395 1534 532480
396  396 398 212992
397  397 399 16384
398  398 400 16384
399  399 1535 1024
400  400 402 212992
401  401 1536 851968
402  402 405 425984
403  403 405 106496
404  404 406 692224
405  405 407 692224
406  406 411 692224
407  407 409 692224
408  408 410 692224
409  409 412 692224
410  410 444 692224
411  411 445 692224
412  412 414 692224
413  413 415 692224
414  414 416 692224
415  415 446 692224
416  416 418 692224
417  417 419 692224
418  418 420 692224
419  419 447 692224
420  420 422 692224
421  421 423 692224
422  422 424 692224
423  423 448 692224
424  424 426 692224
425  425 427 692224
426  426 428 692224
427  427 449 692224
428  428 430 692224
429  429 431 692224
430  430 432 692224
431  431 450 692224
432  432 434 692224
433  433 435 692224
434  434 436 692224
435  435 451 692224
436  436 438 692224
437  437 439 692224
438  438 440 692224
439  439 452 692224
440  440 442 692224
441  441 443 692224
442  442 444 692224
443  443 453 692224
444  444 454 692224
445  445 454 692224
446  446 454 692224
447  447 454 692224
448  448 454 692224
449  449 454 692224
450  450 454 692224
451  451 454 692224
452  452 454 692224
453  453 461 692224
454  454 457 106496
455  455 457 26624
456  456 458 692224
457  457 459 692224
458  458 460 692224
459  459 461 692224
460  460 468 692224
461  461 464 532480
462  462 464 133120
463  463 465 692224
464  464 466 692224
465  465 467 692224
466  466 468 692224
467  467 475 692224
468  468 471 851968
469  469 471 212992
470  470 472 692224
471  471 473 692224
472  472 474 692224
473  473 475 692224
474  474 511 692224
475  475 477 692224
476  476 478 692224
477  477 479 692224
478  478 512 692224
479  479 481 692224
480  480 482 692224
481  481 483 692224
482  482 513 692224
483  483 485 692224
484  484 486 692224
485  485 487 692224
486  486 514 692224
487  487 489 692224
488  488 490 692224
489  489 491 692224
490  490 515 692224
491  491 493 692224
492  492 494 692224
493  493 495 692224
494  494 516 692224
495  495 497 692224
496  496 498 692224
497  497 499 692224
498  498 517 692224
499  499 501 692224
500  500 502 692224
501  501 503 692224
502  502 518 692224
503  503 505 692224
504  504 506 692224
505  505 507 692224
506  506 519 692224
507  507 509 692224
508  508 510 692224
509  509 511 692224
510  510 520 692224
511  511 521 2119936
512  512 521 2119936
513  513 521 2119936
514  514 521 2119936
515  515 521 2119936
516  516 521 2119936
517  517 521 2119936
518  518 521 2119936
519  519 521 2119936
520  520 635 2119936
521  521 523 326144
522  522 524 25088
523  523 525 25088
524  524 1537 512
525  525 527 326144
526  526 1538 270336
527  527 529 326144
528  528 530 25088
529  529 531 25088
530  530 1539 512
531  531 533 326144
532  532 1540 409600
533  533 536 409600
534  534 536 326144
535  535 537 2038400
536  536 538 2038400
537  537 621 81536
538  538 540 81536
539  539 541 6272
540  540 542 6272
541  541 1541 128
542  542 544 81536
543  543 1542 67584
544  544 546 815360
545  545 547 62720
546  546 548 62720
547  547 1543 1280
548  548 550 815360
549  549 1544 1843200
550  550 553 1843200
551  551 553 815360
552  552 554 3669120
553  553 555 3669120
554  554 628 407680
555  555 557 407680
556  556 558 31360
557  557 559 31360
558  558 1545 640
559  559 561 407680
560  560 1546 337920
561  561 563 652288
562  562 564 50176
563  563 565 50176
564  564 1547 1024
565  565 567 652288
566  566 1548 540672
567  567 570 270336
568  568 570 326144
569  569 571 1345344
570  570 572 1345344
571  571 576 1345344
572  572 574 1345344
573  573 575 1345344
574  574 577 1345344
575  575 609 1345344
576  576 610 1345344
577  577 579 1345344
578  578 580 1345344
579  579 581 1345344
580  580 611 1345344
581  581 583 1345344
582  582 584 1345344
583  583 585 1345344
584  584 612 1345344
585  585 587 1345344
586  586 588 1345344
587  587 589 1345344
588  588 613 1345344
589  589 591 1345344
590  590 592 1345344
591  591 593 1345344
592  592 614 1345344
593  593 595 1345344
594  594 596 1345344
595  595 597 1345344
596  596 615 1345344
597  597 599 1345344
598  598 600 1345344
599  599 601 1345344
600  600 616 1345344
601  601 603 1345344
602  602 604 1345344
603  603 605 1345344
604  604 617 1345344
605  605 607 1345344
606  606 608 1345344
607  607 609 1345344
608  608 618 1345344
609  609 619 1345344
610  610 619 1345344
611  611 619 1345344
612  612 619 1345344
613  613 619 1345344
614  614 619 1345344
615  615 619 1345344
616  616 619 1345344
617  617 619 1345344
618  618 626 1345344
619  619 622 67584
620  620 622 81536
621  621 623 1345344
622  622 624 1345344
623  623 625 1345344
624  624 626 1345344
625  625 633 1345344
626  626 629 337920
627  627 629 407680
628  628 630 1345344
629  629 631 1345344
630  630 632 1345344
631  631 633 1345344
632  632 640 1345344
633  633 636 540672
634  634 636 652288
635  635 637 1345344
636  636 638 1345344
637  637 639 1345344
638  638 640 1345344
639  639 754 1345344
640  640 642 163072
641  641 643 12544
642  642 644 12544
643  643 1549 256
644  644 646 163072
645  645 1550 131072
646  646 648 163072
647  647 649 12544
648  648 650 12544
649  649 1551 256
650  650 652 163072
651  651 1552 204800
652  652 655 204800
653  653 655 163072
654  654 656 2038400
655  655 657 2038400
656  656 740 81536
657  657 659 81536
658  658 660 6272
659  659 661 6272
660  660 1553 128
661  661 663 81536
662  662 1554 65536
663  663 665 733824
664  664 666 56448
665  665 667 56448
666  666 1555 1152
667  667 669 733824
668  668 1556 1492992
669  669 672 1492992
670  670 672 733824
671  671 673 3302208
672  672 674 3302208
673  673 747 366912
674  674 676 366912
675  675 677 28224
676  676 678 28224
677  677 1557 576
678  678 680 366912
679  679 1558 294912
680  680 682 285376
681  681 683 21952
682  682 684 21952
683  683 1559 448
684  684 686 285376
685  685 1560 229376
686  686 689 131072
687  687 689 163072
688  688 690 1304576
689  689 691 1304576
690  690 695 1304576
691  691 693 1304576
692  692 694 1304576
693  693 696 1304576
694  694 728 1304576
695  695 729 1304576
696  696 698 1304576
697  697 699 1304576
698  698 700 1304576
699  699 730 1304576
700  700 702 1304576
701  701 703 1304576
702  702 704 1304576
703  703 731 1304576
704  704 706 1304576
705  705 707 1304576
706  706 708 1304576
707  707 732 1304576
708  708 710 1304576
709  709 711 1304576
710  710 712 1304576
711  711 733 1304576
712  712 714 1304576
713  713 715 1304576
714  714 716 1304576
715  715 734 1304576
716  716 718 1304576
717  717 719 1304576
718  718 720 1304576
719  719 735 1304576
720  720 722 1304576
721  721 723 1304576
722  722 724 1304576
723  723 736 1304576
724  724 726 1304576
725  725 727 1304576
726  726 728 1304576
727  727 737 1304576
728  728 738 1304576
729  729 738 1304576
730  730 738 1304576
731  731 738 1304576
732  732 738 1304576
733  733 738 1304576
734  734 738 1304576
735  735 738 1304576
736  736 738 1304576
737  737 745 1304576
738  738 741 65536
739  739 741 81536
740  740 742 1304576
741  741 743 1304576
742  742 744 1304576
743  743 745 1304576
744  744 752 1304576
745  745 748 294912
746  746 748 366912
747  747 749 1304576
748  748 750 1304576
749  749 751 1304576
750  750 752 1304576
751  751 759 1304576
752  752 755 229376
753  753 755 285376
754  754 756 1304576
755  755 757 1304576
756  756 758 1304576
757  757 759 1304576
758  758 873 1304576
759  759 761 163072
760  760 762 12544
761  761 763 12544
762  762 1561 256
763  763 765 163072
764  764 1562 131072
765  765 767 163072
766  766 768 12544
767  767 769 12544
768  768 1563 256
769  769 771 163072
770  770 1564 153600
771  771 774 153600
772  772 774 163072
773  773 775 1528832
774  774 776 1528832
775  775 859 61184
776  776 778 61184
777  777 779 4736
778  778 780 4736
779  779 1565 128
780  780 782 61184
781  781 1566 49152
782  782 784 652288
783  783 785 50176
784  784 786 50176
785  785 1567 1024
786  786 788 652288
787  787 1568 1179648
788  788 791 1179648
789  789 791 652288
790  790 792 2935296
791  791 793 2935296
792  792 866 326144
793  793 795 326144
794  794 796 25088
795  795 797 25088
796  796 1569 512
797  797 799 326144
798  798 1570 262144
799  799 801 326144
800  800 802 25088
801  801 803 25088
802  802 1571 512
803  803 805 326144
804  804 1572 262144
805  805 808 131072
806  806 808 163072
807  807 809 1304576
808  808 810 1304576
809  809 814 1304576
810  810 812 1304576
811  811 813 1304576
812  812 815 1304576
813  813 847 1304576
814  814 848 1304576
815  815 817 1304576
816  816 818 1304576
817  817 819 1304576
818  818 849 1304576
819  819 821 1304576
820  820 822 1304576
821  821 823 1304576
822  822 850 1304576
823  823 825 1304576
824  824 826 1304576
825  825 827 1304576
826  826 851 1304576
827  827 829 1304576
828  828 830 1304576
829  829 831 1304576
830  830 852 1304576
831  831 833 1304576
832  832 834 1304576
833  833 835 1304576
834  834 853 1304576
835  835 837 1304576
836  836 838 1304576
837  837 839 1304576
838  838 854 1304576
839  839 841 1304576
840  840 842 1304576
841  841 843 1304576
842  842 855 1304576
843  843 845 1304576
844  844 846 1304576
845  845 847 1304576
846  846 856 1304576
847  847 857 1304576
848  848 857 1304576
849  849 857 1304576
850  850 857 1304576
851  851 857 1304576
852  852 857 1304576
853  853 857 1304576
854  854 857 1304576
855  855 857 1304576
856  856 864 1304576
857  857 860 49152
858  858 860 61184
859  859 861 1304576
860  860 862 1304576
861  861 863 1304576
862  862 864 1304576
863  863 871 1304576
864  864 867 262144
865  865 867 326144
866  866 868 1304576
867  867 869 1304576
868  868 870 1304576
869  869 871 1304576
870  870 878 1304576
871  871 874 262144
872  872 874 326144
873  873 875 1304576
874  874 876 1304576
875  875 877 1304576
876  876 878 1304576
877  877 992 1304576
878  878 880 163072
879  879 881 12544
880  880 882 12544
881  881 1573 256
882  882 884 163072
883  883 1574 131072
884  884 886 163072
885  885 887 12544
886  886 888 12544
887  887 1575 256
888  888 890 163072
889  889 1576 153600
890  890 893 153600
891  891 893 163072
892  892 894 1528832
893  893 895 1528832
894  894 978 61184
895  895 897 61184
896  896 898 4736
897  897 899 4736
898  898 1577 128
899  899 901 61184
900  900 1578 49152
901  901 903 570752
902  902 904 43904
903  903 905 43904
904  904 1579 896
905  905 907 570752
906  906 1580 903168
907  907 910 903168
908  908 910 570752
909  909 911 2568384
910  910 912 2568384
911  911 985 285376
912  912 914 285376
913  913 915 21952
914  914 916 21952
915  915 1581 448
916  916 918 285376
917  917 1582 229376
918  918 920 407680
919  919 921 31360
920  920 922 31360
921  921 1583 640
922  922 924 407680
923  923 1584 327680
924  924 927 131072
925  925 927 163072
926  926 928 1304576
927  927 929 1304576
928  928 933 1304576
929  929 931 1304576
930  930 932 1304576
931  931 934 1304576
932  932 966 1304576
933  933 967 1304576
934  934 936 1304576
935  935 937 1304576
936  936 938 1304576
937  937 968 1304576
938  938 940 1304576
939  939 941 1304576
940  940 942 1304576
941  941 969 1304576
942  942 944 1304576
943  943 945 1304576
944  944 946 1304576
945  945 970 1304576
946  946 948 1304576
947  947 949 1304576
948  948 950 1304576
949  949 971 1304576
950  950 952 1304576
951  951 953 1304576
952  952 954 1304576
953  953 972 1304576
954  954 956 1304576
955  955 957 1304576
956  956 958 1304576
957  957 973 1304576
958  958 960 1304576
959  959 961 1304576
960  960 962 1304576
961  961 974 1304576
962  962 964 1304576
963  963 965 1304576
964  964 966 1304576
965  965 975 1304576
966  966 976 1304576
967  967 976 1304576
968  968 976 1304576
969  969 976 1304576
970  970 976 1304576
971  971 976 1304576
972  972 976 1304576
973  973 976 1304576
974  974 976 1304576
975  975 983 1304576
976  976 979 49152
977  977 979 61184
978  978 980 1304576
979  979 981 1304576
980  980 982 1304576
981  981 983 1304576
982  982 990 1304576
983  983 986 229376
984  984 986 285376
985  985 987 1304576
986  986 988 1304576
987  987 989 1304576
988  988 990 1304576
989  989 997 1304576
990  990 993 327680
991  991 993 407680
992  992 994 1304576
993  993 995 1304576
994  994 996 1304576
995  995 997 1304576
996  996 1111 1304576
997  997 999 163072
998  998 1000 12544
999  999 1001 12544
1000  1000 1585 256
1001  1001 1003 163072
1002  1002 1586 122880
1003  1003 1005 122304
1004  1004 1006 9408
1005  1005 1007 9408
1006  1006 1587 192
1007  1007 1009 122304
1008  1008 1588 76800
1009  1009 1012 76800
1010  1010 1012 122304
1011  1011 1013 1019200
1012  1012 1014 1019200
1013  1013 1097 40768
1014  1014 1016 40768
1015  1015 1017 3136
1016  1016 1018 3136
1017  1017 1589 64
1018  1018 1020 40768
1019  1019 1590 30720
1020  1020 1022 529984
1021  1021 1023 40768
1022  1022 1024 40768
1023  1023 1591 832
1024  1024 1026 529984
1025  1025 1592 718848
1026  1026 1029 718848
1027  1027 1029 529984
1028  1028 1030 2201472
1029  1029 1031 2201472
1030  1030 1104 244608
1031  1031 1033 244608
1032  1032 1034 18816
1033  1033 1035 18816
1034  1034 1593 384
1035  1035 1037 244608
1036  1036 1594 184320
1037  1037 1039 489216
1038  1038 1040 37632
1039  1039 1041 37632
1040  1040 1595 768
1041  1041 1043 489216
1042  1042 1596 368640
1043  1043 1046 122880
1044  1044 1046 163072
1045  1045 1047 1223040
1046  1046 1048 1223040
1047  1047 1052 1223040
1048  1048 1050 1223040
1049  1049 1051 1223040
1050  1050 1053 1223040
1051  1051 1085 1223040
1052  1052 1086 1223040
1053  1053 1055 1223040
1054  1054 1056 1223040
1055  1055 1057 1223040
1056  1056 1087 1223040
1057  1057 1059 1223040
1058  1058 1060 1223040
1059  1059 1061 1223040
1060  1060 1088 1223040
1061  1061 1063 1223040
1062  1062 1064 1223040
1063  1063 1065 1223040
1064  1064 1089 1223040
1065  1065 1067 1223040
1066  1066 1068 1223040
1067  1067 1069 1223040
1068  1068 1090 1223040
1069  1069 1071 1223040
1070  1070 1072 1223040
1071  1071 1073 1223040
1072  1072 1091 1223040
1073  1073 1075 1223040
1074  1074 1076 1223040
1075  1075 1077 1223040
1076  1076 1092 1223040
1077  1077 1079 1223040
1078  1078 1080 1223040
1079  1079 1081 1223040
1080  1080 1093 1223040
1081  1081 1083 1223040
1082  1082 1084 1223040
1083  1083 1085 1223040
1084  1084 1094 1223040
1085  1085 1095 1223040
1086  1086 1095 1223040
1087  1087 1095 1223040
1088  1088 1095 1223040
1089  1089 1095 1223040
1090  1090 1095 1223040
1091  1091 1095 1223040
1092  1092 1095 1223040
1093  1093 1095 1223040
1094  1094 1102 1223040
1095  1095 1098 30720
1096  1096 1098 40768
1097  1097 1099 1223040
1098  1098 1100 1223040
1099  1099 1101 1223040
1100  1100 1102 1223040
1101  1101 1109 1223040
1102  1102 1105 184320
1103  1103 1105 244608
1104  1104 1106 1223040
1105  1105 1107 1223040
1106  1106 1108 1223040
1107  1107 1109 1223040
1108  1108 1116 1223040
1109  1109 1112 368640
1110  1110 1112 489216
1111  1111 1113 1223040
1112  1112 1114 1223040
1113  1113 1115 1223040
1114  1114 1116 1223040
1115  1115 1152 1223040
1116  1116 1118 1223040
1117  1117 1119 1223040
1118  1118 1120 1223040
1119  1119 1153 1223040
1120  1120 1122 1223040
1121  1121 1123 1223040
1122  1122 1124 1223040
1123  1123 1154 1223040
1124  1124 1126 1223040
1125  1125 1127 1223040
1126  1126 1128 1223040
1127  1127 1155 1223040
1128  1128 1130 1223040
1129  1129 1131 1223040
1130  1130 1132 1223040
1131  1131 1156 1223040
1132  1132 1134 1223040
1133  1133 1135 1223040
1134  1134 1136 1223040
1135  1135 1157 1223040
1136  1136 1138 1223040
1137  1137 1139 1223040
1138  1138 1140 1223040
1139  1139 1158 1223040
1140  1140 1142 1223040
1141  1141 1143 1223040
1142  1142 1144 1223040
1143  1143 1159 1223040
1144  1144 1146 1223040
1145  1145 1147 1223040
1146  1146 1148 1223040
1147  1147 1160 1223040
1148  1148 1150 1223040
1149  1149 1151 1223040
1150  1150 1152 1223040
1151  1151 1161 1223040
1152  1152 1162 4892160
1153  1153 1162 4892160
1154  1154 1162 4892160
1155  1155 1162 4892160
1156  1156 1162 4892160
1157  1157 1162 4892160
1158  1158 1162 4892160
1159  1159 1162 4892160
1160  1160 1162 4892160
1161  1161 1276 4892160
1162  1162 1164 652288
1163  1163 1165 50176
1164  1164 1166 50176
1165  1165 1597 256
1166  1166 1168 652288
1167  1167 1598 65536
1168  1168 1170 978432
1169  1169 1171 75264
1170  1170 1172 75264
1171  1171 1599 384
1172  1172 1174 978432
1173  1173 1600 307200
1174  1174 1177 307200
1175  1175 1177 978432
1176  1176 1178 8153600
1177  1177 1179 8153600
1178  1178 1262 326144
1179  1179 1181 326144
1180  1180 1182 25088
1181  1181 1183 25088
1182  1182 1601 128
1183  1183 1185 326144
1184  1184 1602 32768
1185  1185 1187 1956864
1186  1186 1188 150528
1187  1187 1189 150528
1188  1188 1603 768
1189  1189 1191 1956864
1190  1190 1604 884736
1191  1191 1194 884736
1192  1192 1194 1956864
1193  1193 1195 11741184
1194  1194 1196 11741184
1195  1195 1269 1304576
1196  1196 1198 1304576
1197  1197 1199 100352
1198  1198 1200 100352
1199  1199 1605 512
1200  1200 1202 1304576
1201  1201 1606 131072
1202  1202 1204 1304576
1203  1203 1205 100352
1204  1204 1206 100352
1205  1205 1607 512
1206  1206 1208 1304576
1207  1207 1608 131072
1208  1208 1211 65536
1209  1209 1211 652288
1210  1210 1212 2609152
1211  1211 1213 2609152
1212  1212 1217 2609152
1213  1213 1215 2609152
1214  1214 1216 2609152
1215  1215 1218 2609152
1216  1216 1250 2609152
1217  1217 1251 2609152
1218  1218 1220 2609152
1219  1219 1221 2609152
1220  1220 1222 2609152
1221  1221 1252 2609152
1222  1222 1224 2609152
1223  1223 1225 2609152
1224  1224 1226 2609152
1225  1225 1253 2609152
1226  1226 1228 2609152
1227  1227 1229 2609152
1228  1228 1230 2609152
1229  1229 1254 2609152
1230  1230 1232 2609152
1231  1231 1233 2609152
1232  1232 1234 2609152
1233  1233 1255 2609152
1234  1234 1236 2609152
1235  1235 1237 2609152
1236  1236 1238 2609152
1237  1237 1256 2609152
1238  1238 1240 2609152
1239  1239 1241 2609152
1240  1240 1242 2609152
1241  1241 1257 2609152
1242  1242 1244 2609152
1243  1243 1245 2609152
1244  1244 1246 2609152
1245  1245 1258 2609152
1246  1246 1248 2609152
1247  1247 1249 2609152
1248  1248 1250 2609152
1249  1249 1259 2609152
1250  1250 1260 2609152
1251  1251 1260 2609152
1252  1252 1260 2609152
1253  1253 1260 2609152
1254  1254 1260 2609152
1255  1255 1260 2609152
1256  1256 1260 2609152
1257  1257 1260 2609152
1258  1258 1260 2609152
1259  1259 1267 2609152
1260  1260 1263 32768
1261  1261 1263 326144
1262  1262 1264 2609152
1263  1263 1265 2609152
1264  1264 1266 2609152
1265  1265 1267 2609152
1266  1266 1274 2609152
1267  1267 1270 131072
1268  1268 1270 1304576
1269  1269 1271 2609152
1270  1270 1272 2609152
1271  1271 1273 2609152
1272  1272 1274 2609152
1273  1273 1281 2609152
1274  1274 1277 131072
1275  1275 1277 1304576
1276  1276 1278 2609152
1277  1277 1279 2609152
1278  1278 1280 2609152
1279  1279 1281 2609152
1280  1280 1395 2609152
1281  1281 1283 326144
1282  1282 1284 25088
1283  1283 1285 25088
1284  1284 1609 128
1285  1285 1287 326144
1286  1286 1610 24576
1287  1287 1289 326144
1288  1288 1290 25088
1289  1289 1291 25088
1290  1290 1611 128
1291  1291 1293 326144
1292  1292 1612 51200
1293  1293 1296 51200
1294  1294 1296 326144
1295  1295 1297 4076800
1296  1296 1298 4076800
1297  1297 1381 163072
1298  1298 1300 163072
1299  1299 1301 12544
1300  1300 1302 12544
1301  1301 1613 64
1302  1302 1304 163072
1303  1303 1614 12288
1304  1304 1306 1304576
1305  1305 1307 100352
1306  1306 1308 100352
1307  1307 1615 512
1308  1308 1310 1304576
1309  1309 1616 442368
1310  1310 1313 442368
1311  1311 1313 1304576
1312  1312 1314 8805888
1313  1313 1315 8805888
1314  1314 1388 978432
1315  1315 1317 978432
1316  1316 1318 75264
1317  1317 1319 75264
1318  1318 1617 384
1319  1319 1321 978432
1320  1320 1618 73728
1321  1321 1323 652288
1322  1322 1324 50176
1323  1323 1325 50176
1324  1324 1619 256
1325  1325 1327 652288
1326  1326 1620 49152
1327  1327 1330 24576
1328  1328 1330 326144
1329  1329 1331 1956864
1330  1330 1332 1956864
1331  1331 1336 1956864
1332  1332 1334 1956864
1333  1333 1335 1956864
1334  1334 1337 1956864
1335  1335 1369 1956864
1336  1336 1370 1956864
1337  1337 1339 1956864
1338  1338 1340 1956864
1339  1339 1341 1956864
1340  1340 1371 1956864
1341  1341 1343 1956864
1342  1342 1344 1956864
1343  1343 1345 1956864
1344  1344 1372 1956864
1345  1345 1347 1956864
1346  1346 1348 1956864
1347  1347 1349 1956864
1348  1348 1373 1956864
1349  1349 1351 1956864
1350  1350 1352 1956864
1351  1351 1353 1956864
1352  1352 1374 1956864
1353  1353 1355 1956864
1354  1354 1356 1956864
1355  1355 1357 1956864
1356  1356 1375 1956864
1357  1357 1359 1956864
1358  1358 1360 1956864
1359  1359 1361 1956864
1360  1360 1376 1956864
1361  1361 1363 1956864
1362  1362 1364 1956864
1363  1363 1365 1956864
1364  1364 1377 1956864
1365  1365 1367 1956864
1366  1366 1368 1956864
1367  1367 1369 1956864
1368  1368 1378 1956864
1369  1369 1379 1956864
1370  1370 1379 1956864
1371  1371 1379 1956864
1372  1372 1379 1956864
1373  1373 1379 1956864
1374  1374 1379 1956864
1375  1375 1379 1956864
1376  1376 1379 1956864
1377  1377 1379 1956864
1378  1378 1386 1956864
1379  1379 1382 12288
1380  1380 1382 163072
1381  1381 1383 1956864
1382  1382 1384 1956864
1383  1383 1385 1956864
1384  1384 1386 1956864
1385  1385 1393 1956864
1386  1386 1389 73728
1387  1387 1389 978432
1388  1388 1390 1956864
1389  1389 1391 1956864
1390  1390 1392 1956864
1391  1391 1393 1956864
1392  1392 1400 1956864
1393  1393 1396 49152
1394  1394 1396 652288
1395  1395 1397 1956864
1396  1396 1398 1956864
1397  1397 1399 1956864
1398  1398 1400 1956864
1399  1399 1436 1956864
1400  1400 1402 1956864
1401  1401 1403 1956864
1402  1402 1404 1956864
1403  1403 1437 1956864
1404  1404 1406 1956864
1405  1405 1407 1956864
1406  1406 1408 1956864
1407  1407 1438 1956864
1408  1408 1410 1956864
1409  1409 1411 1956864
1410  1410 1412 1956864
1411  1411 1439 1956864
1412  1412 1414 1956864
1413  1413 1415 1956864
1414  1414 1416 1956864
1415  1415 1440 1956864
1416  1416 1418 1956864
1417  1417 1419 1956864
1418  1418 1420 1956864
1419  1419 1441 1956864
1420  1420 1422 1956864
1421  1421 1423 1956864
1422  1422 1424 1956864
1423  1423 1442 1956864
1424  1424 1426 1956864
1425  1425 1427 1956864
1426  1426 1428 1956864
1427  1427 1443 1956864
1428  1428 1430 1956864
1429  1429 1431 1956864
1430  1430 1432 1956864
1431  1431 1444 1956864
1432  1432 1434 1956864
1433  1433 1435 1956864
1434  1434 1436 1956864
1435  1435 1445 1956864
1436  1436 1446 7827456
1437  1437 1446 7827456
1438  1438 1446 7827456
1439  1439 1446 7827456
1440  1440 1446 7827456
1441  1441 1446 7827456
1442  1442 1446 7827456
1443  1443 1446 7827456
1444  1444 1446 7827456
1445  1445 1454 7827456
1446  1446 1448 7827456
1447  1447 1449 602112
1448  1448 1450 602112
1449  1449 1621 768
1450  1450 1452 7827456
1451  1451 1622 442368
1452  1452 1455 442368
1453  1453 1455 7827456
1454  1454 1456 23482368
1455  1455 1457 93929472
1456  1456 1461 10436608
1457  1457 1459 10436608
1458  1458 1460 10436608
1459  1459 1462 10436608
1460  1460 1494 10436608
1461  1461 1495 10436608
1462  1462 1464 10436608
1463  1463 1465 10436608
1464  1464 1466 10436608
1465  1465 1496 10436608
1466  1466 1468 10436608
1467  1467 1469 10436608
1468  1468 1470 10436608
1469  1469 1497 10436608
1470  1470 1472 10436608
1471  1471 1473 10436608
1472  1472 1474 10436608
1473  1473 1498 10436608
1474  1474 1476 10436608
1475  1475 1477 10436608
1476  1476 1478 10436608
1477  1477 1499 10436608
1478  1478 1480 10436608
1479  1479 1481 10436608
1480  1480 1482 10436608
1481  1481 1500 10436608
1482  1482 1484 10436608
1483  1483 1485 10436608
1484  1484 1486 10436608
1485  1485 1501 10436608
1486  1486 1488 10436608
1487  1487 1489 10436608
1488  1488 1490 10436608
1489  1489 1502 10436608
1490  1490 1492 10436608
1491  1491 1493 10436608
1492  1492 1494 10436608
1493  1493 1503 10436608
1494  1494 1504 41746432
1495  1495 1504 41746432
1496  1496 1504 41746432
1497  1497 1504 41746432
1498  1498 1504 41746432
1499  1499 1504 41746432
1500  1500 1504 41746432
1501  1501 1504 41746432
1502  1502 1504 41746432
1503  1503 1509 41746432
1504  1504 1506 41746432
1505  1505 1507 3211264
1506  1506 1508 3211264
1507  1507 1623 256
1508  1508 1510 41746432
1509  1509 1624 37632
1510  1510 1624 64
1511  1511 1624 40960
1512  1512 1624 512
1513  1513 1624 425984
1514  1514 1624 512
1515  1515 1624 614400
1516  1516 1624 192
1517  1517 1624 159744
1518  1518 1624 1536
1519  1519 1624 2654208
1520  1520 1624 768
1521  1521 1624 638976
1522  1522 1624 1536
1523  1523 1624 1277952
1524  1524 1624 512
1525  1525 1624 425984
1526  1526 1624 512
1527  1527 1624 409600
1528  1528 1624 128
1529  1529 1624 106496
1530  1530 1624 1280
1531  1531 1624 1843200
1532  1532 1624 640
1533  1533 1624 532480
1534  1534 1624 1024
1535  1535 1624 851968
1536  1536 1624 512
1537  1537 1624 270336
1538  1538 1624 512
1539  1539 1624 409600
1540  1540 1624 128
1541  1541 1624 67584
1542  1542 1624 1280
1543  1543 1624 1843200
1544  1544 1624 640
1545  1545 1624 337920
1546  1546 1624 1024
1547  1547 1624 540672
1548  1548 1624 256
1549  1549 1624 131072
1550  1550 1624 256
1551  1551 1624 204800
1552  1552 1624 128
1553  1553 1624 65536
1554  1554 1624 1152
1555  1555 1624 1492992
1556  1556 1624 576
1557  1557 1624 294912
1558  1558 1624 448
1559  1559 1624 229376
1560  1560 1624 256
1561  1561 1624 131072
1562  1562 1624 256
1563  1563 1624 153600
1564  1564 1624 128
1565  1565 1624 49152
1566  1566 1624 1024
1567  1567 1624 1179648
1568  1568 1624 512
1569  1569 1624 262144
1570  1570 1624 512
1571  1571 1624 262144
1572  1572 1624 256
1573  1573 1624 131072
1574  1574 1624 256
1575  1575 1624 153600
1576  1576 1624 128
1577  1577 1624 49152
1578  1578 1624 896
1579  1579 1624 903168
1580  1580 1624 448
1581  1581 1624 229376
1582  1582 1624 640
1583  1583 1624 327680
1584  1584 1624 256
1585  1585 1624 122880
1586  1586 1624 192
1587  1587 1624 76800
1588  1588 1624 64
1589  1589 1624 30720
1590  1590 1624 832
1591  1591 1624 718848
1592  1592 1624 384
1593  1593 1624 184320
1594  1594 1624 768
1595  1595 1624 368640
1596  1596 1624 256
1597  1597 1624 65536
1598  1598 1624 384
1599  1599 1624 307200
1600  1600 1624 128
1601  1601 1624 32768
1602  1602 1624 768
1603  1603 1624 884736
1604  1604 1624 512
1605  1605 1624 131072
1606  1606 1624 512
1607  1607 1624 131072
1608  1608 1624 128
1609  1609 1624 24576
1610  1610 1624 128
1611  1611 1624 51200
1612  1612 1624 64
1613  1613 1624 12288
1614  1614 1624 512
1615  1615 1624 442368
1616  1616 1624 384
1617  1617 1624 73728
1618  1618 1624 256
1619  1619 1624 49152
1620  1620 1624 768
1621  1621 1624 442368
1622  1622 1624 256
1623  1623 1624 37632
