7:0  7 8 448
7:1  7 8 64
18:0  18 19 6021120
20:0  20 21 37632
20:1  20 21 74260480
20:2  20 21 32112640
20:3  20 21 14144
21:0  21 22 32112640
23:0  23 24 8028160
25:0  25 26 442368
25:1  25 26 18063360
25:2  25 26 6021120
25:3  25 26 4506624
25:4  25 26 110592
25:59  25 26 1126656
25:60  25 26 27648
25:67  25 26 13824
25:68  25 26 55296
26:0  26 27 6021120
28:0  28 29 1505280
30:0  30 31 49152
30:1  30 31 1505280
30:2  30 31 501760
30:3  30 31 18432
32:0  32 33 73728
32:1  32 33 1505280
32:2  32 33 752640
32:3  32 33 18432
33:0  33 34 752640
34:0  34 35 752640
36:0  36 37 442368
36:1  36 37 6773760
36:2  36 37 1003520
36:3  36 37 1679616
36:4  36 37 110592
36:11  36 37 41472
36:12  36 37 82944
38:0  38 39 12288
38:1  38 39 1505280
38:2  38 39 125440
38:3  38 39 18432
39:0  39 40 125440
40:0  40 41 125440
42:0  42 43 51200
42:1  42 43 3136000
42:2  42 43 250880
42:3  42 43 38400
44:0  44 45 1505280
46:0  46 47 24576
46:1  46 47 1505280
46:2  46 47 250880
46:3  46 47 18432
47:0  47 48 2007040
48:0  48 49 2007040
50:0  50 51 131072
50:1  50 51 2007040
50:2  50 51 1003520
50:3  50 51 497664
50:4  50 51 32768
50:11  50 51 12288
50:12  50 51 24576
52:0  52 53 131072
52:1  52 53 2007040
52:2  52 53 1003520
52:3  52 53 497664
52:4  52 53 32768
52:11  52 53 12288
52:12  52 53 24576
53:0  53 54 1003520
54:0  54 55 1003520
56:0  56 57 884736
56:1  56 57 9031680
56:2  56 57 1505280
56:3  56 57 2239488
56:4  56 57 221184
56:65  56 57 552960
56:66  56 57 55296
56:73  56 57 27648
56:74  56 57 55296
56:75  56 57 110592
58:0  58 59 32768
58:1  58 59 2007040
58:2  58 59 250880
58:3  58 59 24576
59:0  59 60 250880
60:0  60 61 250880
62:0  62 63 307200
62:1  62 63 6272000
62:2  62 63 752640
62:3  62 63 1555200
62:4  62 63 76800
62:11  62 63 38400
62:12  62 63 76800
64:0  64 65 2007040
66:0  66 67 65536
66:1  66 67 2007040
66:2  66 67 501760
66:3  66 67 24576
67:0  67 68 3763200
69:0  69 70 940800
71:0  71 72 368640
71:1  71 72 940800
71:2  71 72 376320
71:3  71 72 230400
71:4  71 72 92160
71:11  71 72 23040
71:12  71 72 46080
73:0  73 74 184320
73:1  73 74 940800
73:2  73 74 188160
73:3  73 74 230400
73:4  73 74 46080
73:11  73 74 23040
73:12  73 74 46080
74:0  74 75 188160
75:0  75 76 188160
77:0  77 78 718848
77:1  77 78 1693440
77:2  77 78 407680
77:3  77 78 414720
77:4  77 78 179712
77:59  77 78 103680
77:60  77 78 44928
77:67  77 78 20736
77:68  77 78 82944
79:0  79 80 30720
79:1  79 80 940800
79:2  79 80 31360
79:3  79 80 46080
80:0  80 81 31360
81:0  81 82 31360
83:0  83 84 76800
83:1  83 84 784000
83:2  83 84 94080
83:3  83 84 38400
85:0  85 86 940800
87:0  87 88 122880
87:1  87 88 940800
87:2  87 88 125440
87:3  87 88 46080
88:0  88 89 1003520
89:0  89 90 1003520
91:0  91 92 327680
91:1  91 92 1003520
91:2  91 92 313600
91:3  91 92 245760
91:4  91 92 81920
91:11  91 92 24576
91:12  91 92 49152
93:0  93 94 229376
93:1  93 94 1003520
93:2  93 94 219520
93:3  93 94 245760
93:4  93 94 57344
93:11  93 94 24576
93:12  93 94 49152
94:0  94 95 219520
95:0  95 96 219520
97:0  97 98 903168
97:1  97 98 1975680
97:2  97 98 439040
97:3  97 98 483840
97:4  97 98 225792
97:59  97 98 120960
97:60  97 98 56448
97:67  97 98 24192
97:68  97 98 96768
99:0  99 100 49152
99:1  99 100 1003520
99:2  99 100 47040
99:3  99 100 49152
100:0  100 101 47040
101:0  101 102 47040
103:0  103 104 153600
103:1  103 104 1176000
103:2  103 104 125440
103:3  103 104 57600
105:0  105 106 1003520
107:0  107 108 131072
107:1  107 108 1003520
107:2  107 108 125440
107:3  107 108 49152
108:0  108 109 1003520
109:0  109 110 1003520
111:0  111 112 262144
111:1  111 112 1003520
111:2  111 112 250880
111:3  111 112 245760
111:4  111 112 65536
111:11  111 112 24576
111:12  111 112 49152
113:0  113 114 262144
113:1  113 114 1003520
113:2  113 114 250880
113:3  113 114 245760
113:4  113 114 65536
113:11  113 114 24576
113:12  113 114 49152
114:0  114 115 250880
115:0  115 116 250880
117:0  117 118 1179648
117:1  117 118 2257920
117:2  117 118 501760
117:3  117 118 552960
117:4  117 118 294912
117:59  117 118 138240
117:60  117 118 73728
117:67  117 118 27648
117:68  117 118 110592
119:0  119 120 49152
119:1  119 120 1003520
119:2  119 120 47040
119:3  119 120 49152
120:0  120 121 47040
121:0  121 122 47040
123:0  123 124 153600
123:1  123 124 1176000
123:2  123 124 125440
123:3  123 124 57600
125:0  125 126 1003520
127:0  127 128 131072
127:1  127 128 1003520
127:2  127 128 125440
127:3  127 128 49152
128:0  128 129 1003520
129:0  129 130 1003520
131:0  131 132 229376
131:1  131 132 1003520
131:2  131 132 219520
131:3  131 132 245760
131:4  131 132 57344
131:11  131 132 24576
131:12  131 132 49152
133:0  133 134 294912
133:1  133 134 1003520
133:2  133 134 282240
133:3  133 134 245760
133:4  133 134 73728
133:11  133 134 24576
133:12  133 134 49152
134:0  134 135 282240
135:0  135 136 282240
137:0  137 138 1492992
137:1  137 138 2540160
137:2  137 138 564480
137:3  137 138 622080
137:4  137 138 373248
137:59  137 138 155520
137:60  137 138 93312
137:67  137 138 31104
137:68  137 138 124416
139:0  139 140 65536
139:1  139 140 1003520
139:2  139 140 62720
139:3  139 140 49152
140:0  140 141 62720
141:0  141 142 62720
143:0  143 144 204800
143:1  143 144 1568000
143:2  143 144 125440
143:3  143 144 76800
145:0  145 146 1003520
147:0  147 148 131072
147:1  147 148 1003520
147:2  147 148 125440
147:3  147 148 49152
148:0  148 149 1034880
149:0  149 150 1034880
151:0  151 152 540672
151:1  151 152 1034880
151:2  151 152 501760
151:3  151 152 253440
151:4  151 152 135168
151:11  151 152 25344
151:12  151 152 50688
153:0  153 154 337920
153:1  153 154 1034880
153:2  153 154 313600
153:3  153 154 253440
153:4  153 154 84480
153:11  153 154 25344
153:12  153 154 50688
154:0  154 155 313600
155:0  155 156 313600
157:0  157 158 1843200
157:1  157 158 2822400
157:2  157 158 627200
157:3  157 158 691200
157:4  157 158 460800
157:59  157 158 172800
157:60  157 158 115200
157:67  157 158 34560
157:68  157 158 138240
159:0  159 160 67584
159:1  159 160 1034880
159:2  159 160 62720
159:3  159 160 50688
160:0  160 161 62720
161:0  161 162 62720
163:0  163 164 409600
163:1  163 164 1568000
163:2  163 164 250880
163:3  163 164 384000
163:4  163 164 102400
163:11  163 164 38400
163:12  163 164 76800
165:0  165 166 1034880
167:0  167 168 270336
167:1  167 168 1034880
167:2  167 168 250880
167:3  167 168 253440
167:4  167 168 67584
167:11  167 168 25344
167:12  167 168 50688
168:0  168 169 1630720
170:0  170 171 532480
172:0  172 173 851968
172:1  172 173 532480
172:2  172 173 163840
172:3  172 173 119808
172:4  172 173 212992
172:11  172 173 39936
172:12  172 173 79872
174:0  174 175 532480
174:1  174 175 532480
174:2  174 175 102400
174:3  174 175 119808
174:4  174 175 133120
174:11  174 175 39936
174:12  174 175 79872
175:0  175 176 102400
176:0  176 177 102400
178:0  178 179 1843200
178:1  178 179 921600
178:2  178 179 204800
178:3  178 179 207360
178:4  178 179 460800
178:11  178 179 69120
178:12  178 179 138240
180:0  180 181 106496
180:1  180 181 532480
180:2  180 181 20480
180:3  180 181 79872
181:0  181 182 20480
182:0  182 183 20480
184:0  184 185 409600
184:1  184 185 512000
184:2  184 185 81920
184:3  184 185 115200
184:4  184 185 102400
184:11  184 185 38400
184:12  184 185 76800
186:0  186 187 532480
188:0  188 189 425984
188:1  188 189 532480
188:2  188 189 81920
188:3  188 189 119808
188:4  188 189 106496
188:11  188 189 39936
188:12  188 189 79872
189:0  189 190 532480
190:0  190 191 532480
192:0  192 193 1277952
192:1  192 193 532480
192:2  192 193 245760
192:3  192 193 119808
192:4  192 193 319488
192:11  192 193 39936
192:12  192 193 79872
194:0  194 195 638976
194:1  194 195 532480
194:2  194 195 122880
194:3  194 195 119808
194:4  194 195 159744
194:11  194 195 39936
194:12  194 195 79872
195:0  195 196 122880
196:0  196 197 122880
198:0  198 199 2654208
198:1  198 199 1105920
198:2  198 199 245760
198:3  198 199 248832
198:4  198 199 663552
198:11  198 199 82944
198:12  198 199 165888
200:0  200 201 159744
200:1  200 201 532480
200:2  200 201 30720
200:3  200 201 79872
201:0  201 202 30720
202:0  202 203 30720
204:0  204 205 614400
204:1  204 205 768000
204:2  204 205 81920
204:3  204 205 172800
204:4  204 205 153600
204:11  204 205 57600
204:12  204 205 115200
206:0  206 207 532480
208:0  208 209 425984
208:1  208 209 532480
208:2  208 209 81920
208:3  208 209 119808
208:4  208 209 106496
208:11  208 209 39936
208:12  208 209 79872
209:0  209 210 655360
211:0  211 212 40960
213:0  213 214 49152
213:1  213 214 40960
213:2  213 214 512
213:3  213 1624 64
213:4  213 214 98304
215:0  215 216 448
229:0  229 230 512
229:1  229 230 49152
229:2  229 230 49152
229:3  229 230 960
232:0  232 233 512
232:1  232 233 49152
232:2  232 233 49152
232:3  232 233 960
242:0  242 243 81920
242:1  242 243 532480
242:2  242 243 425984
242:3  242 243 15360
248:0  248 249 81920
248:1  248 249 768000
248:2  248 249 614400
248:3  248 249 15360
251:0  251 252 81920
251:1  251 252 614400
251:2  251 252 768000
251:3  251 252 12288
259:0  259 260 30720
259:1  259 260 532480
259:2  259 260 159744
259:3  259 260 15360
265:0  265 266 245760
265:1  265 266 1105920
265:2  265 266 2654208
265:3  265 266 663552
265:4  265 266 61440
265:11  265 266 7680
268:0  268 269 245760
268:1  268 269 2654208
268:2  268 269 1105920
268:3  268 269 663552
268:4  268 269 61440
268:11  268 269 18432
276:0  276 277 122880
276:1  276 277 532480
276:2  276 277 638976
276:3  276 277 156672
276:4  276 277 30720
276:11  276 277 7680
276:12  276 277 15360
282:0  282 283 245760
282:1  282 283 532480
282:2  282 283 1277952
282:3  282 283 313344
282:4  282 283 61440
282:11  282 283 7680
282:12  282 283 15360
285:0  285 286 81920
285:1  285 286 425984
285:2  285 286 532480
285:3  285 286 12288
291:0  291 292 532480
337:0  337 338 30720
337:1  337 338 159744
337:2  337 338 532480
337:3  337 338 4608
340:0  340 341 532480
344:0  344 345 122880
344:1  344 345 638976
344:2  344 345 532480
344:3  344 345 156672
344:4  344 345 30720
344:11  344 345 9216
344:12  344 345 18432
347:0  347 348 532480
351:0  351 352 245760
351:1  351 352 1277952
351:2  351 352 532480
351:3  351 352 313344
351:4  351 352 61440
351:11  351 352 18432
351:12  351 352 36864
354:0  354 355 532480
356:0  356 357 532480
360:0  360 361 532480
361:0  361 362 81920
361:1  361 362 532480
361:2  361 362 425984
361:3  361 362 15360
362:0  362 363 532480
366:0  366 367 532480
367:0  367 368 81920
367:1  367 368 512000
367:2  367 368 409600
367:3  367 368 15360
369:0  369 370 532480
370:0  370 371 81920
370:1  370 371 409600
370:2  370 371 512000
370:3  370 371 12288
378:0  378 379 20480
378:1  378 379 532480
378:2  378 379 106496
378:3  378 379 15360
379:0  379 380 532480
383:0  383 384 532480
384:0  384 385 204800
384:1  384 385 921600
384:2  384 385 1843200
384:3  384 385 460800
384:4  384 385 51200
384:11  384 385 7680
386:0  386 387 532480
387:0  387 388 204800
387:1  387 388 1843200
387:2  387 388 921600
387:3  387 388 460800
387:4  387 388 51200
387:11  387 388 15360
395:0  395 396 102400
395:1  395 396 532480
395:2  395 396 532480
395:3  395 396 15360
396:0  396 397 532480
400:0  400 401 532480
401:0  401 402 163840
401:1  401 402 532480
401:2  401 402 851968
401:3  401 402 208896
401:4  401 402 40960
401:11  401 402 7680
401:12  401 402 15360
403:0  403 404 532480
404:0  404 405 81920
404:1  404 405 425984
404:2  404 405 532480
404:3  404 405 12288
410:0  410 411 532480
456:0  456 457 20480
456:1  456 457 106496
456:2  456 457 532480
456:3  456 457 3072
459:0  459 460 532480
463:0  463 464 102400
463:1  463 464 532480
463:2  463 464 532480
463:3  463 464 15360
466:0  466 467 532480
469:0  469 470 532480
470:0  470 471 163840
470:1  470 471 851968
470:2  470 471 532480
470:3  470 471 208896
470:4  470 471 40960
470:11  470 471 12288
470:12  470 471 24576
473:0  473 474 532480
521:0  521 522 1630720
525:0  525 526 1630720
526:0  526 527 250880
526:1  526 527 1039104
526:2  526 527 270336
526:3  526 527 47040
527:0  527 528 1630720
531:0  531 532 1630720
532:0  532 533 250880
532:1  532 533 1574400
532:2  532 533 409600
532:3  532 533 47040
534:0  534 535 1630720
535:0  535 536 251904
535:1  535 536 409600
535:2  535 536 1574400
535:3  535 536 386496
535:4  535 536 62464
535:11  535 536 6144
535:13  535 536 12288
543:0  543 544 62720
543:1  543 544 1039104
543:2  543 544 67584
543:3  543 544 47040
544:0  544 545 1630720
548:0  548 549 1630720
549:0  549 550 627200
549:1  549 550 2833920
549:2  549 550 1843200
549:3  549 550 47040
551:0  551 552 1630720
552:0  552 553 629760
552:1  552 553 1843200
552:2  552 553 2833920
552:3  552 553 702720
552:4  552 553 156160
552:65  552 553 172800
552:66  552 553 38400
552:73  552 553 7680
552:74  552 553 15360
552:75  552 553 30720
560:0  560 561 313600
560:1  560 561 1039104
560:2  560 561 337920
560:3  560 561 47040
561:0  561 562 1630720
565:0  565 566 1630720
566:0  566 567 501760
566:1  566 567 1039104
566:2  566 567 540672
566:3  566 567 47040
568:0  568 569 1630720
569:0  569 570 251904
569:1  569 570 270336
569:2  569 570 1039104
569:3  569 570 12288
575:0  575 576 1034880
621:0  621 622 62976
621:1  621 622 67584
621:2  621 622 1039104
621:3  621 622 3072
624:0  624 625 1034880
628:0  628 629 314880
628:1  628 629 337920
628:2  628 629 1039104
628:3  628 629 257664
628:4  628 629 78080
628:11  628 629 7680
628:12  628 629 15360
631:0  631 632 1034880
634:0  634 635 1630720
635:0  635 636 503808
635:1  635 636 540672
635:2  635 636 1039104
635:3  635 636 257664
635:4  635 636 124928
635:11  635 636 12288
635:12  635 636 24576
638:0  638 639 1034880
640:0  640 641 1034880
644:0  644 645 1034880
645:0  645 646 125440
645:1  645 646 1007616
645:2  645 646 131072
645:3  645 646 47040
646:0  646 647 1034880
650:0  650 651 1034880
651:0  651 652 125440
651:1  651 652 1574400
651:2  651 652 204800
651:3  651 652 47040
653:0  653 654 1034880
654:0  654 655 125952
654:1  654 655 204800
654:2  654 655 1574400
654:3  654 655 6144
662:0  662 663 62720
662:1  662 663 1007616
662:2  662 663 65536
662:3  662 663 47040
663:0  663 664 1034880
667:0  667 668 1034880
668:0  668 669 564480
668:1  668 669 2550528
668:2  668 669 1492992
668:3  668 669 47040
670:0  670 671 1034880
671:0  671 672 566784
671:1  671 672 1492992
671:2  671 672 2550528
671:3  671 672 632448
671:4  671 672 140544
671:11  671 672 13824
671:12  671 672 27648
679:0  679 680 282240
679:1  679 680 1007616
679:2  679 680 294912
679:3  679 680 47040
680:0  680 681 1034880
684:0  684 685 1034880
685:0  685 686 219520
685:1  685 686 1007616
685:2  685 686 229376
685:3  685 686 47040
687:0  687 688 1034880
688:0  688 689 125952
688:1  688 689 131072
688:2  688 689 1007616
688:3  688 689 6144
694:0  694 695 1003520
740:0  740 741 62976
740:1  740 741 65536
740:2  740 741 1007616
740:3  740 741 3072
743:0  743 744 1003520
747:0  747 748 283392
747:1  747 748 294912
747:2  747 748 1007616
747:3  747 748 245952
747:4  747 748 70272
747:11  747 748 6912
747:13  747 748 13824
750:0  750 751 1003520
753:0  753 754 1034880
754:0  754 755 220416
754:1  754 755 229376
754:2  754 755 1007616
754:3  754 755 10752
757:0  757 758 1003520
759:0  759 760 1003520
763:0  763 764 1003520
764:0  764 765 125440
764:1  764 765 1007616
764:2  764 765 131072
764:3  764 765 47040
765:0  765 766 1003520
769:0  769 770 1003520
770:0  770 771 125440
770:1  770 771 1180800
770:2  770 771 153600
770:3  770 771 47040
772:0  772 773 1003520
773:0  773 774 125952
773:1  773 774 153600
773:2  773 774 1180800
773:3  773 774 6144
781:0  781 782 47040
781:1  781 782 1007616
781:2  781 782 49152
781:3  781 782 47040
782:0  782 783 1003520
786:0  786 787 1003520
787:0  787 788 501760
787:1  787 788 2267136
787:2  787 788 1179648
787:3  787 788 47040
789:0  789 790 1003520
790:0  790 791 503808
790:1  790 791 1179648
790:2  790 791 2267136
790:3  790 791 562176
790:4  790 791 124928
790:11  790 791 12288
790:12  790 791 24576
798:0  798 799 250880
798:1  798 799 1007616
798:2  798 799 262144
798:3  798 799 47040
799:0  799 800 1003520
803:0  803 804 1003520
804:0  804 805 250880
804:1  804 805 1007616
804:2  804 805 262144
804:3  804 805 47040
806:0  806 807 1003520
807:0  807 808 125952
807:1  807 808 131072
807:2  807 808 1007616
807:3  807 808 6144
813:0  813 814 1003520
859:0  859 860 47232
859:1  859 860 49152
859:2  859 860 1007616
859:3  859 860 2304
862:0  862 863 1003520
866:0  866 867 251904
866:1  866 867 262144
866:2  866 867 1007616
866:3  866 867 12288
869:0  869 870 1003520
872:0  872 873 1003520
873:0  873 874 251904
873:1  873 874 262144
873:2  873 874 1007616
873:3  873 874 12288
876:0  876 877 1003520
878:0  878 879 1003520
882:0  882 883 1003520
883:0  883 884 125440
883:1  883 884 1007616
883:2  883 884 131072
883:3  883 884 47040
884:0  884 885 1003520
888:0  888 889 1003520
889:0  889 890 125440
889:1  889 890 1180800
889:2  889 890 153600
889:3  889 890 47040
891:0  891 892 1003520
892:0  892 893 125952
892:1  892 893 153600
892:2  892 893 1180800
892:3  892 893 6144
900:0  900 901 47040
900:1  900 901 1007616
900:2  900 901 49152
900:3  900 901 47040
901:0  901 902 1003520
905:0  905 906 1003520
906:0  906 907 439040
906:1  906 907 1983744
906:2  906 907 903168
906:3  906 907 47040
908:0  908 909 1003520
909:0  909 910 440832
909:1  909 910 903168
909:2  909 910 1983744
909:3  909 910 491904
909:4  909 910 109312
909:11  909 910 10752
909:12  909 910 21504
917:0  917 918 219520
917:1  917 918 1007616
917:2  917 918 229376
917:3  917 918 47040
918:0  918 919 1003520
922:0  922 923 1003520
923:0  923 924 313600
923:1  923 924 1007616
923:2  923 924 327680
923:3  923 924 47040
925:0  925 926 1003520
926:0  926 927 125952
926:1  926 927 131072
926:2  926 927 1007616
926:3  926 927 6144
932:0  932 933 1003520
978:0  978 979 47232
978:1  978 979 49152
978:2  978 979 1007616
978:3  978 979 2304
981:0  981 982 1003520
985:0  985 986 220416
985:1  985 986 229376
985:2  985 986 1007616
985:3  985 986 10752
988:0  988 989 1003520
991:0  991 992 1003520
992:0  992 993 314880
992:1  992 993 327680
992:2  992 993 1007616
992:3  992 993 245952
992:4  992 993 78080
992:11  992 993 7680
992:13  992 993 15360
995:0  995 996 1003520
997:0  997 998 1003520
1001:0  1001 1002 1003520
1002:0  1002 1003 125440
1002:1  1002 1003 944640
1002:2  1002 1003 122880
1002:3  1002 1003 47040
1003:0  1003 1004 1003520
1007:0  1007 1008 1003520
1008:0  1008 1009 94080
1008:1  1008 1009 787200
1008:2  1008 1009 76800
1008:3  1008 1009 47040
1010:0  1010 1011 1003520
1011:0  1011 1012 94464
1011:1  1011 1012 76800
1011:2  1011 1012 787200
1011:3  1011 1012 4608
1019:0  1019 1020 31360
1019:1  1019 1020 944640
1019:2  1019 1020 30720
1019:3  1019 1020 47040
1020:0  1020 1021 1003520
1024:0  1024 1025 1003520
1025:0  1025 1026 407680
1025:1  1025 1026 1700352
1025:2  1025 1026 718848
1025:3  1025 1026 47040
1027:0  1027 1028 1003520
1028:0  1028 1029 409344
1028:1  1028 1029 718848
1028:2  1028 1029 1700352
1028:3  1028 1029 421632
1028:4  1028 1029 101504
1028:11  1028 1029 9984
1028:12  1028 1029 19968
1036:0  1036 1037 188160
1036:1  1036 1037 944640
1036:2  1036 1037 184320
1036:3  1036 1037 47040
1037:0  1037 1038 1003520
1041:0  1041 1042 1003520
1042:0  1042 1043 376320
1042:1  1042 1043 944640
1042:2  1042 1043 368640
1042:3  1042 1043 47040
1044:0  1044 1045 1003520
1045:0  1045 1046 125952
1045:1  1045 1046 122880
1045:2  1045 1046 944640
1045:3  1045 1046 6144
1051:0  1051 1052 940800
1097:0  1097 1098 31488
1097:1  1097 1098 30720
1097:2  1097 1098 944640
1097:3  1097 1098 1536
1100:0  1100 1101 940800
1104:0  1104 1105 188928
1104:1  1104 1105 184320
1104:2  1104 1105 944640
1104:3  1104 1105 9216
1107:0  1107 1108 940800
1110:0  1110 1111 1003520
1111:0  1111 1112 377856
1111:1  1111 1112 368640
1111:2  1111 1112 944640
1111:3  1111 1112 234240
1111:4  1111 1112 93696
1111:11  1111 1112 9216
1111:12  1111 1112 18432
1114:0  1114 1115 940800
1162:0  1162 1163 3763200
1166:0  1166 1167 3763200
1167:0  1167 1168 501760
1167:1  1167 1168 2007040
1167:2  1167 1168 65536
1167:3  1167 1168 188160
1168:0  1168 1169 3763200
1172:0  1172 1173 3763200
1173:0  1173 1174 752640
1173:1  1173 1174 6272000
1173:2  1173 1174 307200
1173:3  1173 1174 1552320
1173:4  1173 1174 188160
1173:11  1173 1174 94080
1173:12  1173 1174 188160
1175:0  1175 1176 3763200
1176:0  1176 1177 752640
1176:1  1176 1177 307200
1176:2  1176 1177 6272000
1176:3  1176 1177 9216
1184:0  1184 1185 250880
1184:1  1184 1185 2007040
1184:2  1184 1185 32768
1184:3  1184 1185 188160
1185:0  1185 1186 3763200
1189:0  1189 1190 3763200
1190:0  1190 1191 1505280
1190:1  1190 1191 9031680
1190:2  1190 1191 884736
1190:3  1190 1191 2257920
1190:4  1190 1191 376320
1190:11  1190 1191 94080
1192:0  1192 1193 3763200
1193:0  1193 1194 1505280
1193:1  1193 1194 884736
1193:2  1193 1194 9031680
1193:3  1193 1194 2257920
1193:4  1193 1194 376320
1193:11  1193 1194 9216
1201:0  1201 1202 1003520
1201:1  1201 1202 2007040
1201:2  1201 1202 131072
1201:3  1201 1202 470400
1201:4  1201 1202 250880
1201:11  1201 1202 94080
1201:12  1201 1202 188160
1202:0  1202 1203 3763200
1206:0  1206 1207 3763200
1207:0  1207 1208 1003520
1207:1  1207 1208 2007040
1207:2  1207 1208 131072
1207:3  1207 1208 470400
1207:4  1207 1208 250880
1207:11  1207 1208 94080
1207:12  1207 1208 188160
1209:0  1209 1210 3763200
1210:0  1210 1211 501760
1210:1  1210 1211 65536
1210:2  1210 1211 2007040
1210:3  1210 1211 6144
1216:0  1216 1217 2007040
1262:0  1262 1263 250880
1262:1  1262 1263 32768
1262:2  1262 1263 2007040
1262:3  1262 1263 3072
1265:0  1265 1266 2007040
1269:0  1269 1270 1003520
1269:1  1269 1270 131072
1269:2  1269 1270 2007040
1269:3  1269 1270 12288
1272:0  1272 1273 2007040
1275:0  1275 1276 3763200
1276:0  1276 1277 1003520
1276:1  1276 1277 131072
1276:2  1276 1277 2007040
1276:3  1276 1277 12288
1279:0  1279 1280 2007040
1281:0  1281 1282 2007040
1285:0  1285 1286 2007040
1286:0  1286 1287 250880
1286:1  1286 1287 1505280
1286:2  1286 1287 24576
1286:3  1286 1287 188160
1287:0  1287 1288 2007040
1291:0  1291 1292 2007040
1292:0  1292 1293 250880
1292:1  1292 1293 3136000
1292:2  1292 1293 51200
1292:3  1292 1293 188160
1294:0  1294 1295 2007040
1295:0  1295 1296 250880
1295:1  1295 1296 51200
1295:2  1295 1296 3136000
1295:3  1295 1296 3072
1303:0  1303 1304 125440
1303:1  1303 1304 1505280
1303:2  1303 1304 12288
1303:3  1303 1304 188160
1304:0  1304 1305 2007040
1308:0  1308 1309 2007040
1309:0  1309 1310 1003520
1309:1  1309 1310 6773760
1309:2  1309 1310 442368
1309:3  1309 1310 1693440
1309:4  1309 1310 250880
1309:11  1309 1310 94080
1311:0  1311 1312 2007040
1312:0  1312 1313 1003520
1312:1  1312 1313 442368
1312:2  1312 1313 6773760
1312:3  1312 1313 1693440
1312:4  1312 1313 250880
1312:11  1312 1313 6144
1320:0  1320 1321 752640
1320:1  1320 1321 1505280
1320:2  1320 1321 73728
1320:3  1320 1321 376320
1320:4  1320 1321 188160
1320:11  1320 1321 94080
1321:0  1321 1322 2007040
1325:0  1325 1326 2007040
1326:0  1326 1327 501760
1326:1  1326 1327 1505280
1326:2  1326 1327 49152
1326:3  1326 1327 188160
1328:0  1328 1329 2007040
1329:0  1329 1330 250880
1329:1  1329 1330 24576
1329:2  1329 1330 1505280
1329:3  1329 1330 3072
1335:0  1335 1336 1505280
1381:0  1381 1382 125440
1381:1  1381 1382 12288
1381:2  1381 1382 1505280
1381:3  1381 1382 1536
1384:0  1384 1385 1505280
1388:0  1388 1389 752640
1388:1  1388 1389 73728
1388:2  1388 1389 1505280
1388:3  1388 1389 9216
1391:0  1391 1392 1505280
1394:0  1394 1395 2007040
1395:0  1395 1396 501760
1395:1  1395 1396 49152
1395:2  1395 1396 1505280
1395:3  1395 1396 6144
1398:0  1398 1399 1505280
1446:0  1446 1447 6021120
1450:0  1450 1451 6021120
1451:0  1451 1452 6021120
1451:1  1451 1452 18063360
1451:2  1451 1452 442368
1451:3  1451 1452 4515840
1451:4  1451 1452 1505280
1451:59  1451 1452 1128960
1451:60  1451 1452 376320
1451:67  1451 1452 188160
1453:0  1453 1454 6021120
1454:0  1454 1455 6021120
1454:1  1454 1455 442368
1454:2  1454 1455 18063360
1454:3  1454 1455 4515840
1454:4  1454 1455 1505280
1454:11  1454 1455 9216
1460:0  1460 1461 8028160
1504:0  1504 1505 32112640
1508:0  1508 1509 32112640
1509:0  1509 1510 32112640
1509:1  1509 1510 73758720
1509:2  1509 1510 37632
1509:3  1509 1510 12042240
0  0 2 64
1  1 4 64
2  2 5 64
3  3 5 64
4  4 7 64
5  5 9 512
6  6 8 192
7  7 9 512
8  8 16 512
9  9 11 64
10  10 12 64
11  11 13 64
12  12 14 64
13  13 15 448
14  14 16 512
15  15 218 512
16  16 18 6021120
17  17 19 8028160
18  18 1510 73758720
19  19 21 37632
20  20 22 32112640
21  21 1491 32112640
22  22 1492 8028160
23  23 1452 18063360
24  24 26 442368
25  25 27 6021120
26  26 1433 6021120
27  27 1434 1505280
28  28 1327 1505280
29  29 31 49152
30  30 48 501760
31  31 33 73728
32  32 34 752640
33  33 35 752640
34  34 1310 6773760
35  35 37 442368
36  36 48 1003520
37  37 39 12288
38  38 40 125440
39  39 41 125440
40  40 1293 3136000
41  41 43 51200
42  42 48 250880
43  43 1367 1505280
44  44 1287 1505280
45  45 47 24576
46  46 48 250880
47  47 1247 2007040
48  48 1208 2007040
49  49 51 131072
50  50 68 1003520
51  51 53 131072
52  52 54 1003520
53  53 55 1003520
54  54 1191 9031680
55  55 57 884736
56  56 68 1505280
57  57 59 32768
58  58 60 250880
59  59 61 250880
60  60 1174 6272000
61  61 63 307200
62  62 68 752640
63  63 1248 2007040
64  64 1168 2007040
65  65 67 65536
66  66 68 501760
67  67 1149 3763200
68  68 1150 940800
69  69 1043 940800
70  70 72 368640
71  71 89 376320
72  72 74 184320
73  73 75 188160
74  74 76 188160
75  75 1026 1693440
76  76 78 718848
77  77 89 407680
78  78 80 30720
79  79 81 31360
80  80 82 31360
81  81 1009 784000
82  82 84 76800
83  83 89 94080
84  84 1083 940800
85  85 1003 940800
86  86 88 122880
87  87 89 125440
88  88 963 1003520
89  89 924 1003520
90  90 92 327680
91  91 109 313600
92  92 94 229376
93  93 95 219520
94  94 96 219520
95  95 907 1975680
96  96 98 903168
97  97 109 439040
98  98 100 49152
99  99 101 47040
100  100 102 47040
101  101 890 1176000
102  102 104 153600
103  103 109 125440
104  104 964 1003520
105  105 884 1003520
106  106 108 131072
107  107 109 125440
108  108 844 1003520
109  109 805 1003520
110  110 112 262144
111  111 129 250880
112  112 114 262144
113  113 115 250880
114  114 116 250880
115  115 788 2257920
116  116 118 1179648
117  117 129 501760
118  118 120 49152
119  119 121 47040
120  120 122 47040
121  121 771 1176000
122  122 124 153600
123  123 129 125440
124  124 845 1003520
125  125 765 1003520
126  126 128 131072
127  127 129 125440
128  128 725 1003520
129  129 686 1003520
130  130 132 229376
131  131 149 219520
132  132 134 294912
133  133 135 282240
134  134 136 282240
135  135 669 2540160
136  136 138 1492992
137  137 149 564480
138  138 140 65536
139  139 141 62720
140  140 142 62720
141  141 652 1568000
142  142 144 204800
143  143 149 125440
144  144 726 1003520
145  145 646 1003520
146  146 148 131072
147  147 149 125440
148  148 606 1034880
149  149 567 1034880
150  150 152 540672
151  151 169 501760
152  152 154 337920
153  153 155 313600
154  154 156 313600
155  155 550 2822400
156  156 158 1843200
157  157 169 627200
158  158 160 67584
159  159 161 62720
160  160 162 62720
161  161 533 1568000
162  162 164 409600
163  163 169 250880
164  164 607 1034880
165  165 527 1034880
166  166 168 270336
167  167 169 250880
168  168 508 1630720
169  169 509 532480
170  170 402 532480
171  171 173 851968
172  172 190 163840
173  173 175 532480
174  174 176 102400
175  175 177 102400
176  176 385 921600
177  177 179 1843200
178  178 190 204800
179  179 181 106496
180  180 182 20480
181  181 183 20480
182  182 368 512000
183  183 185 409600
184  184 190 81920
185  185 442 532480
186  186 362 532480
187  187 189 425984
188  188 190 81920
189  189 322 532480
190  190 283 532480
191  191 193 1277952
192  192 210 245760
193  193 195 638976
194  194 196 122880
195  195 197 122880
196  196 266 1105920
197  197 199 2654208
198  198 210 245760
199  199 201 159744
200  200 202 30720
201  201 203 30720
202  202 249 768000
203  203 205 614400
204  204 210 81920
205  205 323 532480
206  206 243 532480
207  207 209 425984
208  208 210 81920
209  209 211 655360
210  210 212 40960
211  211 230 40960
212  212 214 40960
213  213 215 448
214  214 216 512
215  215 219 512
216  216 218 512
217  217 220 512
218  218 226 448
219  219 225 448
220  220 222 448
221  221 223 448
222  222 224 448
223  223 225 448
224  224 226 448
225  225 232 448
226  226 228 448
227  227 1511 64
228  228 230 448
229  229 1512 40960
230  230 233 40960
231  231 233 448
232  232 234 40960
233  233 235 40960
234  234 236 40960
235  235 237 32112640
236  236 351 655360
237  237 239 81920
238  238 240 8192
239  239 241 8192
240  240 1513 512
241  241 243 81920
242  242 1514 425984
243  243 245 81920
244  244 246 8192
245  245 247 8192
246  246 1515 512
247  247 249 81920
248  248 1516 614400
249  249 252 614400
250  250 252 81920
251  251 253 768000
252  252 254 768000
253  253 337 30720
254  254 256 30720
255  255 257 3072
256  256 258 3072
257  257 1517 192
258  258 260 30720
259  259 1518 159744
260  260 262 245760
261  261 263 24576
262  262 264 24576
263  263 1519 1536
264  264 266 245760
265  265 1520 2654208
266  266 269 2654208
267  267 269 245760
268  268 270 1105920
269  269 271 1105920
270  270 344 122880
271  271 273 122880
272  272 274 12288
273  273 275 12288
274  274 1521 768
275  275 277 122880
276  276 1522 638976
277  277 279 245760
278  278 280 24576
279  279 281 24576
280  280 1523 1536
281  281 283 245760
282  282 1524 1277952
283  283 286 425984
284  284 286 81920
285  285 287 532480
286  286 288 532480
287  287 292 532480
288  288 290 532480
289  289 291 532480
290  290 293 532480
291  291 325 532480
292  292 326 532480
293  293 295 532480
294  294 296 532480
295  295 297 532480
296  296 327 532480
297  297 299 532480
298  298 300 532480
299  299 301 532480
300  300 328 532480
301  301 303 532480
302  302 304 532480
303  303 305 532480
304  304 329 532480
305  305 307 532480
306  306 308 532480
307  307 309 532480
308  308 330 532480
309  309 311 532480
310  310 312 532480
311  311 313 532480
312  312 331 532480
313  313 315 532480
314  314 316 532480
315  315 317 532480
316  316 332 532480
317  317 319 532480
318  318 320 532480
319  319 321 532480
320  320 333 532480
321  321 323 532480
322  322 324 532480
323  323 325 532480
324  324 334 532480
325  325 335 532480
326  326 335 532480
327  327 335 532480
328  328 335 532480
329  329 335 532480
330  330 335 532480
331  331 335 532480
332  332 335 532480
333  333 335 532480
334  334 342 532480
335  335 338 159744
336  336 338 30720
337  337 339 532480
338  338 340 532480
339  339 341 532480
340  340 342 532480
341  341 349 532480
342  342 345 638976
343  343 345 122880
344  344 346 532480
345  345 347 532480
346  346 348 532480
347  347 349 532480
348  348 356 532480
349  349 352 1277952
350  350 352 245760
351  351 353 532480
352  352 354 532480
353  353 355 532480
354  354 356 532480
355  355 470 532480
356  356 358 81920
357  357 359 8192
358  358 360 8192
359  359 1525 512
360  360 362 81920
361  361 1526 425984
362  362 364 81920
363  363 365 8192
364  364 366 8192
365  365 1527 512
366  366 368 81920
367  367 1528 409600
368  368 371 409600
369  369 371 81920
370  370 372 512000
371  371 373 512000
372  372 456 20480
373  373 375 20480
374  374 376 2048
375  375 377 2048
376  376 1529 128
377  377 379 20480
378  378 1530 106496
379  379 381 204800
380  380 382 20480
381  381 383 20480
382  382 1531 1280
383  383 385 204800
384  384 1532 1843200
385  385 388 1843200
386  386 388 204800
387  387 389 921600
388  388 390 921600
389  389 463 102400
390  390 392 102400
391  391 393 10240
392  392 394 10240
393  393 1533 640
394  394 396 102400
395  395 1534 532480
396  396 398 163840
397  397 399 16384
398  398 400 16384
399  399 1535 1024
400  400 402 163840
401  401 1536 851968
402  402 405 425984
403  403 405 81920
404  404 406 532480
405  405 407 532480
406  406 411 532480
407  407 409 532480
408  408 410 532480
409  409 412 532480
410  410 444 532480
411  411 445 532480
412  412 414 532480
413  413 415 532480
414  414 416 532480
415  415 446 532480
416  416 418 532480
417  417 419 532480
418  418 420 532480
419  419 447 532480
420  420 422 532480
421  421 423 532480
422  422 424 532480
423  423 448 532480
424  424 426 532480
425  425 427 532480
426  426 428 532480
427  427 449 532480
428  428 430 532480
429  429 431 532480
430  430 432 532480
431  431 450 532480
432  432 434 532480
433  433 435 532480
434  434 436 532480
435  435 451 532480
436  436 438 532480
437  437 439 532480
438  438 440 532480
439  439 452 532480
440  440 442 532480
441  441 443 532480
442  442 444 532480
443  443 453 532480
444  444 454 532480
445  445 454 532480
446  446 454 532480
447  447 454 532480
448  448 454 532480
449  449 454 532480
450  450 454 532480
451  451 454 532480
452  452 454 532480
453  453 461 532480
454  454 457 106496
455  455 457 20480
456  456 458 532480
457  457 459 532480
458  458 460 532480
459  459 461 532480
460  460 468 532480
461  461 464 532480
462  462 464 102400
463  463 465 532480
464  464 466 532480
465  465 467 532480
466  466 468 532480
467  467 475 532480
468  468 471 851968
469  469 471 163840
470  470 472 532480
471  471 473 532480
472  472 474 532480
473  473 475 532480
474  474 511 532480
475  475 477 532480
476  476 478 532480
477  477 479 532480
478  478 512 532480
479  479 481 532480
480  480 482 532480
481  481 483 532480
482  482 513 532480
483  483 485 532480
484  484 486 532480
485  485 487 532480
486  486 514 532480
487  487 489 532480
488  488 490 532480
489  489 491 532480
490  490 515 532480
491  491 493 532480
492  492 494 532480
493  493 495 532480
494  494 516 532480
495  495 497 532480
496  496 498 532480
497  497 499 532480
498  498 517 532480
499  499 501 532480
500  500 502 532480
501  501 503 532480
502  502 518 532480
503  503 505 532480
504  504 506 532480
505  505 507 532480
506  506 519 532480
507  507 509 532480
508  508 510 532480
509  509 511 532480
510  510 520 532480
511  511 521 1630720
512  512 521 1630720
513  513 521 1630720
514  514 521 1630720
515  515 521 1630720
516  516 521 1630720
517  517 521 1630720
518  518 521 1630720
519  519 521 1630720
520  520 635 1630720
521  521 523 250880
522  522 524 25088
523  523 525 25088
524  524 1537 512
525  525 527 250880
526  526 1538 270336
527  527 529 250880
528  528 530 25088
529  529 531 25088
530  530 1539 512
531  531 533 250880
532  532 1540 409600
533  533 536 409600
534  534 536 250880
535  535 537 1568000
536  536 538 1568000
537  537 621 62720
538  538 540 62720
539  539 541 6272
540  540 542 6272
541  541 1541 128
542  542 544 62720
543  543 1542 67584
544  544 546 627200
545  545 547 62720
546  546 548 62720
547  547 1543 1280
548  548 550 627200
549  549 1544 1843200
550  550 553 1843200
551  551 553 627200
552  552 554 2822400
553  553 555 2822400
554  554 628 313600
555  555 557 313600
556  556 558 31360
557  557 559 31360
558  558 1545 640
559  559 561 313600
560  560 1546 337920
561  561 563 501760
562  562 564 50176
563  563 565 50176
564  564 1547 1024
565  565 567 501760
566  566 1548 540672
567  567 570 270336
568  568 570 250880
569  569 571 1034880
570  570 572 1034880
571  571 576 1034880
572  572 574 1034880
573  573 575 1034880
574  574 577 1034880
575  575 609 1034880
576  576 610 1034880
577  577 579 1034880
578  578 580 1034880
579  579 581 1034880
580  580 611 1034880
581  581 583 1034880
582  582 584 1034880
583  583 585 1034880
584  584 612 1034880
585  585 587 1034880
586  586 588 1034880
587  587 589 1034880
588  588 613 1034880
589  589 591 1034880
590  590 592 1034880
591  591 593 1034880
592  592 614 1034880
593  593 595 1034880
594  594 596 1034880
595  595 597 1034880
596  596 615 1034880
597  597 599 1034880
598  598 600 1034880
599  599 601 1034880
600  600 616 1034880
601  601 603 1034880
602  602 604 1034880
603  603 605 1034880
604  604 617 1034880
605  605 607 1034880
606  606 608 1034880
607  607 609 1034880
608  608 618 1034880
609  609 619 1034880
610  610 619 1034880
611  611 619 1034880
612  612 619 1034880
613  613 619 1034880
614  614 619 1034880
615  615 619 1034880
616  616 619 1034880
617  617 619 1034880
618  618 626 1034880
619  619 622 67584
620  620 622 62720
621  621 623 1034880
622  622 624 1034880
623  623 625 1034880
624  624 626 1034880
625  625 633 1034880
626  626 629 337920
627  627 629 313600
628  628 630 1034880
629  629 631 1034880
630  630 632 1034880
631  631 633 1034880
632  632 640 1034880
633  633 636 540672
634  634 636 501760
635  635 637 1034880
636  636 638 1034880
637  637 639 1034880
638  638 640 1034880
639  639 754 1034880
640  640 642 125440
641  641 643 12544
642  642 644 12544
643  643 1549 256
644  644 646 125440
645  645 1550 131072
646  646 648 125440
647  647 649 12544
648  648 650 12544
649  649 1551 256
650  650 652 125440
651  651 1552 204800
652  652 655 204800
653  653 655 125440
654  654 656 1568000
655  655 657 1568000
656  656 740 62720
657  657 659 62720
658  658 660 6272
659  659 661 6272
660  660 1553 128
661  661 663 62720
662  662 1554 65536
663  663 665 564480
664  664 666 56448
665  665 667 56448
666  666 1555 1152
667  667 669 564480
668  668 1556 1492992
669  669 672 1492992
670  670 672 564480
671  671 673 2540160
672  672 674 2540160
673  673 747 282240
674  674 676 282240
675  675 677 28224
676  676 678 28224
677  677 1557 576
678  678 680 282240
679  679 1558 294912
680  680 682 219520
681  681 683 21952
682  682 684 21952
683  683 1559 448
684  684 686 219520
685  685 1560 229376
686  686 689 131072
687  687 689 125440
688  688 690 1003520
689  689 691 1003520
690  690 695 1003520
691  691 693 1003520
692  692 694 1003520
693  693 696 1003520
694  694 728 1003520
695  695 729 1003520
696  696 698 1003520
697  697 699 1003520
698  698 700 1003520
699  699 730 1003520
700  700 702 1003520
701  701 703 1003520
702  702 704 1003520
703  703 731 1003520
704  704 706 1003520
705  705 707 1003520
706  706 708 1003520
707  707 732 1003520
708  708 710 1003520
709  709 711 1003520
710  710 712 1003520
711  711 733 1003520
712  712 714 1003520
713  713 715 1003520
714  714 716 1003520
715  715 734 1003520
716  716 718 1003520
717  717 719 1003520
718  718 720 1003520
719  719 735 1003520
720  720 722 1003520
721  721 723 1003520
722  722 724 1003520
723  723 736 1003520
724  724 726 1003520
725  725 727 1003520
726  726 728 1003520
727  727 737 1003520
728  728 738 1003520
729  729 738 1003520
730  730 738 1003520
731  731 738 1003520
732  732 738 1003520
733  733 738 1003520
734  734 738 1003520
735  735 738 1003520
736  736 738 1003520
737  737 745 1003520
738  738 741 65536
739  739 741 62720
740  740 742 1003520
741  741 743 1003520
742  742 744 1003520
743  743 745 1003520
744  744 752 1003520
745  745 748 294912
746  746 748 282240
747  747 749 1003520
748  748 750 1003520
749  749 751 1003520
750  750 752 1003520
751  751 759 1003520
752  752 755 229376
753  753 755 219520
754  754 756 1003520
755  755 757 1003520
756  756 758 1003520
757  757 759 1003520
758  758 873 1003520
759  759 761 125440
760  760 762 12544
761  761 763 12544
762  762 1561 256
763  763 765 125440
764  764 1562 131072
765  765 767 125440
766  766 768 12544
767  767 769 12544
768  768 1563 256
769  769 771 125440
770  770 1564 153600
771  771 774 153600
772  772 774 125440
773  773 775 1176000
774  774 776 1176000
775  775 859 47040
776  776 778 47040
777  777 779 4736
778  778 780 4736
779  779 1565 128
780  780 782 47040
781  781 1566 49152
782  782 784 501760
783  783 785 50176
784  784 786 50176
785  785 1567 1024
786  786 788 501760
787  787 1568 1179648
788  788 791 1179648
789  789 791 501760
790  790 792 2257920
791  791 793 2257920
792  792 866 250880
793  793 795 250880
794  794 796 25088
795  795 797 25088
796  796 1569 512
797  797 799 250880
798  798 1570 262144
799  799 801 250880
800  800 802 25088
801  801 803 25088
802  802 1571 512
803  803 805 250880
804  804 1572 262144
805  805 808 131072
806  806 808 125440
807  807 809 1003520
808  808 810 1003520
809  809 814 1003520
810  810 812 1003520
811  811 813 1003520
812  812 815 1003520
813  813 847 1003520
814  814 848 1003520
815  815 817 1003520
816  816 818 1003520
817  817 819 1003520
818  818 849 1003520
819  819 821 1003520
820  820 822 1003520
821  821 823 1003520
822  822 850 1003520
823  823 825 1003520
824  824 826 1003520
825  825 827 1003520
826  826 851 1003520
827  827 829 1003520
828  828 830 1003520
829  829 831 1003520
830  830 852 1003520
831  831 833 1003520
832  832 834 1003520
833  833 835 1003520
834  834 853 1003520
835  835 837 1003520
836  836 838 1003520
837  837 839 1003520
838  838 854 1003520
839  839 841 1003520
840  840 842 1003520
841  841 843 1003520
842  842 855 1003520
843  843 845 1003520
844  844 846 1003520
845  845 847 1003520
846  846 856 1003520
847  847 857 1003520
848  848 857 1003520
849  849 857 1003520
850  850 857 1003520
851  851 857 1003520
852  852 857 1003520
853  853 857 1003520
854  854 857 1003520
855  855 857 1003520
856  856 864 1003520
857  857 860 49152
858  858 860 47040
859  859 861 1003520
860  860 862 1003520
861  861 863 1003520
862  862 864 1003520
863  863 871 1003520
864  864 867 262144
865  865 867 250880
866  866 868 1003520
867  867 869 1003520
868  868 870 1003520
869  869 871 1003520
870  870 878 1003520
871  871 874 262144
872  872 874 250880
873  873 875 1003520
874  874 876 1003520
875  875 877 1003520
876  876 878 1003520
877  877 992 1003520
878  878 880 125440
879  879 881 12544
880  880 882 12544
881  881 1573 256
882  882 884 125440
883  883 1574 131072
884  884 886 125440
885  885 887 12544
886  886 888 12544
887  887 1575 256
888  888 890 125440
889  889 1576 153600
890  890 893 153600
891  891 893 125440
892  892 894 1176000
893  893 895 1176000
894  894 978 47040
895  895 897 47040
896  896 898 4736
897  897 899 4736
898  898 1577 128
899  899 901 47040
900  900 1578 49152
901  901 903 439040
902  902 904 43904
903  903 905 43904
904  904 1579 896
905  905 907 439040
906  906 1580 903168
907  907 910 903168
908  908 910 439040
909  909 911 1975680
910  910 912 1975680
911  911 985 219520
912  912 914 219520
913  913 915 21952
914  914 916 21952
915  915 1581 448
916  916 918 219520
917  917 1582 229376
918  918 920 313600
919  919 921 31360
920  920 922 31360
921  921 1583 640
922  922 924 313600
923  923 1584 327680
924  924 927 131072
925  925 927 125440
926  926 928 1003520
927  927 929 1003520
928  928 933 1003520
929  929 931 1003520
930  930 932 1003520
931  931 934 1003520
932  932 966 1003520
933  933 967 1003520
934  934 936 1003520
935  935 937 1003520
936  936 938 1003520
937  937 968 1003520
938  938 940 1003520
939  939 941 1003520
940  940 942 1003520
941  941 969 1003520
942  942 944 1003520
943  943 945 1003520
944  944 946 1003520
945  945 970 1003520
946  946 948 1003520
947  947 949 1003520
948  948 950 1003520
949  949 971 1003520
950  950 952 1003520
951  951 953 1003520
952  952 954 1003520
953  953 972 1003520
954  954 956 1003520
955  955 957 1003520
956  956 958 1003520
957  957 973 1003520
958  958 960 1003520
959  959 961 1003520
960  960 962 1003520
961  961 974 1003520
962  962 964 1003520
963  963 965 1003520
964  964 966 1003520
965  965 975 1003520
966  966 976 1003520
967  967 976 1003520
968  968 976 1003520
969  969 976 1003520
970  970 976 1003520
971  971 976 1003520
972  972 976 1003520
973  973 976 1003520
974  974 976 1003520
975  975 983 1003520
976  976 979 49152
977  977 979 47040
978  978 980 1003520
979  979 981 1003520
980  980 982 1003520
981  981 983 1003520
982  982 990 1003520
983  983 986 229376
984  984 986 219520
985  985 987 1003520
986  986 988 1003520
987  987 989 1003520
988  988 990 1003520
989  989 997 1003520
990  990 993 327680
991  991 993 313600
992  992 994 1003520
993  993 995 1003520
994  994 996 1003520
995  995 997 1003520
996  996 1111 1003520
997  997 999 125440
998  998 1000 12544
999  999 1001 12544
1000  1000 1585 256
1001  1001 1003 125440
1002  1002 1586 122880
1003  1003 1005 94080
1004  1004 1006 9408
1005  1005 1007 9408
1006  1006 1587 192
1007  1007 1009 94080
1008  1008 1588 76800
1009  1009 1012 76800
1010  1010 1012 94080
1011  1011 1013 784000
1012  1012 1014 784000
1013  1013 1097 31360
1014  1014 1016 31360
1015  1015 1017 3136
1016  1016 1018 3136
1017  1017 1589 64
1018  1018 1020 31360
1019  1019 1590 30720
1020  1020 1022 407680
1021  1021 1023 40768
1022  1022 1024 40768
1023  1023 1591 832
1024  1024 1026 407680
1025  1025 1592 718848
1026  1026 1029 718848
1027  1027 1029 407680
1028  1028 1030 1693440
1029  1029 1031 1693440
1030  1030 1104 188160
1031  1031 1033 188160
1032  1032 1034 18816
1033  1033 1035 18816
1034  1034 1593 384
1035  1035 1037 188160
1036  1036 1594 184320
1037  1037 1039 376320
1038  1038 1040 37632
1039  1039 1041 37632
1040  1040 1595 768
1041  1041 1043 376320
1042  1042 1596 368640
1043  1043 1046 122880
1044  1044 1046 125440
1045  1045 1047 940800
1046  1046 1048 940800
1047  1047 1052 940800
1048  1048 1050 940800
1049  1049 1051 940800
1050  1050 1053 940800
1051  1051 1085 940800
1052  1052 1086 940800
1053  1053 1055 940800
1054  1054 1056 940800
1055  1055 1057 940800
1056  1056 1087 940800
1057  1057 1059 940800
1058  1058 1060 940800
1059  1059 1061 940800
1060  1060 1088 940800
1061  1061 1063 940800
1062  1062 1064 940800
1063  1063 1065 940800
1064  1064 1089 940800
1065  1065 1067 940800
1066  1066 1068 940800
1067  1067 1069 940800
1068  1068 1090 940800
1069  1069 1071 940800
1070  1070 1072 940800
1071  1071 1073 940800
1072  1072 1091 940800
1073  1073 1075 940800
1074  1074 1076 940800
1075  1075 1077 940800
1076  1076 1092 940800
1077  1077 1079 940800
1078  1078 1080 940800
1079  1079 1081 940800
1080  1080 1093 940800
1081  1081 1083 940800
1082  1082 1084 940800
1083  1083 1085 940800
1084  1084 1094 940800
1085  1085 1095 940800
1086  1086 1095 940800
1087  1087 1095 940800
1088  1088 1095 940800
1089  1089 1095 940800
1090  1090 1095 940800
1091  1091 1095 940800
1092  1092 1095 940800
1093  1093 1095 940800
1094  1094 1102 940800
1095  1095 1098 30720
1096  1096 1098 31360
1097  1097 1099 940800
1098  1098 1100 940800
1099  1099 1101 940800
1100  1100 1102 940800
1101  1101 1109 940800
1102  1102 1105 184320
1103  1103 1105 188160
1104  1104 1106 940800
1105  1105 1107 940800
1106  1106 1108 940800
1107  1107 1109 940800
1108  1108 1116 940800
1109  1109 1112 368640
1110  1110 1112 376320
1111  1111 1113 940800
1112  1112 1114 940800
1113  1113 1115 940800
1114  1114 1116 940800
1115  1115 1152 940800
1116  1116 1118 940800
1117  1117 1119 940800
1118  1118 1120 940800
1119  1119 1153 940800
1120  1120 1122 940800
1121  1121 1123 940800
1122  1122 1124 940800
1123  1123 1154 940800
1124  1124 1126 940800
1125  1125 1127 940800
1126  1126 1128 940800
1127  1127 1155 940800
1128  1128 1130 940800
1129  1129 1131 940800
1130  1130 1132 940800
1131  1131 1156 940800
1132  1132 1134 940800
1133  1133 1135 940800
1134  1134 1136 940800
1135  1135 1157 940800
1136  1136 1138 940800
1137  1137 1139 940800
1138  1138 1140 940800
1139  1139 1158 940800
1140  1140 1142 940800
1141  1141 1143 940800
1142  1142 1144 940800
1143  1143 1159 940800
1144  1144 1146 940800
1145  1145 1147 940800
1146  1146 1148 940800
1147  1147 1160 940800
1148  1148 1150 940800
1149  1149 1151 940800
1150  1150 1152 940800
1151  1151 1161 940800
1152  1152 1162 3763200
1153  1153 1162 3763200
1154  1154 1162 3763200
1155  1155 1162 3763200
1156  1156 1162 3763200
1157  1157 1162 3763200
1158  1158 1162 3763200
1159  1159 1162 3763200
1160  1160 1162 3763200
1161  1161 1276 3763200
1162  1162 1164 501760
1163  1163 1165 50176
1164  1164 1166 50176
1165  1165 1597 256
1166  1166 1168 501760
1167  1167 1598 65536
1168  1168 1170 752640
1169  1169 1171 75264
1170  1170 1172 75264
1171  1171 1599 384
1172  1172 1174 752640
1173  1173 1600 307200
1174  1174 1177 307200
1175  1175 1177 752640
1176  1176 1178 6272000
1177  1177 1179 6272000
1178  1178 1262 250880
1179  1179 1181 250880
1180  1180 1182 25088
1181  1181 1183 25088
1182  1182 1601 128
1183  1183 1185 250880
1184  1184 1602 32768
1185  1185 1187 1505280
1186  1186 1188 150528
1187  1187 1189 150528
1188  1188 1603 768
1189  1189 1191 1505280
1190  1190 1604 884736
1191  1191 1194 884736
1192  1192 1194 1505280
1193  1193 1195 9031680
1194  1194 1196 9031680
1195  1195 1269 1003520
1196  1196 1198 1003520
1197  1197 1199 100352
1198  1198 1200 100352
1199  1199 1605 512
1200  1200 1202 1003520
1201  1201 1606 131072
1202  1202 1204 1003520
1203  1203 1205 100352
1204  1204 1206 100352
1205  1205 1607 512
1206  1206 1208 1003520
1207  1207 1608 131072
1208  1208 1211 65536
1209  1209 1211 501760
1210  1210 1212 2007040
1211  1211 1213 2007040
1212  1212 1217 2007040
1213  1213 1215 2007040
1214  1214 1216 2007040
1215  1215 1218 2007040
1216  1216 1250 2007040
1217  1217 1251 2007040
1218  1218 1220 2007040
1219  1219 1221 2007040
1220  1220 1222 2007040
1221  1221 1252 2007040
1222  1222 1224 2007040
1223  1223 1225 2007040
1224  1224 1226 2007040
1225  1225 1253 2007040
1226  1226 1228 2007040
1227  1227 1229 2007040
1228  1228 1230 2007040
1229  1229 1254 2007040
1230  1230 1232 2007040
1231  1231 1233 2007040
1232  1232 1234 2007040
1233  1233 1255 2007040
1234  1234 1236 2007040
1235  1235 1237 2007040
1236  1236 1238 2007040
1237  1237 1256 2007040
1238  1238 1240 2007040
1239  1239 1241 2007040
1240  1240 1242 2007040
1241  1241 1257 2007040
1242  1242 1244 2007040
1243  1243 1245 2007040
1244  1244 1246 2007040
1245  1245 1258 2007040
1246  1246 1248 2007040
1247  1247 1249 2007040
1248  1248 1250 2007040
1249  1249 1259 2007040
1250  1250 1260 2007040
1251  1251 1260 2007040
1252  1252 1260 2007040
1253  1253 1260 2007040
1254  1254 1260 2007040
1255  1255 1260 2007040
1256  1256 1260 2007040
1257  1257 1260 2007040
1258  1258 1260 2007040
1259  1259 1267 2007040
1260  1260 1263 32768
1261  1261 1263 250880
1262  1262 1264 2007040
1263  1263 1265 2007040
1264  1264 1266 2007040
1265  1265 1267 2007040
1266  1266 1274 2007040
1267  1267 1270 131072
1268  1268 1270 1003520
1269  1269 1271 2007040
1270  1270 1272 2007040
1271  1271 1273 2007040
1272  1272 1274 2007040
1273  1273 1281 2007040
1274  1274 1277 131072
1275  1275 1277 1003520
1276  1276 1278 2007040
1277  1277 1279 2007040
1278  1278 1280 2007040
1279  1279 1281 2007040
1280  1280 1395 2007040
1281  1281 1283 250880
1282  1282 1284 25088
1283  1283 1285 25088
1284  1284 1609 128
1285  1285 1287 250880
1286  1286 1610 24576
1287  1287 1289 250880
1288  1288 1290 25088
1289  1289 1291 25088
1290  1290 1611 128
1291  1291 1293 250880
1292  1292 1612 51200
1293  1293 1296 51200
1294  1294 1296 250880
1295  1295 1297 3136000
1296  1296 1298 3136000
1297  1297 1381 125440
1298  1298 1300 125440
1299  1299 1301 12544
1300  1300 1302 12544
1301  1301 1613 64
1302  1302 1304 125440
1303  1303 1614 12288
1304  1304 1306 1003520
1305  1305 1307 100352
1306  1306 1308 100352
1307  1307 1615 512
1308  1308 1310 1003520
1309  1309 1616 442368
1310  1310 1313 442368
1311  1311 1313 1003520
1312  1312 1314 6773760
1313  1313 1315 6773760
1314  1314 1388 752640
1315  1315 1317 752640
1316  1316 1318 75264
1317  1317 1319 75264
1318  1318 1617 384
1319  1319 1321 752640
1320  1320 1618 73728
1321  1321 1323 501760
1322  1322 1324 50176
1323  1323 1325 50176
1324  1324 1619 256
1325  1325 1327 501760
1326  1326 1620 49152
1327  1327 1330 24576
1328  1328 1330 250880
1329  1329 1331 1505280
1330  1330 1332 1505280
1331  1331 1336 1505280
1332  1332 1334 1505280
1333  1333 1335 1505280
1334  1334 1337 1505280
1335  1335 1369 1505280
1336  1336 1370 1505280
1337  1337 1339 1505280
1338  1338 1340 1505280
1339  1339 1341 1505280
1340  1340 1371 1505280
1341  1341 1343 1505280
1342  1342 1344 1505280
1343  1343 1345 1505280
1344  1344 1372 1505280
1345  1345 1347 1505280
1346  1346 1348 1505280
1347  1347 1349 1505280
1348  1348 1373 1505280
1349  1349 1351 1505280
1350  1350 1352 1505280
1351  1351 1353 1505280
1352  1352 1374 1505280
1353  1353 1355 1505280
1354  1354 1356 1505280
1355  1355 1357 1505280
1356  1356 1375 1505280
1357  1357 1359 1505280
1358  1358 1360 1505280
1359  1359 1361 1505280
1360  1360 1376 1505280
1361  1361 1363 1505280
1362  1362 1364 1505280
1363  1363 1365 1505280
1364  1364 1377 1505280
1365  1365 1367 1505280
1366  1366 1368 1505280
1367  1367 1369 1505280
1368  1368 1378 1505280
1369  1369 1379 1505280
1370  1370 1379 1505280
1371  1371 1379 1505280
1372  1372 1379 1505280
1373  1373 1379 1505280
1374  1374 1379 1505280
1375  1375 1379 1505280
1376  1376 1379 1505280
1377  1377 1379 1505280
1378  1378 1386 1505280
1379  1379 1382 12288
1380  1380 1382 125440
1381  1381 1383 1505280
1382  1382 1384 1505280
1383  1383 1385 1505280
1384  1384 1386 1505280
1385  1385 1393 1505280
1386  1386 1389 73728
1387  1387 1389 752640
1388  1388 1390 1505280
1389  1389 1391 1505280
1390  1390 1392 1505280
1391  1391 1393 1505280
1392  1392 1400 1505280
1393  1393 1396 49152
1394  1394 1396 501760
1395  1395 1397 1505280
1396  1396 1398 1505280
1397  1397 1399 1505280
1398  1398 1400 1505280
1399  1399 1436 1505280
1400  1400 1402 1505280
1401  1401 1403 1505280
1402  1402 1404 1505280
1403  1403 1437 1505280
1404  1404 1406 1505280
1405  1405 1407 1505280
1406  1406 1408 1505280
1407  1407 1438 1505280
1408  1408 1410 1505280
1409  1409 1411 1505280
1410  1410 1412 1505280
1411  1411 1439 1505280
1412  1412 1414 1505280
1413  1413 1415 1505280
1414  1414 1416 1505280
1415  1415 1440 1505280
1416  1416 1418 1505280
1417  1417 1419 1505280
1418  1418 1420 1505280
1419  1419 1441 1505280
1420  1420 1422 1505280
1421  1421 1423 1505280
1422  1422 1424 1505280
1423  1423 1442 1505280
1424  1424 1426 1505280
1425  1425 1427 1505280
1426  1426 1428 1505280
1427  1427 1443 1505280
1428  1428 1430 1505280
1429  1429 1431 1505280
1430  1430 1432 1505280
1431  1431 1444 1505280
1432  1432 1434 1505280
1433  1433 1435 1505280
1434  1434 1436 1505280
1435  1435 1445 1505280
1436  1436 1446 6021120
1437  1437 1446 6021120
1438  1438 1446 6021120
1439  1439 1446 6021120
1440  1440 1446 6021120
1441  1441 1446 6021120
1442  1442 1446 6021120
1443  1443 1446 6021120
1444  1444 1446 6021120
1445  1445 1454 6021120
1446  1446 1448 6021120
1447  1447 1449 602112
1448  1448 1450 602112
1449  1449 1621 768
1450  1450 1452 6021120
1451  1451 1622 442368
1452  1452 1455 442368
1453  1453 1455 6021120
1454  1454 1456 18063360
1455  1455 1457 72253440
1456  1456 1461 8028160
1457  1457 1459 8028160
1458  1458 1460 8028160
1459  1459 1462 8028160
1460  1460 1494 8028160
1461  1461 1495 8028160
1462  1462 1464 8028160
1463  1463 1465 8028160
1464  1464 1466 8028160
1465  1465 1496 8028160
1466  1466 1468 8028160
1467  1467 1469 8028160
1468  1468 1470 8028160
1469  1469 1497 8028160
1470  1470 1472 8028160
1471  1471 1473 8028160
1472  1472 1474 8028160
1473  1473 1498 8028160
1474  1474 1476 8028160
1475  1475 1477 8028160
1476  1476 1478 8028160
1477  1477 1499 8028160
1478  1478 1480 8028160
1479  1479 1481 8028160
1480  1480 1482 8028160
1481  1481 1500 8028160
1482  1482 1484 8028160
1483  1483 1485 8028160
1484  1484 1486 8028160
1485  1485 1501 8028160
1486  1486 1488 8028160
1487  1487 1489 8028160
1488  1488 1490 8028160
1489  1489 1502 8028160
1490  1490 1492 8028160
1491  1491 1493 8028160
1492  1492 1494 8028160
1493  1493 1503 8028160
1494  1494 1504 32112640
1495  1495 1504 32112640
1496  1496 1504 32112640
1497  1497 1504 32112640
1498  1498 1504 32112640
1499  1499 1504 32112640
1500  1500 1504 32112640
1501  1501 1504 32112640
1502  1502 1504 32112640
1503  1503 1509 32112640
1504  1504 1506 32112640
1505  1505 1507 3211264
1506  1506 1508 3211264
1507  1507 1623 256
1508  1508 1510 32112640
1509  1509 1624 37632
1510  1510 1624 64
1511  1511 1624 40960
1512  1512 1624 512
1513  1513 1624 425984
1514  1514 1624 512
1515  1515 1624 614400
1516  1516 1624 192
1517  1517 1624 159744
1518  1518 1624 1536
1519  1519 1624 2654208
1520  1520 1624 768
1521  1521 1624 638976
1522  1522 1624 1536
1523  1523 1624 1277952
1524  1524 1624 512
1525  1525 1624 425984
1526  1526 1624 512
1527  1527 1624 409600
1528  1528 1624 128
1529  1529 1624 106496
1530  1530 1624 1280
1531  1531 1624 1843200
1532  1532 1624 640
1533  1533 1624 532480
1534  1534 1624 1024
1535  1535 1624 851968
1536  1536 1624 512
1537  1537 1624 270336
1538  1538 1624 512
1539  1539 1624 409600
1540  1540 1624 128
1541  1541 1624 67584
1542  1542 1624 1280
1543  1543 1624 1843200
1544  1544 1624 640
1545  1545 1624 337920
1546  1546 1624 1024
1547  1547 1624 540672
1548  1548 1624 256
1549  1549 1624 131072
1550  1550 1624 256
1551  1551 1624 204800
1552  1552 1624 128
1553  1553 1624 65536
1554  1554 1624 1152
1555  1555 1624 1492992
1556  1556 1624 576
1557  1557 1624 294912
1558  1558 1624 448
1559  1559 1624 229376
1560  1560 1624 256
1561  1561 1624 131072
1562  1562 1624 256
1563  1563 1624 153600
1564  1564 1624 128
1565  1565 1624 49152
1566  1566 1624 1024
1567  1567 1624 1179648
1568  1568 1624 512
1569  1569 1624 262144
1570  1570 1624 512
1571  1571 1624 262144
1572  1572 1624 256
1573  1573 1624 131072
1574  1574 1624 256
1575  1575 1624 153600
1576  1576 1624 128
1577  1577 1624 49152
1578  1578 1624 896
1579  1579 1624 903168
1580  1580 1624 448
1581  1581 1624 229376
1582  1582 1624 640
1583  1583 1624 327680
1584  1584 1624 256
1585  1585 1624 122880
1586  1586 1624 192
1587  1587 1624 76800
1588  1588 1624 64
1589  1589 1624 30720
1590  1590 1624 832
1591  1591 1624 718848
1592  1592 1624 384
1593  1593 1624 184320
1594  1594 1624 768
1595  1595 1624 368640
1596  1596 1624 256
1597  1597 1624 65536
1598  1598 1624 384
1599  1599 1624 307200
1600  1600 1624 128
1601  1601 1624 32768
1602  1602 1624 768
1603  1603 1624 884736
1604  1604 1624 512
1605  1605 1624 131072
1606  1606 1624 512
1607  1607 1624 131072
1608  1608 1624 128
1609  1609 1624 24576
1610  1610 1624 128
1611  1611 1624 51200
1612  1612 1624 64
1613  1613 1624 12288
1614  1614 1624 512
1615  1615 1624 442368
1616  1616 1624 384
1617  1617 1624 73728
1618  1618 1624 256
1619  1619 1624 49152
1620  1620 1624 768
1621  1621 1624 442368
1622  1622 1624 256
1623  1623 1624 37632
