7:0  7 8 448
7:1  7 8 64
18:0  18 19 6623232
20:0  20 21 37632
20:1  20 21 81686528
20:2  20 21 35323904
20:3  20 21 14144
21:0  21 22 35323904
23:0  23 24 8830976
25:0  25 26 442368
25:1  25 26 19869696
25:2  25 26 6623232
25:3  25 26 4962816
25:4  25 26 110592
25:65  25 26 1237248
25:66  25 26 27648
25:73  25 26 13824
25:74  25 26 27648
25:75  25 26 55296
26:0  26 27 6623232
28:0  28 29 1655808
30:0  30 31 49152
30:1  30 31 1655808
30:2  30 31 551936
30:3  30 31 18432
32:0  32 33 73728
32:1  32 33 1655808
32:2  32 33 827904
32:3  32 33 18432
33:0  33 34 827904
34:0  34 35 827904
36:0  36 37 442368
36:1  36 37 7451136
36:2  36 37 1103872
36:3  36 37 1845504
36:4  36 37 110592
36:11  36 37 41472
36:12  36 37 82944
38:0  38 39 12288
38:1  38 39 1655808
38:2  38 39 137984
38:3  38 39 18432
39:0  39 40 137984
40:0  40 41 137984
42:0  42 43 51200
42:1  42 43 3449600
42:2  42 43 275968
42:3  42 43 38400
44:0  44 45 1655808
46:0  46 47 24576
46:1  46 47 1655808
46:2  46 47 275968
46:3  46 47 18432
47:0  47 48 2207744
48:0  48 49 2207744
50:0  50 51 131072
50:1  50 51 2207744
50:2  50 51 1103872
50:3  50 51 546816
50:4  50 51 32768
50:11  50 51 12288
50:12  50 51 24576
52:0  52 53 131072
52:1  52 53 2207744
52:2  52 53 1103872
52:3  52 53 546816
52:4  52 53 32768
52:11  52 53 12288
52:12  52 53 24576
53:0  53 54 1103872
54:0  54 55 1103872
56:0  56 57 884736
56:1  56 57 9934848
56:2  56 57 1655808
56:3  56 57 2460672
56:4  56 57 221184
56:65  56 57 608256
56:66  56 57 55296
56:73  56 57 27648
56:74  56 57 55296
56:75  56 57 110592
58:0  58 59 32768
58:1  58 59 2207744
58:2  58 59 275968
58:3  58 59 24576
59:0  59 60 275968
60:0  60 61 275968
62:0  62 63 307200
62:1  62 63 6899200
62:2  62 63 827904
62:3  62 63 1708800
62:4  62 63 76800
62:11  62 63 38400
62:12  62 63 76800
64:0  64 65 2207744
66:0  66 67 65536
66:1  66 67 2207744
66:2  66 67 551936
66:3  66 67 24576
67:0  67 68 4139520
69:0  69 70 1034880
71:0  71 72 368640
71:1  71 72 1034880
71:2  71 72 413952
71:3  71 72 253440
71:4  71 72 92160
71:11  71 72 23040
71:12  71 72 46080
73:0  73 74 184320
73:1  73 74 1034880
73:2  73 74 206976
73:3  73 74 253440
73:4  73 74 46080
73:11  73 74 23040
73:12  73 74 46080
74:0  74 75 206976
75:0  75 76 206976
77:0  77 78 718848
77:1  77 78 1862784
77:2  77 78 448448
77:3  77 78 456192
77:4  77 78 179712
77:59  77 78 114048
77:60  77 78 44928
77:67  77 78 20736
77:68  77 78 82944
79:0  79 80 30720
79:1  79 80 1034880
79:2  79 80 34496
79:3  79 80 46080
80:0  80 81 34496
81:0  81 82 34496
83:0  83 84 76800
83:1  83 84 862400
83:2  83 84 103488
83:3  83 84 38400
85:0  85 86 1034880
87:0  87 88 122880
87:1  87 88 1034880
87:2  87 88 137984
87:3  87 88 46080
88:0  88 89 1103872
89:0  89 90 1103872
91:0  91 92 327680
91:1  91 92 1103872
91:2  91 92 344960
91:3  91 92 270336
91:4  91 92 81920
91:11  91 92 24576
91:12  91 92 49152
93:0  93 94 229376
93:1  93 94 1103872
93:2  93 94 241472
93:3  93 94 270336
93:4  93 94 57344
93:11  93 94 24576
93:12  93 94 49152
94:0  94 95 241472
95:0  95 96 241472
97:0  97 98 903168
97:1  97 98 2173248
97:2  97 98 482944
97:3  97 98 532224
97:4  97 98 225792
97:59  97 98 133056
97:60  97 98 56448
97:67  97 98 24192
97:68  97 98 96768
99:0  99 100 49152
99:1  99 100 1103872
99:2  99 100 51776
99:3  99 100 49152
100:0  100 101 51776
101:0  101 102 51776
103:0  103 104 153600
103:1  103 104 1293632
103:2  103 104 137984
103:3  103 104 57600
105:0  105 106 1103872
107:0  107 108 131072
107:1  107 108 1103872
107:2  107 108 137984
107:3  107 108 49152
108:0  108 109 1103872
109:0  109 110 1103872
111:0  111 112 262144
111:1  111 112 1103872
111:2  111 112 275968
111:3  111 112 270336
111:4  111 112 65536
111:11  111 112 24576
111:12  111 112 49152
113:0  113 114 262144
113:1  113 114 1103872
113:2  113 114 275968
113:3  113 114 270336
113:4  113 114 65536
113:11  113 114 24576
113:12  113 114 49152
114:0  114 115 275968
115:0  115 116 275968
117:0  117 118 1179648
117:1  117 118 2483712
117:2  117 118 551936
117:3  117 118 608256
117:4  117 118 294912
117:59  117 118 152064
117:60  117 118 73728
117:67  117 118 27648
117:68  117 118 110592
119:0  119 120 49152
119:1  119 120 1103872
119:2  119 120 51776
119:3  119 120 49152
120:0  120 121 51776
121:0  121 122 51776
123:0  123 124 153600
123:1  123 124 1293632
123:2  123 124 137984
123:3  123 124 57600
125:0  125 126 1103872
127:0  127 128 131072
127:1  127 128 1103872
127:2  127 128 137984
127:3  127 128 49152
128:0  128 129 1103872
129:0  129 130 1103872
131:0  131 132 229376
131:1  131 132 1103872
131:2  131 132 241472
131:3  131 132 270336
131:4  131 132 57344
131:11  131 132 24576
131:12  131 132 49152
133:0  133 134 294912
133:1  133 134 1103872
133:2  133 134 310464
133:3  133 134 270336
133:4  133 134 73728
133:11  133 134 24576
133:12  133 134 49152
134:0  134 135 310464
135:0  135 136 310464
137:0  137 138 1492992
137:1  137 138 2794176
137:2  137 138 620928
137:3  137 138 684288
137:4  137 138 373248
137:59  137 138 171072
137:60  137 138 93312
137:67  137 138 31104
137:68  137 138 124416
139:0  139 140 65536
139:1  139 140 1103872
139:2  139 140 68992
139:3  139 140 49152
140:0  140 141 68992
141:0  141 142 68992
143:0  143 144 204800
143:1  143 144 1724800
143:2  143 144 137984
143:3  143 144 76800
145:0  145 146 1103872
147:0  147 148 131072
147:1  147 148 1103872
147:2  147 148 137984
147:3  147 148 49152
148:0  148 149 1138368
149:0  149 150 1138368
151:0  151 152 540672
151:1  151 152 1138368
151:2  151 152 551936
151:3  151 152 278784
151:4  151 152 135168
151:11  151 152 25344
151:12  151 152 50688
153:0  153 154 337920
153:1  153 154 1138368
153:2  153 154 344960
153:3  153 154 278784
153:4  153 154 84480
153:11  153 154 25344
153:12  153 154 50688
154:0  154 155 344960
155:0  155 156 344960
157:0  157 158 1843200
157:1  157 158 3104640
157:2  157 158 689920
157:3  157 158 760320
157:4  157 158 460800
157:59  157 158 190080
157:60  157 158 115200
157:67  157 158 34560
157:68  157 158 138240
159:0  159 160 67584
159:1  159 160 1138368
159:2  159 160 68992
159:3  159 160 50688
160:0  160 161 68992
161:0  161 162 68992
163:0  163 164 409600
163:1  163 164 1724800
163:2  163 164 275968
163:3  163 164 422400
163:4  163 164 102400
163:11  163 164 38400
163:12  163 164 76800
165:0  165 166 1138368
167:0  167 168 270336
167:1  167 168 1138368
167:2  167 168 275968
167:3  167 168 278784
167:4  167 168 67584
167:11  167 168 25344
167:12  167 168 50688
168:0  168 169 1793792
170:0  170 171 585728
172:0  172 173 851968
172:1  172 173 585728
172:2  172 173 180224
172:3  172 173 139776
172:4  172 173 212992
172:11  172 173 39936
172:12  172 173 79872
174:0  174 175 532480
174:1  174 175 585728
174:2  174 175 112640
174:3  174 175 139776
174:4  174 175 133120
174:11  174 175 39936
174:12  174 175 79872
175:0  175 176 112640
176:0  176 177 112640
178:0  178 179 1843200
178:1  178 179 1013760
178:2  178 179 225280
178:3  178 179 241920
178:4  178 179 460800
178:11  178 179 69120
178:12  178 179 138240
180:0  180 181 106496
180:1  180 181 585728
180:2  180 181 22528
180:3  180 181 79872
181:0  181 182 22528
182:0  182 183 22528
184:0  184 185 409600
184:1  184 185 563200
184:2  184 185 90112
184:3  184 185 134400
184:4  184 185 102400
184:11  184 185 38400
184:12  184 185 76800
186:0  186 187 585728
188:0  188 189 425984
188:1  188 189 585728
188:2  188 189 90112
188:3  188 189 139776
188:4  188 189 106496
188:11  188 189 39936
188:12  188 189 79872
189:0  189 190 585728
190:0  190 191 585728
192:0  192 193 1277952
192:1  192 193 585728
192:2  192 193 270336
192:3  192 193 139776
192:4  192 193 319488
192:11  192 193 39936
192:12  192 193 79872
194:0  194 195 638976
194:1  194 195 585728
194:2  194 195 135168
194:3  194 195 139776
194:4  194 195 159744
194:11  194 195 39936
194:12  194 195 79872
195:0  195 196 135168
196:0  196 197 135168
198:0  198 199 2654208
198:1  198 199 1216512
198:2  198 199 270336
198:3  198 199 290304
198:4  198 199 663552
198:11  198 199 82944
198:12  198 199 165888
200:0  200 201 159744
200:1  200 201 585728
200:2  200 201 33792
200:3  200 201 79872
201:0  201 202 33792
202:0  202 203 33792
204:0  204 205 614400
204:1  204 205 844800
204:2  204 205 90112
204:3  204 205 201600
204:4  204 205 153600
204:11  204 205 57600
204:12  204 205 115200
206:0  206 207 585728
208:0  208 209 425984
208:1  208 209 585728
208:2  208 209 90112
208:3  208 209 139776
208:4  208 209 106496
208:11  208 209 39936
208:12  208 209 79872
209:0  209 210 720896
211:0  211 212 45056
213:0  213 214 49152
213:1  213 214 45056
213:2  213 214 576
213:3  213 1624 64
213:4  213 214 98304
215:0  215 216 448
229:0  229 230 576
229:1  229 230 49152
229:2  229 230 49152
229:3  229 230 1088
232:0  232 233 512
232:1  232 233 49152
232:2  232 233 49152
232:3  232 233 960
242:0  242 243 90112
242:1  242 243 585728
242:2  242 243 425984
242:3  242 243 16896
248:0  248 249 90112
248:1  248 249 844800
248:2  248 249 614400
248:3  248 249 16896
251:0  251 252 90112
251:1  251 252 614400
251:2  251 252 844800
251:3  251 252 12288
259:0  259 260 33792
259:1  259 260 585728
259:2  259 260 159744
259:3  259 260 16896
265:0  265 266 270336
265:1  265 266 1216512
265:2  265 266 2654208
265:3  265 266 663552
265:4  265 266 67584
265:11  265 266 8448
268:0  268 269 270336
268:1  268 269 2654208
268:2  268 269 1216512
268:3  268 269 663552
268:4  268 269 67584
268:11  268 269 18432
276:0  276 277 135168
276:1  276 277 585728
276:2  276 277 638976
276:3  276 277 156672
276:4  276 277 33792
276:11  276 277 8448
276:12  276 277 16896
282:0  282 283 270336
282:1  282 283 585728
282:2  282 283 1277952
282:3  282 283 313344
282:4  282 283 67584
282:11  282 283 8448
282:12  282 283 16896
285:0  285 286 90112
285:1  285 286 425984
285:2  285 286 585728
285:3  285 286 12288
291:0  291 292 585728
337:0  337 338 33792
337:1  337 338 159744
337:2  337 338 585728
337:3  337 338 4608
340:0  340 341 585728
344:0  344 345 135168
344:1  344 345 638976
344:2  344 345 585728
344:3  344 345 156672
344:4  344 345 33792
344:11  344 345 9216
344:12  344 345 18432
347:0  347 348 585728
351:0  351 352 270336
351:1  351 352 1277952
351:2  351 352 585728
351:3  351 352 313344
351:4  351 352 67584
351:11  351 352 18432
351:12  351 352 36864
354:0  354 355 585728
356:0  356 357 585728
360:0  360 361 585728
361:0  361 362 90112
361:1  361 362 585728
361:2  361 362 425984
361:3  361 362 16896
362:0  362 363 585728
366:0  366 367 585728
367:0  367 368 90112
367:1  367 368 563200
367:2  367 368 409600
367:3  367 368 16896
369:0  369 370 585728
370:0  370 371 90112
370:1  370 371 409600
370:2  370 371 563200
370:3  370 371 12288
378:0  378 379 22528
378:1  378 379 585728
378:2  378 379 106496
378:3  378 379 16896
379:0  379 380 585728
383:0  383 384 585728
384:0  384 385 225280
384:1  384 385 1013760
384:2  384 385 1843200
384:3  384 385 460800
384:4  384 385 56320
384:11  384 385 8448
386:0  386 387 585728
387:0  387 388 225280
387:1  387 388 1843200
387:2  387 388 1013760
387:3  387 388 460800
387:4  387 388 56320
387:11  387 388 15360
395:0  395 396 112640
395:1  395 396 585728
395:2  395 396 532480
395:3  395 396 143616
395:4  395 396 28160
395:11  395 396 8448
395:12  395 396 16896
396:0  396 397 585728
400:0  400 401 585728
401:0  401 402 180224
401:1  401 402 585728
401:2  401 402 851968
401:3  401 402 208896
401:4  401 402 45056
401:11  401 402 8448
401:12  401 402 16896
403:0  403 404 585728
404:0  404 405 90112
404:1  404 405 425984
404:2  404 405 585728
404:3  404 405 12288
410:0  410 411 585728
456:0  456 457 22528
456:1  456 457 106496
456:2  456 457 585728
456:3  456 457 3072
459:0  459 460 585728
463:0  463 464 112640
463:1  463 464 532480
463:2  463 464 585728
463:3  463 464 143616
463:4  463 464 28160
463:11  463 464 7680
463:12  463 464 15360
466:0  466 467 585728
469:0  469 470 585728
470:0  470 471 180224
470:1  470 471 851968
470:2  470 471 585728
470:3  470 471 208896
470:4  470 471 45056
470:11  470 471 12288
470:12  470 471 24576
473:0  473 474 585728
521:0  521 522 1793792
525:0  525 526 1793792
526:0  526 527 275968
526:1  526 527 1140480
526:2  526 527 270336
526:3  526 527 51776
527:0  527 528 1793792
531:0  531 532 1793792
532:0  532 533 275968
532:1  532 533 1728000
532:2  532 533 409600
532:3  532 533 51776
534:0  534 535 1793792
535:0  535 536 276480
535:1  535 536 409600
535:2  535 536 1728000
535:3  535 536 424512
535:4  535 536 68608
535:11  535 536 6144
535:13  535 536 12288
543:0  543 544 68992
543:1  543 544 1140480
543:2  543 544 67584
543:3  543 544 51776
544:0  544 545 1793792
548:0  548 549 1793792
549:0  549 550 689920
549:1  549 550 3110400
549:2  549 550 1843200
549:3  549 550 51776
551:0  551 552 1793792
552:0  552 553 691200
552:1  552 553 1843200
552:2  552 553 3110400
552:3  552 553 771840
552:4  552 553 171520
552:65  552 553 190080
552:66  552 553 42240
552:73  552 553 7680
552:74  552 553 15360
552:75  552 553 30720
560:0  560 561 344960
560:1  560 561 1140480
560:2  560 561 337920
560:3  560 561 51776
561:0  561 562 1793792
565:0  565 566 1793792
566:0  566 567 551936
566:1  566 567 1140480
566:2  566 567 540672
566:3  566 567 51776
568:0  568 569 1793792
569:0  569 570 276480
569:1  569 570 270336
569:2  569 570 1140480
569:3  569 570 12288
575:0  575 576 1138368
621:0  621 622 69120
621:1  621 622 67584
621:2  621 622 1140480
621:3  621 622 3072
624:0  624 625 1138368
628:0  628 629 345600
628:1  628 629 337920
628:2  628 629 1140480
628:3  628 629 283008
628:4  628 629 85760
628:11  628 629 7680
628:12  628 629 15360
631:0  631 632 1138368
634:0  634 635 1793792
635:0  635 636 552960
635:1  635 636 540672
635:2  635 636 1140480
635:3  635 636 283008
635:4  635 636 137216
635:11  635 636 12288
635:12  635 636 24576
638:0  638 639 1138368
640:0  640 641 1138368
644:0  644 645 1138368
645:0  645 646 137984
645:1  645 646 1105920
645:2  645 646 131072
645:3  645 646 51776
646:0  646 647 1138368
650:0  650 651 1138368
651:0  651 652 137984
651:1  651 652 1728000
651:2  651 652 204800
651:3  651 652 51776
653:0  653 654 1138368
654:0  654 655 138240
654:1  654 655 204800
654:2  654 655 1728000
654:3  654 655 6144
662:0  662 663 68992
662:1  662 663 1105920
662:2  662 663 65536
662:3  662 663 51776
663:0  663 664 1138368
667:0  667 668 1138368
668:0  668 669 620928
668:1  668 669 2799360
668:2  668 669 1492992
668:3  668 669 51776
670:0  670 671 1138368
671:0  671 672 622080
671:1  671 672 1492992
671:2  671 672 2799360
671:3  671 672 694656
671:4  671 672 154368
671:11  671 672 13824
671:12  671 672 27648
679:0  679 680 310464
679:1  679 680 1105920
679:2  679 680 294912
679:3  679 680 51776
680:0  680 681 1138368
684:0  684 685 1138368
685:0  685 686 241472
685:1  685 686 1105920
685:2  685 686 229376
685:3  685 686 51776
687:0  687 688 1138368
688:0  688 689 138240
688:1  688 689 131072
688:2  688 689 1105920
688:3  688 689 6144
694:0  694 695 1103872
740:0  740 741 69120
740:1  740 741 65536
740:2  740 741 1105920
740:3  740 741 3072
743:0  743 744 1103872
747:0  747 748 311040
747:1  747 748 294912
747:2  747 748 1105920
747:3  747 748 270144
747:4  747 748 77184
747:11  747 748 6912
747:13  747 748 13824
750:0  750 751 1103872
753:0  753 754 1138368
754:0  754 755 241920
754:1  754 755 229376
754:2  754 755 1105920
754:3  754 755 10752
757:0  757 758 1103872
759:0  759 760 1103872
763:0  763 764 1103872
764:0  764 765 137984
764:1  764 765 1105920
764:2  764 765 131072
764:3  764 765 51776
765:0  765 766 1103872
769:0  769 770 1103872
770:0  770 771 137984
770:1  770 771 1296000
770:2  770 771 153600
770:3  770 771 51776
772:0  772 773 1103872
773:0  773 774 138240
773:1  773 774 153600
773:2  773 774 1296000
773:3  773 774 6144
781:0  781 782 51776
781:1  781 782 1105920
781:2  781 782 49152
781:3  781 782 51776
782:0  782 783 1103872
786:0  786 787 1103872
787:0  787 788 551936
787:1  787 788 2488320
787:2  787 788 1179648
787:3  787 788 51776
789:0  789 790 1103872
790:0  790 791 552960
790:1  790 791 1179648
790:2  790 791 2488320
790:3  790 791 617472
790:4  790 791 137216
790:11  790 791 12288
790:12  790 791 24576
798:0  798 799 275968
798:1  798 799 1105920
798:2  798 799 262144
798:3  798 799 51776
799:0  799 800 1103872
803:0  803 804 1103872
804:0  804 805 275968
804:1  804 805 1105920
804:2  804 805 262144
804:3  804 805 51776
806:0  806 807 1103872
807:0  807 808 138240
807:1  807 808 131072
807:2  807 808 1105920
807:3  807 808 6144
813:0  813 814 1103872
859:0  859 860 51840
859:1  859 860 49152
859:2  859 860 1105920
859:3  859 860 2304
862:0  862 863 1103872
866:0  866 867 276480
866:1  866 867 262144
866:2  866 867 1105920
866:3  866 867 12288
869:0  869 870 1103872
872:0  872 873 1103872
873:0  873 874 276480
873:1  873 874 262144
873:2  873 874 1105920
873:3  873 874 12288
876:0  876 877 1103872
878:0  878 879 1103872
882:0  882 883 1103872
883:0  883 884 137984
883:1  883 884 1105920
883:2  883 884 131072
883:3  883 884 51776
884:0  884 885 1103872
888:0  888 889 1103872
889:0  889 890 137984
889:1  889 890 1296000
889:2  889 890 153600
889:3  889 890 51776
891:0  891 892 1103872
892:0  892 893 138240
892:1  892 893 153600
892:2  892 893 1296000
892:3  892 893 6144
900:0  900 901 51776
900:1  900 901 1105920
900:2  900 901 49152
900:3  900 901 51776
901:0  901 902 1103872
905:0  905 906 1103872
906:0  906 907 482944
906:1  906 907 2177280
906:2  906 907 903168
906:3  906 907 51776
908:0  908 909 1103872
909:0  909 910 483840
909:1  909 910 903168
909:2  909 910 2177280
909:3  909 910 540288
909:4  909 910 120064
909:11  909 910 10752
909:12  909 910 21504
917:0  917 918 241472
917:1  917 918 1105920
917:2  917 918 229376
917:3  917 918 51776
918:0  918 919 1103872
922:0  922 923 1103872
923:0  923 924 344960
923:1  923 924 1105920
923:2  923 924 327680
923:3  923 924 51776
925:0  925 926 1103872
926:0  926 927 138240
926:1  926 927 131072
926:2  926 927 1105920
926:3  926 927 6144
932:0  932 933 1103872
978:0  978 979 51840
978:1  978 979 49152
978:2  978 979 1105920
978:3  978 979 2304
981:0  981 982 1103872
985:0  985 986 241920
985:1  985 986 229376
985:2  985 986 1105920
985:3  985 986 10752
988:0  988 989 1103872
991:0  991 992 1103872
992:0  992 993 345600
992:1  992 993 327680
992:2  992 993 1105920
992:3  992 993 270144
992:4  992 993 85760
992:11  992 993 7680
992:13  992 993 15360
995:0  995 996 1103872
997:0  997 998 1103872
1001:0  1001 1002 1103872
1002:0  1002 1003 137984
1002:1  1002 1003 1036800
1002:2  1002 1003 122880
1002:3  1002 1003 51776
1003:0  1003 1004 1103872
1007:0  1007 1008 1103872
1008:0  1008 1009 103488
1008:1  1008 1009 864000
1008:2  1008 1009 76800
1008:3  1008 1009 51776
1010:0  1010 1011 1103872
1011:0  1011 1012 103680
1011:1  1011 1012 76800
1011:2  1011 1012 864000
1011:3  1011 1012 4608
1019:0  1019 1020 34496
1019:1  1019 1020 1036800
1019:2  1019 1020 30720
1019:3  1019 1020 51776
1020:0  1020 1021 1103872
1024:0  1024 1025 1103872
1025:0  1025 1026 448448
1025:1  1025 1026 1866240
1025:2  1025 1026 718848
1025:3  1025 1026 51776
1027:0  1027 1028 1103872
1028:0  1028 1029 449280
1028:1  1028 1029 718848
1028:2  1028 1029 1866240
1028:3  1028 1029 463104
1028:4  1028 1029 111488
1028:11  1028 1029 9984
1028:12  1028 1029 19968
1036:0  1036 1037 206976
1036:1  1036 1037 1036800
1036:2  1036 1037 184320
1036:3  1036 1037 51776
1037:0  1037 1038 1103872
1041:0  1041 1042 1103872
1042:0  1042 1043 413952
1042:1  1042 1043 1036800
1042:2  1042 1043 368640
1042:3  1042 1043 51776
1044:0  1044 1045 1103872
1045:0  1045 1046 138240
1045:1  1045 1046 122880
1045:2  1045 1046 1036800
1045:3  1045 1046 6144
1051:0  1051 1052 1034880
1097:0  1097 1098 34560
1097:1  1097 1098 30720
1097:2  1097 1098 1036800
1097:3  1097 1098 1536
1100:0  1100 1101 1034880
1104:0  1104 1105 207360
1104:1  1104 1105 184320
1104:2  1104 1105 1036800
1104:3  1104 1105 9216
1107:0  1107 1108 1034880
1110:0  1110 1111 1103872
1111:0  1111 1112 414720
1111:1  1111 1112 368640
1111:2  1111 1112 1036800
1111:3  1111 1112 257280
1111:4  1111 1112 102912
1111:11  1111 1112 9216
1111:12  1111 1112 18432
1114:0  1114 1115 1034880
1162:0  1162 1163 4139520
1166:0  1166 1167 4139520
1167:0  1167 1168 551936
1167:1  1167 1168 2207744
1167:2  1167 1168 65536
1167:3  1167 1168 206976
1168:0  1168 1169 4139520
1172:0  1172 1173 4139520
1173:0  1173 1174 827904
1173:1  1173 1174 6899200
1173:2  1173 1174 307200
1173:3  1173 1174 206976
1175:0  1175 1176 4139520
1176:0  1176 1177 827904
1176:1  1176 1177 307200
1176:2  1176 1177 6899200
1176:3  1176 1177 9216
1184:0  1184 1185 275968
1184:1  1184 1185 2207744
1184:2  1184 1185 32768
1184:3  1184 1185 206976
1185:0  1185 1186 4139520
1189:0  1189 1190 4139520
1190:0  1190 1191 1655808
1190:1  1190 1191 9934848
1190:2  1190 1191 884736
1190:3  1190 1191 206976
1192:0  1192 1193 4139520
1193:0  1193 1194 1655808
1193:1  1193 1194 884736
1193:2  1193 1194 9934848
1193:3  1193 1194 2479104
1193:4  1193 1194 413184
1193:11  1193 1194 9216
1193:12  1193 1194 18432
1201:0  1201 1202 1103872
1201:1  1201 1202 2207744
1201:2  1201 1202 131072
1201:3  1201 1202 206976
1202:0  1202 1203 4139520
1206:0  1206 1207 4139520
1207:0  1207 1208 1103872
1207:1  1207 1208 2207744
1207:2  1207 1208 131072
1207:3  1207 1208 206976
1209:0  1209 1210 4139520
1210:0  1210 1211 551936
1210:1  1210 1211 65536
1210:2  1210 1211 2207744
1210:3  1210 1211 6144
1216:0  1216 1217 2207744
1262:0  1262 1263 275968
1262:1  1262 1263 32768
1262:2  1262 1263 2207744
1262:3  1262 1263 3072
1265:0  1265 1266 2207744
1269:0  1269 1270 1103872
1269:1  1269 1270 131072
1269:2  1269 1270 2207744
1269:3  1269 1270 12288
1272:0  1272 1273 2207744
1275:0  1275 1276 4139520
1276:0  1276 1277 1103872
1276:1  1276 1277 131072
1276:2  1276 1277 2207744
1276:3  1276 1277 12288
1279:0  1279 1280 2207744
1281:0  1281 1282 2207744
1285:0  1285 1286 2207744
1286:0  1286 1287 275968
1286:1  1286 1287 1655808
1286:2  1286 1287 24576
1286:3  1286 1287 206976
1287:0  1287 1288 2207744
1291:0  1291 1292 2207744
1292:0  1292 1293 275968
1292:1  1292 1293 3449600
1292:2  1292 1293 51200
1292:3  1292 1293 206976
1294:0  1294 1295 2207744
1295:0  1295 1296 275968
1295:1  1295 1296 51200
1295:2  1295 1296 3449600
1295:3  1295 1296 3072
1303:0  1303 1304 137984
1303:1  1303 1304 1655808
1303:2  1303 1304 12288
1303:3  1303 1304 206976
1304:0  1304 1305 2207744
1308:0  1308 1309 2207744
1309:0  1309 1310 1103872
1309:1  1309 1310 7451136
1309:2  1309 1310 442368
1309:3  1309 1310 206976
1311:0  1311 1312 2207744
1312:0  1312 1313 1103872
1312:1  1312 1313 442368
1312:2  1312 1313 7451136
1312:3  1312 1313 1859328
1312:4  1312 1313 275456
1312:11  1312 1313 6144
1312:12  1312 1313 12288
1320:0  1320 1321 827904
1320:1  1320 1321 1655808
1320:2  1320 1321 73728
1320:3  1320 1321 206976
1321:0  1321 1322 2207744
1325:0  1325 1326 2207744
1326:0  1326 1327 551936
1326:1  1326 1327 1655808
1326:2  1326 1327 49152
1326:3  1326 1327 206976
1328:0  1328 1329 2207744
1329:0  1329 1330 275968
1329:1  1329 1330 24576
1329:2  1329 1330 1655808
1329:3  1329 1330 3072
1335:0  1335 1336 1655808
1381:0  1381 1382 137984
1381:1  1381 1382 12288
1381:2  1381 1382 1655808
1381:3  1381 1382 1536
1384:0  1384 1385 1655808
1388:0  1388 1389 827904
1388:1  1388 1389 73728
1388:2  1388 1389 1655808
1388:3  1388 1389 9216
1391:0  1391 1392 1655808
1394:0  1394 1395 2207744
1395:0  1395 1396 551936
1395:1  1395 1396 49152
1395:2  1395 1396 1655808
1395:3  1395 1396 6144
1398:0  1398 1399 1655808
1446:0  1446 1447 6623232
1450:0  1450 1451 6623232
1451:0  1451 1452 6623232
1451:1  1451 1452 19869696
1451:2  1451 1452 442368
1451:3  1451 1452 4967424
1451:4  1451 1452 1655808
1451:59  1451 1452 1241856
1451:60  1451 1452 413952
1451:67  1451 1452 206976
1453:0  1453 1454 6623232
1454:0  1454 1455 6623232
1454:1  1454 1455 442368
1454:2  1454 1455 19869696
1454:3  1454 1455 4967424
1454:4  1454 1455 1655808
1454:11  1454 1455 9216
1460:0  1460 1461 8830976
1504:0  1504 1505 35323904
1508:0  1508 1509 35323904
1509:0  1509 1510 35323904
1509:1  1509 1510 81134592
1509:2  1509 1510 37632
1509:3  1509 1510 13246464
0  0 2 64
1  1 4 64
2  2 5 64
3  3 5 64
4  4 7 64
5  5 9 576
6  6 8 192
7  7 9 576
8  8 16 576
9  9 11 64
10  10 12 64
11  11 13 64
12  12 14 64
13  13 15 448
14  14 16 576
15  15 218 576
16  16 18 6623232
17  17 19 8830976
18  18 1510 81134592
19  19 21 37632
20  20 22 35323904
21  21 1491 35323904
22  22 1492 8830976
23  23 1452 19869696
24  24 26 442368
25  25 27 6623232
26  26 1433 6623232
27  27 1434 1655808
28  28 1327 1655808
29  29 31 49152
30  30 48 551936
31  31 33 73728
32  32 34 827904
33  33 35 827904
34  34 1310 7451136
35  35 37 442368
36  36 48 1103872
37  37 39 12288
38  38 40 137984
39  39 41 137984
40  40 1293 3449600
41  41 43 51200
42  42 48 275968
43  43 1367 1655808
44  44 1287 1655808
45  45 47 24576
46  46 48 275968
47  47 1247 2207744
48  48 1208 2207744
49  49 51 131072
50  50 68 1103872
51  51 53 131072
52  52 54 1103872
53  53 55 1103872
54  54 1191 9934848
55  55 57 884736
56  56 68 1655808
57  57 59 32768
58  58 60 275968
59  59 61 275968
60  60 1174 6899200
61  61 63 307200
62  62 68 827904
63  63 1248 2207744
64  64 1168 2207744
65  65 67 65536
66  66 68 551936
67  67 1149 4139520
68  68 1150 1034880
69  69 1043 1034880
70  70 72 368640
71  71 89 413952
72  72 74 184320
73  73 75 206976
74  74 76 206976
75  75 1026 1862784
76  76 78 718848
77  77 89 448448
78  78 80 30720
79  79 81 34496
80  80 82 34496
81  81 1009 862400
82  82 84 76800
83  83 89 103488
84  84 1083 1034880
85  85 1003 1034880
86  86 88 122880
87  87 89 137984
88  88 963 1103872
89  89 924 1103872
90  90 92 327680
91  91 109 344960
92  92 94 229376
93  93 95 241472
94  94 96 241472
95  95 907 2173248
96  96 98 903168
97  97 109 482944
98  98 100 49152
99  99 101 51776
100  100 102 51776
101  101 890 1293632
102  102 104 153600
103  103 109 137984
104  104 964 1103872
105  105 884 1103872
106  106 108 131072
107  107 109 137984
108  108 844 1103872
109  109 805 1103872
110  110 112 262144
111  111 129 275968
112  112 114 262144
113  113 115 275968
114  114 116 275968
115  115 788 2483712
116  116 118 1179648
117  117 129 551936
118  118 120 49152
119  119 121 51776
120  120 122 51776
121  121 771 1293632
122  122 124 153600
123  123 129 137984
124  124 845 1103872
125  125 765 1103872
126  126 128 131072
127  127 129 137984
128  128 725 1103872
129  129 686 1103872
130  130 132 229376
131  131 149 241472
132  132 134 294912
133  133 135 310464
134  134 136 310464
135  135 669 2794176
136  136 138 1492992
137  137 149 620928
138  138 140 65536
139  139 141 68992
140  140 142 68992
141  141 652 1724800
142  142 144 204800
143  143 149 137984
144  144 726 1103872
145  145 646 1103872
146  146 148 131072
147  147 149 137984
148  148 606 1138368
149  149 567 1138368
150  150 152 540672
151  151 169 551936
152  152 154 337920
153  153 155 344960
154  154 156 344960
155  155 550 3104640
156  156 158 1843200
157  157 169 689920
158  158 160 67584
159  159 161 68992
160  160 162 68992
161  161 533 1724800
162  162 164 409600
163  163 169 275968
164  164 607 1138368
165  165 527 1138368
166  166 168 270336
167  167 169 275968
168  168 508 1793792
169  169 509 585728
170  170 402 585728
171  171 173 851968
172  172 190 180224
173  173 175 532480
174  174 176 112640
175  175 177 112640
176  176 385 1013760
177  177 179 1843200
178  178 190 225280
179  179 181 106496
180  180 182 22528
181  181 183 22528
182  182 368 563200
183  183 185 409600
184  184 190 90112
185  185 442 585728
186  186 362 585728
187  187 189 425984
188  188 190 90112
189  189 322 585728
190  190 283 585728
191  191 193 1277952
192  192 210 270336
193  193 195 638976
194  194 196 135168
195  195 197 135168
196  196 266 1216512
197  197 199 2654208
198  198 210 270336
199  199 201 159744
200  200 202 33792
201  201 203 33792
202  202 249 844800
203  203 205 614400
204  204 210 90112
205  205 323 585728
206  206 243 585728
207  207 209 425984
208  208 210 90112
209  209 211 720896
210  210 212 45056
211  211 230 45056
212  212 214 40960
213  213 215 448
214  214 216 576
215  215 219 576
216  216 218 576
217  217 220 576
218  218 226 448
219  219 225 448
220  220 222 448
221  221 223 448
222  222 224 448
223  223 225 448
224  224 226 448
225  225 232 448
226  226 228 448
227  227 1511 64
228  228 230 448
229  229 1512 40960
230  230 233 40960
231  231 233 448
232  232 234 45056
233  233 235 45056
234  234 236 45056
235  235 237 35323904
236  236 351 720896
237  237 239 90112
238  238 240 8192
239  239 241 8192
240  240 1513 512
241  241 243 90112
242  242 1514 425984
243  243 245 90112
244  244 246 8192
245  245 247 8192
246  246 1515 512
247  247 249 90112
248  248 1516 614400
249  249 252 614400
250  250 252 90112
251  251 253 844800
252  252 254 844800
253  253 337 33792
254  254 256 33792
255  255 257 3072
256  256 258 3072
257  257 1517 192
258  258 260 33792
259  259 1518 159744
260  260 262 270336
261  261 263 24576
262  262 264 24576
263  263 1519 1536
264  264 266 270336
265  265 1520 2654208
266  266 269 2654208
267  267 269 270336
268  268 270 1216512
269  269 271 1216512
270  270 344 135168
271  271 273 135168
272  272 274 12288
273  273 275 12288
274  274 1521 768
275  275 277 135168
276  276 1522 638976
277  277 279 270336
278  278 280 24576
279  279 281 24576
280  280 1523 1536
281  281 283 270336
282  282 1524 1277952
283  283 286 425984
284  284 286 90112
285  285 287 585728
286  286 288 585728
287  287 292 585728
288  288 290 585728
289  289 291 585728
290  290 293 585728
291  291 325 585728
292  292 326 585728
293  293 295 585728
294  294 296 585728
295  295 297 585728
296  296 327 585728
297  297 299 585728
298  298 300 585728
299  299 301 585728
300  300 328 585728
301  301 303 585728
302  302 304 585728
303  303 305 585728
304  304 329 585728
305  305 307 585728
306  306 308 585728
307  307 309 585728
308  308 330 585728
309  309 311 585728
310  310 312 585728
311  311 313 585728
312  312 331 585728
313  313 315 585728
314  314 316 585728
315  315 317 585728
316  316 332 585728
317  317 319 585728
318  318 320 585728
319  319 321 585728
320  320 333 585728
321  321 323 585728
322  322 324 585728
323  323 325 585728
324  324 334 585728
325  325 335 585728
326  326 335 585728
327  327 335 585728
328  328 335 585728
329  329 335 585728
330  330 335 585728
331  331 335 585728
332  332 335 585728
333  333 335 585728
334  334 342 585728
335  335 338 159744
336  336 338 33792
337  337 339 585728
338  338 340 585728
339  339 341 585728
340  340 342 585728
341  341 349 585728
342  342 345 638976
343  343 345 135168
344  344 346 585728
345  345 347 585728
346  346 348 585728
347  347 349 585728
348  348 356 585728
349  349 352 1277952
350  350 352 270336
351  351 353 585728
352  352 354 585728
353  353 355 585728
354  354 356 585728
355  355 470 585728
356  356 358 90112
357  357 359 8192
358  358 360 8192
359  359 1525 512
360  360 362 90112
361  361 1526 425984
362  362 364 90112
363  363 365 8192
364  364 366 8192
365  365 1527 512
366  366 368 90112
367  367 1528 409600
368  368 371 409600
369  369 371 90112
370  370 372 563200
371  371 373 563200
372  372 456 22528
373  373 375 22528
374  374 376 2048
375  375 377 2048
376  376 1529 128
377  377 379 22528
378  378 1530 106496
379  379 381 225280
380  380 382 20480
381  381 383 20480
382  382 1531 1280
383  383 385 225280
384  384 1532 1843200
385  385 388 1843200
386  386 388 225280
387  387 389 1013760
388  388 390 1013760
389  389 463 112640
390  390 392 112640
391  391 393 10240
392  392 394 10240
393  393 1533 640
394  394 396 112640
395  395 1534 532480
396  396 398 180224
397  397 399 16384
398  398 400 16384
399  399 1535 1024
400  400 402 180224
401  401 1536 851968
402  402 405 425984
403  403 405 90112
404  404 406 585728
405  405 407 585728
406  406 411 585728
407  407 409 585728
408  408 410 585728
409  409 412 585728
410  410 444 585728
411  411 445 585728
412  412 414 585728
413  413 415 585728
414  414 416 585728
415  415 446 585728
416  416 418 585728
417  417 419 585728
418  418 420 585728
419  419 447 585728
420  420 422 585728
421  421 423 585728
422  422 424 585728
423  423 448 585728
424  424 426 585728
425  425 427 585728
426  426 428 585728
427  427 449 585728
428  428 430 585728
429  429 431 585728
430  430 432 585728
431  431 450 585728
432  432 434 585728
433  433 435 585728
434  434 436 585728
435  435 451 585728
436  436 438 585728
437  437 439 585728
438  438 440 585728
439  439 452 585728
440  440 442 585728
441  441 443 585728
442  442 444 585728
443  443 453 585728
444  444 454 585728
445  445 454 585728
446  446 454 585728
447  447 454 585728
448  448 454 585728
449  449 454 585728
450  450 454 585728
451  451 454 585728
452  452 454 585728
453  453 461 585728
454  454 457 106496
455  455 457 22528
456  456 458 585728
457  457 459 585728
458  458 460 585728
459  459 461 585728
460  460 468 585728
461  461 464 532480
462  462 464 112640
463  463 465 585728
464  464 466 585728
465  465 467 585728
466  466 468 585728
467  467 475 585728
468  468 471 851968
469  469 471 180224
470  470 472 585728
471  471 473 585728
472  472 474 585728
473  473 475 585728
474  474 511 585728
475  475 477 585728
476  476 478 585728
477  477 479 585728
478  478 512 585728
479  479 481 585728
480  480 482 585728
481  481 483 585728
482  482 513 585728
483  483 485 585728
484  484 486 585728
485  485 487 585728
486  486 514 585728
487  487 489 585728
488  488 490 585728
489  489 491 585728
490  490 515 585728
491  491 493 585728
492  492 494 585728
493  493 495 585728
494  494 516 585728
495  495 497 585728
496  496 498 585728
497  497 499 585728
498  498 517 585728
499  499 501 585728
500  500 502 585728
501  501 503 585728
502  502 518 585728
503  503 505 585728
504  504 506 585728
505  505 507 585728
506  506 519 585728
507  507 509 585728
508  508 510 585728
509  509 511 585728
510  510 520 585728
511  511 521 1793792
512  512 521 1793792
513  513 521 1793792
514  514 521 1793792
515  515 521 1793792
516  516 521 1793792
517  517 521 1793792
518  518 521 1793792
519  519 521 1793792
520  520 635 1793792
521  521 523 275968
522  522 524 25088
523  523 525 25088
524  524 1537 512
525  525 527 275968
526  526 1538 270336
527  527 529 275968
528  528 530 25088
529  529 531 25088
530  530 1539 512
531  531 533 275968
532  532 1540 409600
533  533 536 409600
534  534 536 275968
535  535 537 1724800
536  536 538 1724800
537  537 621 68992
538  538 540 68992
539  539 541 6272
540  540 542 6272
541  541 1541 128
542  542 544 68992
543  543 1542 67584
544  544 546 689920
545  545 547 62720
546  546 548 62720
547  547 1543 1280
548  548 550 689920
549  549 1544 1843200
550  550 553 1843200
551  551 553 689920
552  552 554 3104640
553  553 555 3104640
554  554 628 344960
555  555 557 344960
556  556 558 31360
557  557 559 31360
558  558 1545 640
559  559 561 344960
560  560 1546 337920
561  561 563 551936
562  562 564 50176
563  563 565 50176
564  564 1547 1024
565  565 567 551936
566  566 1548 540672
567  567 570 270336
568  568 570 275968
569  569 571 1138368
570  570 572 1138368
571  571 576 1138368
572  572 574 1138368
573  573 575 1138368
574  574 577 1138368
575  575 609 1138368
576  576 610 1138368
577  577 579 1138368
578  578 580 1138368
579  579 581 1138368
580  580 611 1138368
581  581 583 1138368
582  582 584 1138368
583  583 585 1138368
584  584 612 1138368
585  585 587 1138368
586  586 588 1138368
587  587 589 1138368
588  588 613 1138368
589  589 591 1138368
590  590 592 1138368
591  591 593 1138368
592  592 614 1138368
593  593 595 1138368
594  594 596 1138368
595  595 597 1138368
596  596 615 1138368
597  597 599 1138368
598  598 600 1138368
599  599 601 1138368
600  600 616 1138368
601  601 603 1138368
602  602 604 1138368
603  603 605 1138368
604  604 617 1138368
605  605 607 1138368
606  606 608 1138368
607  607 609 1138368
608  608 618 1138368
609  609 619 1138368
610  610 619 1138368
611  611 619 1138368
612  612 619 1138368
613  613 619 1138368
614  614 619 1138368
615  615 619 1138368
616  616 619 1138368
617  617 619 1138368
618  618 626 1138368
619  619 622 67584
620  620 622 68992
621  621 623 1138368
622  622 624 1138368
623  623 625 1138368
624  624 626 1138368
625  625 633 1138368
626  626 629 337920
627  627 629 344960
628  628 630 1138368
629  629 631 1138368
630  630 632 1138368
631  631 633 1138368
632  632 640 1138368
633  633 636 540672
634  634 636 551936
635  635 637 1138368
636  636 638 1138368
637  637 639 1138368
638  638 640 1138368
639  639 754 1138368
640  640 642 137984
641  641 643 12544
642  642 644 12544
643  643 1549 256
644  644 646 137984
645  645 1550 131072
646  646 648 137984
647  647 649 12544
648  648 650 12544
649  649 1551 256
650  650 652 137984
651  651 1552 204800
652  652 655 204800
653  653 655 137984
654  654 656 1724800
655  655 657 1724800
656  656 740 68992
657  657 659 68992
658  658 660 6272
659  659 661 6272
660  660 1553 128
661  661 663 68992
662  662 1554 65536
663  663 665 620928
664  664 666 56448
665  665 667 56448
666  666 1555 1152
667  667 669 620928
668  668 1556 1492992
669  669 672 1492992
670  670 672 620928
671  671 673 2794176
672  672 674 2794176
673  673 747 310464
674  674 676 310464
675  675 677 28224
676  676 678 28224
677  677 1557 576
678  678 680 310464
679  679 1558 294912
680  680 682 241472
681  681 683 21952
682  682 684 21952
683  683 1559 448
684  684 686 241472
685  685 1560 229376
686  686 689 131072
687  687 689 137984
688  688 690 1103872
689  689 691 1103872
690  690 695 1103872
691  691 693 1103872
692  692 694 1103872
693  693 696 1103872
694  694 728 1103872
695  695 729 1103872
696  696 698 1103872
697  697 699 1103872
698  698 700 1103872
699  699 730 1103872
700  700 702 1103872
701  701 703 1103872
702  702 704 1103872
703  703 731 1103872
704  704 706 1103872
705  705 707 1103872
706  706 708 1103872
707  707 732 1103872
708  708 710 1103872
709  709 711 1103872
710  710 712 1103872
711  711 733 1103872
712  712 714 1103872
713  713 715 1103872
714  714 716 1103872
715  715 734 1103872
716  716 718 1103872
717  717 719 1103872
718  718 720 1103872
719  719 735 1103872
720  720 722 1103872
721  721 723 1103872
722  722 724 1103872
723  723 736 1103872
724  724 726 1103872
725  725 727 1103872
726  726 728 1103872
727  727 737 1103872
728  728 738 1103872
729  729 738 1103872
730  730 738 1103872
731  731 738 1103872
732  732 738 1103872
733  733 738 1103872
734  734 738 1103872
735  735 738 1103872
736  736 738 1103872
737  737 745 1103872
738  738 741 65536
739  739 741 68992
740  740 742 1103872
741  741 743 1103872
742  742 744 1103872
743  743 745 1103872
744  744 752 1103872
745  745 748 294912
746  746 748 310464
747  747 749 1103872
748  748 750 1103872
749  749 751 1103872
750  750 752 1103872
751  751 759 1103872
752  752 755 229376
753  753 755 241472
754  754 756 1103872
755  755 757 1103872
756  756 758 1103872
757  757 759 1103872
758  758 873 1103872
759  759 761 137984
760  760 762 12544
761  761 763 12544
762  762 1561 256
763  763 765 137984
764  764 1562 131072
765  765 767 137984
766  766 768 12544
767  767 769 12544
768  768 1563 256
769  769 771 137984
770  770 1564 153600
771  771 774 153600
772  772 774 137984
773  773 775 1293632
774  774 776 1293632
775  775 859 51776
776  776 778 51776
777  777 779 4736
778  778 780 4736
779  779 1565 128
780  780 782 51776
781  781 1566 49152
782  782 784 551936
783  783 785 50176
784  784 786 50176
785  785 1567 1024
786  786 788 551936
787  787 1568 1179648
788  788 791 1179648
789  789 791 551936
790  790 792 2483712
791  791 793 2483712
792  792 866 275968
793  793 795 275968
794  794 796 25088
795  795 797 25088
796  796 1569 512
797  797 799 275968
798  798 1570 262144
799  799 801 275968
800  800 802 25088
801  801 803 25088
802  802 1571 512
803  803 805 275968
804  804 1572 262144
805  805 808 131072
806  806 808 137984
807  807 809 1103872
808  808 810 1103872
809  809 814 1103872
810  810 812 1103872
811  811 813 1103872
812  812 815 1103872
813  813 847 1103872
814  814 848 1103872
815  815 817 1103872
816  816 818 1103872
817  817 819 1103872
818  818 849 1103872
819  819 821 1103872
820  820 822 1103872
821  821 823 1103872
822  822 850 1103872
823  823 825 1103872
824  824 826 1103872
825  825 827 1103872
826  826 851 1103872
827  827 829 1103872
828  828 830 1103872
829  829 831 1103872
830  830 852 1103872
831  831 833 1103872
832  832 834 1103872
833  833 835 1103872
834  834 853 1103872
835  835 837 1103872
836  836 838 1103872
837  837 839 1103872
838  838 854 1103872
839  839 841 1103872
840  840 842 1103872
841  841 843 1103872
842  842 855 1103872
843  843 845 1103872
844  844 846 1103872
845  845 847 1103872
846  846 856 1103872
847  847 857 1103872
848  848 857 1103872
849  849 857 1103872
850  850 857 1103872
851  851 857 1103872
852  852 857 1103872
853  853 857 1103872
854  854 857 1103872
855  855 857 1103872
856  856 864 1103872
857  857 860 49152
858  858 860 51776
859  859 861 1103872
860  860 862 1103872
861  861 863 1103872
862  862 864 1103872
863  863 871 1103872
864  864 867 262144
865  865 867 275968
866  866 868 1103872
867  867 869 1103872
868  868 870 1103872
869  869 871 1103872
870  870 878 1103872
871  871 874 262144
872  872 874 275968
873  873 875 1103872
874  874 876 1103872
875  875 877 1103872
876  876 878 1103872
877  877 992 1103872
878  878 880 137984
879  879 881 12544
880  880 882 12544
881  881 1573 256
882  882 884 137984
883  883 1574 131072
884  884 886 137984
885  885 887 12544
886  886 888 12544
887  887 1575 256
888  888 890 137984
889  889 1576 153600
890  890 893 153600
891  891 893 137984
892  892 894 1293632
893  893 895 1293632
894  894 978 51776
895  895 897 51776
896  896 898 4736
897  897 899 4736
898  898 1577 128
899  899 901 51776
900  900 1578 49152
901  901 903 482944
902  902 904 43904
903  903 905 43904
904  904 1579 896
905  905 907 482944
906  906 1580 903168
907  907 910 903168
908  908 910 482944
909  909 911 2173248
910  910 912 2173248
911  911 985 241472
912  912 914 241472
913  913 915 21952
914  914 916 21952
915  915 1581 448
916  916 918 241472
917  917 1582 229376
918  918 920 344960
919  919 921 31360
920  920 922 31360
921  921 1583 640
922  922 924 344960
923  923 1584 327680
924  924 927 131072
925  925 927 137984
926  926 928 1103872
927  927 929 1103872
928  928 933 1103872
929  929 931 1103872
930  930 932 1103872
931  931 934 1103872
932  932 966 1103872
933  933 967 1103872
934  934 936 1103872
935  935 937 1103872
936  936 938 1103872
937  937 968 1103872
938  938 940 1103872
939  939 941 1103872
940  940 942 1103872
941  941 969 1103872
942  942 944 1103872
943  943 945 1103872
944  944 946 1103872
945  945 970 1103872
946  946 948 1103872
947  947 949 1103872
948  948 950 1103872
949  949 971 1103872
950  950 952 1103872
951  951 953 1103872
952  952 954 1103872
953  953 972 1103872
954  954 956 1103872
955  955 957 1103872
956  956 958 1103872
957  957 973 1103872
958  958 960 1103872
959  959 961 1103872
960  960 962 1103872
961  961 974 1103872
962  962 964 1103872
963  963 965 1103872
964  964 966 1103872
965  965 975 1103872
966  966 976 1103872
967  967 976 1103872
968  968 976 1103872
969  969 976 1103872
970  970 976 1103872
971  971 976 1103872
972  972 976 1103872
973  973 976 1103872
974  974 976 1103872
975  975 983 1103872
976  976 979 49152
977  977 979 51776
978  978 980 1103872
979  979 981 1103872
980  980 982 1103872
981  981 983 1103872
982  982 990 1103872
983  983 986 229376
984  984 986 241472
985  985 987 1103872
986  986 988 1103872
987  987 989 1103872
988  988 990 1103872
989  989 997 1103872
990  990 993 327680
991  991 993 344960
992  992 994 1103872
993  993 995 1103872
994  994 996 1103872
995  995 997 1103872
996  996 1111 1103872
997  997 999 137984
998  998 1000 12544
999  999 1001 12544
1000  1000 1585 256
1001  1001 1003 137984
1002  1002 1586 122880
1003  1003 1005 103488
1004  1004 1006 9408
1005  1005 1007 9408
1006  1006 1587 192
1007  1007 1009 103488
1008  1008 1588 76800
1009  1009 1012 76800
1010  1010 1012 103488
1011  1011 1013 862400
1012  1012 1014 862400
1013  1013 1097 34496
1014  1014 1016 34496
1015  1015 1017 3136
1016  1016 1018 3136
1017  1017 1589 64
1018  1018 1020 34496
1019  1019 1590 30720
1020  1020 1022 448448
1021  1021 1023 40768
1022  1022 1024 40768
1023  1023 1591 832
1024  1024 1026 448448
1025  1025 1592 718848
1026  1026 1029 718848
1027  1027 1029 448448
1028  1028 1030 1862784
1029  1029 1031 1862784
1030  1030 1104 206976
1031  1031 1033 206976
1032  1032 1034 18816
1033  1033 1035 18816
1034  1034 1593 384
1035  1035 1037 206976
1036  1036 1594 184320
1037  1037 1039 413952
1038  1038 1040 37632
1039  1039 1041 37632
1040  1040 1595 768
1041  1041 1043 413952
1042  1042 1596 368640
1043  1043 1046 122880
1044  1044 1046 137984
1045  1045 1047 1034880
1046  1046 1048 1034880
1047  1047 1052 1034880
1048  1048 1050 1034880
1049  1049 1051 1034880
1050  1050 1053 1034880
1051  1051 1085 1034880
1052  1052 1086 1034880
1053  1053 1055 1034880
1054  1054 1056 1034880
1055  1055 1057 1034880
1056  1056 1087 1034880
1057  1057 1059 1034880
1058  1058 1060 1034880
1059  1059 1061 1034880
1060  1060 1088 1034880
1061  1061 1063 1034880
1062  1062 1064 1034880
1063  1063 1065 1034880
1064  1064 1089 1034880
1065  1065 1067 1034880
1066  1066 1068 1034880
1067  1067 1069 1034880
1068  1068 1090 1034880
1069  1069 1071 1034880
1070  1070 1072 1034880
1071  1071 1073 1034880
1072  1072 1091 1034880
1073  1073 1075 1034880
1074  1074 1076 1034880
1075  1075 1077 1034880
1076  1076 1092 1034880
1077  1077 1079 1034880
1078  1078 1080 1034880
1079  1079 1081 1034880
1080  1080 1093 1034880
1081  1081 1083 1034880
1082  1082 1084 1034880
1083  1083 1085 1034880
1084  1084 1094 1034880
1085  1085 1095 1034880
1086  1086 1095 1034880
1087  1087 1095 1034880
1088  1088 1095 1034880
1089  1089 1095 1034880
1090  1090 1095 1034880
1091  1091 1095 1034880
1092  1092 1095 1034880
1093  1093 1095 1034880
1094  1094 1102 1034880
1095  1095 1098 30720
1096  1096 1098 34496
1097  1097 1099 1034880
1098  1098 1100 1034880
1099  1099 1101 1034880
1100  1100 1102 1034880
1101  1101 1109 1034880
1102  1102 1105 184320
1103  1103 1105 206976
1104  1104 1106 1034880
1105  1105 1107 1034880
1106  1106 1108 1034880
1107  1107 1109 1034880
1108  1108 1116 1034880
1109  1109 1112 368640
1110  1110 1112 413952
1111  1111 1113 1034880
1112  1112 1114 1034880
1113  1113 1115 1034880
1114  1114 1116 1034880
1115  1115 1152 1034880
1116  1116 1118 1034880
1117  1117 1119 1034880
1118  1118 1120 1034880
1119  1119 1153 1034880
1120  1120 1122 1034880
1121  1121 1123 1034880
1122  1122 1124 1034880
1123  1123 1154 1034880
1124  1124 1126 1034880
1125  1125 1127 1034880
1126  1126 1128 1034880
1127  1127 1155 1034880
1128  1128 1130 1034880
1129  1129 1131 1034880
1130  1130 1132 1034880
1131  1131 1156 1034880
1132  1132 1134 1034880
1133  1133 1135 1034880
1134  1134 1136 1034880
1135  1135 1157 1034880
1136  1136 1138 1034880
1137  1137 1139 1034880
1138  1138 1140 1034880
1139  1139 1158 1034880
1140  1140 1142 1034880
1141  1141 1143 1034880
1142  1142 1144 1034880
1143  1143 1159 1034880
1144  1144 1146 1034880
1145  1145 1147 1034880
1146  1146 1148 1034880
1147  1147 1160 1034880
1148  1148 1150 1034880
1149  1149 1151 1034880
1150  1150 1152 1034880
1151  1151 1161 1034880
1152  1152 1162 4139520
1153  1153 1162 4139520
1154  1154 1162 4139520
1155  1155 1162 4139520
1156  1156 1162 4139520
1157  1157 1162 4139520
1158  1158 1162 4139520
1159  1159 1162 4139520
1160  1160 1162 4139520
1161  1161 1276 4139520
1162  1162 1164 551936
1163  1163 1165 50176
1164  1164 1166 50176
1165  1165 1597 256
1166  1166 1168 551936
1167  1167 1598 65536
1168  1168 1170 827904
1169  1169 1171 75264
1170  1170 1172 75264
1171  1171 1599 384
1172  1172 1174 827904
1173  1173 1600 307200
1174  1174 1177 307200
1175  1175 1177 827904
1176  1176 1178 6899200
1177  1177 1179 6899200
1178  1178 1262 275968
1179  1179 1181 275968
1180  1180 1182 25088
1181  1181 1183 25088
1182  1182 1601 128
1183  1183 1185 275968
1184  1184 1602 32768
1185  1185 1187 1655808
1186  1186 1188 150528
1187  1187 1189 150528
1188  1188 1603 768
1189  1189 1191 1655808
1190  1190 1604 884736
1191  1191 1194 884736
1192  1192 1194 1655808
1193  1193 1195 9934848
1194  1194 1196 9934848
1195  1195 1269 1103872
1196  1196 1198 1103872
1197  1197 1199 100352
1198  1198 1200 100352
1199  1199 1605 512
1200  1200 1202 1103872
1201  1201 1606 131072
1202  1202 1204 1103872
1203  1203 1205 100352
1204  1204 1206 100352
1205  1205 1607 512
1206  1206 1208 1103872
1207  1207 1608 131072
1208  1208 1211 65536
1209  1209 1211 551936
1210  1210 1212 2207744
1211  1211 1213 2207744
1212  1212 1217 2207744
1213  1213 1215 2207744
1214  1214 1216 2207744
1215  1215 1218 2207744
1216  1216 1250 2207744
1217  1217 1251 2207744
1218  1218 1220 2207744
1219  1219 1221 2207744
1220  1220 1222 2207744
1221  1221 1252 2207744
1222  1222 1224 2207744
1223  1223 1225 2207744
1224  1224 1226 2207744
1225  1225 1253 2207744
1226  1226 1228 2207744
1227  1227 1229 2207744
1228  1228 1230 2207744
1229  1229 1254 2207744
1230  1230 1232 2207744
1231  1231 1233 2207744
1232  1232 1234 2207744
1233  1233 1255 2207744
1234  1234 1236 2207744
1235  1235 1237 2207744
1236  1236 1238 2207744
1237  1237 1256 2207744
1238  1238 1240 2207744
1239  1239 1241 2207744
1240  1240 1242 2207744
1241  1241 1257 2207744
1242  1242 1244 2207744
1243  1243 1245 2207744
1244  1244 1246 2207744
1245  1245 1258 2207744
1246  1246 1248 2207744
1247  1247 1249 2207744
1248  1248 1250 2207744
1249  1249 1259 2207744
1250  1250 1260 2207744
1251  1251 1260 2207744
1252  1252 1260 2207744
1253  1253 1260 2207744
1254  1254 1260 2207744
1255  1255 1260 2207744
1256  1256 1260 2207744
1257  1257 1260 2207744
1258  1258 1260 2207744
1259  1259 1267 2207744
1260  1260 1263 32768
1261  1261 1263 275968
1262  1262 1264 2207744
1263  1263 1265 2207744
1264  1264 1266 2207744
1265  1265 1267 2207744
1266  1266 1274 2207744
1267  1267 1270 131072
1268  1268 1270 1103872
1269  1269 1271 2207744
1270  1270 1272 2207744
1271  1271 1273 2207744
1272  1272 1274 2207744
1273  1273 1281 2207744
1274  1274 1277 131072
1275  1275 1277 1103872
1276  1276 1278 2207744
1277  1277 1279 2207744
1278  1278 1280 2207744
1279  1279 1281 2207744
1280  1280 1395 2207744
1281  1281 1283 275968
1282  1282 1284 25088
1283  1283 1285 25088
1284  1284 1609 128
1285  1285 1287 275968
1286  1286 1610 24576
1287  1287 1289 275968
1288  1288 1290 25088
1289  1289 1291 25088
1290  1290 1611 128
1291  1291 1293 275968
1292  1292 1612 51200
1293  1293 1296 51200
1294  1294 1296 275968
1295  1295 1297 3449600
1296  1296 1298 3449600
1297  1297 1381 137984
1298  1298 1300 137984
1299  1299 1301 12544
1300  1300 1302 12544
1301  1301 1613 64
1302  1302 1304 137984
1303  1303 1614 12288
1304  1304 1306 1103872
1305  1305 1307 100352
1306  1306 1308 100352
1307  1307 1615 512
1308  1308 1310 1103872
1309  1309 1616 442368
1310  1310 1313 442368
1311  1311 1313 1103872
1312  1312 1314 7451136
1313  1313 1315 7451136
1314  1314 1388 827904
1315  1315 1317 827904
1316  1316 1318 75264
1317  1317 1319 75264
1318  1318 1617 384
1319  1319 1321 827904
1320  1320 1618 73728
1321  1321 1323 551936
1322  1322 1324 50176
1323  1323 1325 50176
1324  1324 1619 256
1325  1325 1327 551936
1326  1326 1620 49152
1327  1327 1330 24576
1328  1328 1330 275968
1329  1329 1331 1655808
1330  1330 1332 1655808
1331  1331 1336 1655808
1332  1332 1334 1655808
1333  1333 1335 1655808
1334  1334 1337 1655808
1335  1335 1369 1655808
1336  1336 1370 1655808
1337  1337 1339 1655808
1338  1338 1340 1655808
1339  1339 1341 1655808
1340  1340 1371 1655808
1341  1341 1343 1655808
1342  1342 1344 1655808
1343  1343 1345 1655808
1344  1344 1372 1655808
1345  1345 1347 1655808
1346  1346 1348 1655808
1347  1347 1349 1655808
1348  1348 1373 1655808
1349  1349 1351 1655808
1350  1350 1352 1655808
1351  1351 1353 1655808
1352  1352 1374 1655808
1353  1353 1355 1655808
1354  1354 1356 1655808
1355  1355 1357 1655808
1356  1356 1375 1655808
1357  1357 1359 1655808
1358  1358 1360 1655808
1359  1359 1361 1655808
1360  1360 1376 1655808
1361  1361 1363 1655808
1362  1362 1364 1655808
1363  1363 1365 1655808
1364  1364 1377 1655808
1365  1365 1367 1655808
1366  1366 1368 1655808
1367  1367 1369 1655808
1368  1368 1378 1655808
1369  1369 1379 1655808
1370  1370 1379 1655808
1371  1371 1379 1655808
1372  1372 1379 1655808
1373  1373 1379 1655808
1374  1374 1379 1655808
1375  1375 1379 1655808
1376  1376 1379 1655808
1377  1377 1379 1655808
1378  1378 1386 1655808
1379  1379 1382 12288
1380  1380 1382 137984
1381  1381 1383 1655808
1382  1382 1384 1655808
1383  1383 1385 1655808
1384  1384 1386 1655808
1385  1385 1393 1655808
1386  1386 1389 73728
1387  1387 1389 827904
1388  1388 1390 1655808
1389  1389 1391 1655808
1390  1390 1392 1655808
1391  1391 1393 1655808
1392  1392 1400 1655808
1393  1393 1396 49152
1394  1394 1396 551936
1395  1395 1397 1655808
1396  1396 1398 1655808
1397  1397 1399 1655808
1398  1398 1400 1655808
1399  1399 1436 1655808
1400  1400 1402 1655808
1401  1401 1403 1655808
1402  1402 1404 1655808
1403  1403 1437 1655808
1404  1404 1406 1655808
1405  1405 1407 1655808
1406  1406 1408 1655808
1407  1407 1438 1655808
1408  1408 1410 1655808
1409  1409 1411 1655808
1410  1410 1412 1655808
1411  1411 1439 1655808
1412  1412 1414 1655808
1413  1413 1415 1655808
1414  1414 1416 1655808
1415  1415 1440 1655808
1416  1416 1418 1655808
1417  1417 1419 1655808
1418  1418 1420 1655808
1419  1419 1441 1655808
1420  1420 1422 1655808
1421  1421 1423 1655808
1422  1422 1424 1655808
1423  1423 1442 1655808
1424  1424 1426 1655808
1425  1425 1427 1655808
1426  1426 1428 1655808
1427  1427 1443 1655808
1428  1428 1430 1655808
1429  1429 1431 1655808
1430  1430 1432 1655808
1431  1431 1444 1655808
1432  1432 1434 1655808
1433  1433 1435 1655808
1434  1434 1436 1655808
1435  1435 1445 1655808
1436  1436 1446 6623232
1437  1437 1446 6623232
1438  1438 1446 6623232
1439  1439 1446 6623232
1440  1440 1446 6623232
1441  1441 1446 6623232
1442  1442 1446 6623232
1443  1443 1446 6623232
1444  1444 1446 6623232
1445  1445 1454 6623232
1446  1446 1448 6623232
1447  1447 1449 602112
1448  1448 1450 602112
1449  1449 1621 768
1450  1450 1452 6623232
1451  1451 1622 442368
1452  1452 1455 442368
1453  1453 1455 6623232
1454  1454 1456 19869696
1455  1455 1457 79478784
1456  1456 1461 8830976
1457  1457 1459 8830976
1458  1458 1460 8830976
1459  1459 1462 8830976
1460  1460 1494 8830976
1461  1461 1495 8830976
1462  1462 1464 8830976
1463  1463 1465 8830976
1464  1464 1466 8830976
1465  1465 1496 8830976
1466  1466 1468 8830976
1467  1467 1469 8830976
1468  1468 1470 8830976
1469  1469 1497 8830976
1470  1470 1472 8830976
1471  1471 1473 8830976
1472  1472 1474 8830976
1473  1473 1498 8830976
1474  1474 1476 8830976
1475  1475 1477 8830976
1476  1476 1478 8830976
1477  1477 1499 8830976
1478  1478 1480 8830976
1479  1479 1481 8830976
1480  1480 1482 8830976
1481  1481 1500 8830976
1482  1482 1484 8830976
1483  1483 1485 8830976
1484  1484 1486 8830976
1485  1485 1501 8830976
1486  1486 1488 8830976
1487  1487 1489 8830976
1488  1488 1490 8830976
1489  1489 1502 8830976
1490  1490 1492 8830976
1491  1491 1493 8830976
1492  1492 1494 8830976
1493  1493 1503 8830976
1494  1494 1504 35323904
1495  1495 1504 35323904
1496  1496 1504 35323904
1497  1497 1504 35323904
1498  1498 1504 35323904
1499  1499 1504 35323904
1500  1500 1504 35323904
1501  1501 1504 35323904
1502  1502 1504 35323904
1503  1503 1509 35323904
1504  1504 1506 35323904
1505  1505 1507 3211264
1506  1506 1508 3211264
1507  1507 1623 256
1508  1508 1510 35323904
1509  1509 1624 37632
1510  1510 1624 64
1511  1511 1624 40960
1512  1512 1624 512
1513  1513 1624 425984
1514  1514 1624 512
1515  1515 1624 614400
1516  1516 1624 192
1517  1517 1624 159744
1518  1518 1624 1536
1519  1519 1624 2654208
1520  1520 1624 768
1521  1521 1624 638976
1522  1522 1624 1536
1523  1523 1624 1277952
1524  1524 1624 512
1525  1525 1624 425984
1526  1526 1624 512
1527  1527 1624 409600
1528  1528 1624 128
1529  1529 1624 106496
1530  1530 1624 1280
1531  1531 1624 1843200
1532  1532 1624 640
1533  1533 1624 532480
1534  1534 1624 1024
1535  1535 1624 851968
1536  1536 1624 512
1537  1537 1624 270336
1538  1538 1624 512
1539  1539 1624 409600
1540  1540 1624 128
1541  1541 1624 67584
1542  1542 1624 1280
1543  1543 1624 1843200
1544  1544 1624 640
1545  1545 1624 337920
1546  1546 1624 1024
1547  1547 1624 540672
1548  1548 1624 256
1549  1549 1624 131072
1550  1550 1624 256
1551  1551 1624 204800
1552  1552 1624 128
1553  1553 1624 65536
1554  1554 1624 1152
1555  1555 1624 1492992
1556  1556 1624 576
1557  1557 1624 294912
1558  1558 1624 448
1559  1559 1624 229376
1560  1560 1624 256
1561  1561 1624 131072
1562  1562 1624 256
1563  1563 1624 153600
1564  1564 1624 128
1565  1565 1624 49152
1566  1566 1624 1024
1567  1567 1624 1179648
1568  1568 1624 512
1569  1569 1624 262144
1570  1570 1624 512
1571  1571 1624 262144
1572  1572 1624 256
1573  1573 1624 131072
1574  1574 1624 256
1575  1575 1624 153600
1576  1576 1624 128
1577  1577 1624 49152
1578  1578 1624 896
1579  1579 1624 903168
1580  1580 1624 448
1581  1581 1624 229376
1582  1582 1624 640
1583  1583 1624 327680
1584  1584 1624 256
1585  1585 1624 122880
1586  1586 1624 192
1587  1587 1624 76800
1588  1588 1624 64
1589  1589 1624 30720
1590  1590 1624 832
1591  1591 1624 718848
1592  1592 1624 384
1593  1593 1624 184320
1594  1594 1624 768
1595  1595 1624 368640
1596  1596 1624 256
1597  1597 1624 65536
1598  1598 1624 384
1599  1599 1624 307200
1600  1600 1624 128
1601  1601 1624 32768
1602  1602 1624 768
1603  1603 1624 884736
1604  1604 1624 512
1605  1605 1624 131072
1606  1606 1624 512
1607  1607 1624 131072
1608  1608 1624 128
1609  1609 1624 24576
1610  1610 1624 128
1611  1611 1624 51200
1612  1612 1624 64
1613  1613 1624 12288
1614  1614 1624 512
1615  1615 1624 442368
1616  1616 1624 384
1617  1617 1624 73728
1618  1618 1624 256
1619  1619 1624 49152
1620  1620 1624 768
1621  1621 1624 442368
1622  1622 1624 256
1623  1623 1624 37632
