7:0  7 8 320
7:1  7 8 64
18:0  18 19 4816896
20:0  20 21 37632
20:1  20 21 59408384
20:2  20 21 25690112
20:3  20 21 14144
21:0  21 22 25690112
23:0  23 24 6422528
25:0  25 26 442368
25:1  25 26 14450688
25:2  25 26 4816896
25:3  25 26 3608064
25:4  25 26 110592
25:65  25 26 898560
25:66  25 26 27648
25:73  25 26 13824
25:74  25 26 27648
25:75  25 26 55296
26:0  26 27 4816896
28:0  28 29 1204224
30:0  30 31 49152
30:1  30 31 1204224
30:2  30 31 401408
30:3  30 31 18432
32:0  32 33 73728
32:1  32 33 1204224
32:2  32 33 602112
32:3  32 33 18432
33:0  33 34 602112
34:0  34 35 602112
36:0  36 37 442368
36:1  36 37 5419008
36:2  36 37 802816
36:3  36 37 1347840
36:4  36 37 110592
36:11  36 37 41472
36:12  36 37 82944
38:0  38 39 12288
38:1  38 39 1204224
38:2  38 39 100352
38:3  38 39 18432
39:0  39 40 100352
40:0  40 41 100352
42:0  42 43 51200
42:1  42 43 2508800
42:2  42 43 200704
42:3  42 43 38400
44:0  44 45 1204224
46:0  46 47 24576
46:1  46 47 1204224
46:2  46 47 200704
46:3  46 47 18432
47:0  47 48 1605632
48:0  48 49 1605632
50:0  50 51 131072
50:1  50 51 1605632
50:2  50 51 802816
50:3  50 51 399360
50:4  50 51 32768
50:11  50 51 12288
50:12  50 51 24576
52:0  52 53 131072
52:1  52 53 1605632
52:2  52 53 802816
52:3  52 53 399360
52:4  52 53 32768
52:11  52 53 12288
52:12  52 53 24576
53:0  53 54 802816
54:0  54 55 802816
56:0  56 57 884736
56:1  56 57 7225344
56:2  56 57 1204224
56:3  56 57 1797120
56:4  56 57 221184
56:65  56 57 442368
56:66  56 57 55296
56:73  56 57 27648
56:74  56 57 55296
56:75  56 57 110592
58:0  58 59 32768
58:1  58 59 1605632
58:2  58 59 200704
58:3  58 59 24576
59:0  59 60 200704
60:0  60 61 200704
62:0  62 63 307200
62:1  62 63 5017600
62:2  62 63 602112
62:3  62 63 1248000
62:4  62 63 76800
62:11  62 63 38400
62:12  62 63 76800
64:0  64 65 1605632
66:0  66 67 65536
66:1  66 67 1605632
66:2  66 67 401408
66:3  66 67 24576
67:0  67 68 3010560
69:0  69 70 752640
71:0  71 72 368640
71:1  71 72 752640
71:2  71 72 301056
71:3  71 72 184320
71:4  71 72 92160
71:11  71 72 23040
71:12  71 72 46080
73:0  73 74 184320
73:1  73 74 752640
73:2  73 74 150528
73:3  73 74 184320
73:4  73 74 46080
73:11  73 74 23040
73:12  73 74 46080
74:0  74 75 150528
75:0  75 76 150528
77:0  77 78 718848
77:1  77 78 1354752
77:2  77 78 326144
77:3  77 78 331776
77:4  77 78 179712
77:11  77 78 41472
77:12  77 78 82944
79:0  79 80 30720
79:1  79 80 752640
79:2  79 80 25088
79:3  79 80 46080
80:0  80 81 25088
81:0  81 82 25088
83:0  83 84 76800
83:1  83 84 627200
83:2  83 84 75264
83:3  83 84 38400
85:0  85 86 752640
87:0  87 88 122880
87:1  87 88 752640
87:2  87 88 100352
87:3  87 88 46080
88:0  88 89 802816
89:0  89 90 802816
91:0  91 92 327680
91:1  91 92 802816
91:2  91 92 250880
91:3  91 92 196608
91:4  91 92 81920
91:11  91 92 24576
91:12  91 92 49152
93:0  93 94 229376
93:1  93 94 802816
93:2  93 94 175616
93:3  93 94 196608
93:4  93 94 57344
93:11  93 94 24576
93:12  93 94 49152
94:0  94 95 175616
95:0  95 96 175616
97:0  97 98 903168
97:1  97 98 1580544
97:2  97 98 351232
97:3  97 98 387072
97:4  97 98 225792
97:11  97 98 48384
97:12  97 98 96768
99:0  99 100 49152
99:1  99 100 802816
99:2  99 100 37632
99:3  99 100 49152
100:0  100 101 37632
101:0  101 102 37632
103:0  103 104 153600
103:1  103 104 940800
103:2  103 104 100352
103:3  103 104 57600
105:0  105 106 802816
107:0  107 108 131072
107:1  107 108 802816
107:2  107 108 100352
107:3  107 108 49152
108:0  108 109 802816
109:0  109 110 802816
111:0  111 112 262144
111:1  111 112 802816
111:2  111 112 200704
111:3  111 112 196608
111:4  111 112 65536
111:11  111 112 24576
111:12  111 112 49152
113:0  113 114 262144
113:1  113 114 802816
113:2  113 114 200704
113:3  113 114 196608
113:4  113 114 65536
113:11  113 114 24576
113:12  113 114 49152
114:0  114 115 200704
115:0  115 116 200704
117:0  117 118 1179648
117:1  117 118 1806336
117:2  117 118 401408
117:3  117 118 442368
117:4  117 118 294912
117:60  117 118 73728
117:67  117 118 27648
117:68  117 118 110592
119:0  119 120 49152
119:1  119 120 802816
119:2  119 120 37632
119:3  119 120 49152
120:0  120 121 37632
121:0  121 122 37632
123:0  123 124 153600
123:1  123 124 940800
123:2  123 124 100352
123:3  123 124 57600
125:0  125 126 802816
127:0  127 128 131072
127:1  127 128 802816
127:2  127 128 100352
127:3  127 128 49152
128:0  128 129 802816
129:0  129 130 802816
131:0  131 132 229376
131:1  131 132 802816
131:2  131 132 175616
131:3  131 132 196608
131:4  131 132 57344
131:11  131 132 24576
131:12  131 132 49152
133:0  133 134 294912
133:1  133 134 802816
133:2  133 134 225792
133:3  133 134 196608
133:4  133 134 73728
133:11  133 134 24576
133:12  133 134 49152
134:0  134 135 225792
135:0  135 136 225792
137:0  137 138 1492992
137:1  137 138 2032128
137:2  137 138 451584
137:3  137 138 497664
137:4  137 138 373248
137:60  137 138 93312
137:67  137 138 31104
137:68  137 138 124416
139:0  139 140 65536
139:1  139 140 802816
139:2  139 140 50176
139:3  139 140 49152
140:0  140 141 50176
141:0  141 142 50176
143:0  143 144 204800
143:1  143 144 1254400
143:2  143 144 100352
143:3  143 144 76800
145:0  145 146 802816
147:0  147 148 131072
147:1  147 148 802816
147:2  147 148 100352
147:3  147 148 49152
148:0  148 149 827904
149:0  149 150 827904
151:0  151 152 540672
151:1  151 152 827904
151:2  151 152 401408
151:3  151 152 202752
151:4  151 152 135168
151:11  151 152 25344
151:12  151 152 50688
153:0  153 154 337920
153:1  153 154 827904
153:2  153 154 250880
153:3  153 154 202752
153:4  153 154 84480
153:11  153 154 25344
153:12  153 154 50688
154:0  154 155 250880
155:0  155 156 250880
157:0  157 158 1843200
157:1  157 158 2257920
157:2  157 158 501760
157:3  157 158 552960
157:4  157 158 460800
157:60  157 158 115200
157:67  157 158 34560
157:68  157 158 138240
159:0  159 160 67584
159:1  159 160 827904
159:2  159 160 50176
159:3  159 160 50688
160:0  160 161 50176
161:0  161 162 50176
163:0  163 164 409600
163:1  163 164 1254400
163:2  163 164 200704
163:3  163 164 307200
163:4  163 164 102400
163:11  163 164 38400
163:12  163 164 76800
165:0  165 166 827904
167:0  167 168 270336
167:1  167 168 827904
167:2  167 168 200704
167:3  167 168 202752
167:4  167 168 67584
167:11  167 168 25344
167:12  167 168 50688
168:0  168 169 1304576
170:0  170 171 425984
172:0  172 173 851968
172:1  172 173 425984
172:2  172 173 131072
172:3  172 173 99840
172:4  172 173 212992
172:11  172 173 39936
172:12  172 173 79872
174:0  174 175 532480
174:1  174 175 425984
174:2  174 175 81920
174:3  174 175 79872
175:0  175 176 81920
176:0  176 177 81920
178:0  178 179 1843200
178:1  178 179 737280
178:2  178 179 163840
178:3  178 179 172800
178:4  178 179 460800
178:11  178 179 69120
178:12  178 179 138240
180:0  180 181 106496
180:1  180 181 425984
180:2  180 181 16384
180:3  180 181 79872
181:0  181 182 16384
182:0  182 183 16384
184:0  184 185 409600
184:1  184 185 409600
184:2  184 185 65536
184:3  184 185 76800
186:0  186 187 425984
188:0  188 189 425984
188:1  188 189 425984
188:2  188 189 65536
188:3  188 189 79872
189:0  189 190 425984
190:0  190 191 425984
192:0  192 193 1277952
192:1  192 193 425984
192:2  192 193 196608
192:3  192 193 99840
192:4  192 193 319488
192:11  192 193 39936
192:12  192 193 79872
194:0  194 195 638976
194:1  194 195 425984
194:2  194 195 98304
194:3  194 195 99840
194:4  194 195 159744
194:11  194 195 39936
194:12  194 195 79872
195:0  195 196 98304
196:0  196 197 98304
198:0  198 199 2654208
198:1  198 199 884736
198:2  198 199 196608
198:3  198 199 207360
198:4  198 199 663552
198:11  198 199 82944
198:12  198 199 165888
200:0  200 201 159744
200:1  200 201 425984
200:2  200 201 24576
200:3  200 201 79872
201:0  201 202 24576
202:0  202 203 24576
204:0  204 205 614400
204:1  204 205 614400
204:2  204 205 65536
204:3  204 205 115200
206:0  206 207 425984
208:0  208 209 425984
208:1  208 209 425984
208:2  208 209 65536
208:3  208 209 79872
209:0  209 210 524288
211:0  211 212 32768
213:0  213 214 49152
213:1  213 214 32768
213:2  213 214 384
213:3  213 1624 64
213:4  213 214 98304
215:0  215 216 320
229:0  229 230 384
229:1  229 230 32768
229:2  229 230 49152
229:3  229 230 768
232:0  232 233 320
232:1  232 233 49152
232:2  232 233 32768
232:3  232 233 960
242:0  242 243 65536
242:1  242 243 425984
242:2  242 243 425984
242:3  242 243 12288
248:0  248 249 65536
248:1  248 249 614400
248:2  248 249 614400
248:3  248 249 12288
251:0  251 252 65536
251:1  251 252 614400
251:2  251 252 614400
251:3  251 252 12288
259:0  259 260 24576
259:1  259 260 425984
259:2  259 260 159744
259:3  259 260 12288
265:0  265 266 196608
265:1  265 266 884736
265:2  265 266 2654208
265:3  265 266 663552
265:4  265 266 49152
265:11  265 266 6144
268:0  268 269 196608
268:1  268 269 2654208
268:2  268 269 884736
268:3  268 269 663552
268:4  268 269 49152
268:11  268 269 18432
276:0  276 277 98304
276:1  276 277 425984
276:2  276 277 638976
276:3  276 277 12288
282:0  282 283 196608
282:1  282 283 425984
282:2  282 283 1277952
282:3  282 283 313344
282:4  282 283 49152
282:11  282 283 6144
282:12  282 283 12288
285:0  285 286 65536
285:1  285 286 425984
285:2  285 286 425984
285:3  285 286 12288
291:0  291 292 425984
337:0  337 338 24576
337:1  337 338 159744
337:2  337 338 425984
337:3  337 338 4608
340:0  340 341 425984
344:0  344 345 98304
344:1  344 345 638976
344:2  344 345 425984
344:3  344 345 156672
344:4  344 345 24576
344:11  344 345 9216
344:12  344 345 18432
347:0  347 348 425984
351:0  351 352 196608
351:1  351 352 1277952
351:2  351 352 425984
351:3  351 352 313344
351:4  351 352 49152
351:11  351 352 18432
351:12  351 352 36864
354:0  354 355 425984
356:0  356 357 425984
360:0  360 361 425984
361:0  361 362 65536
361:1  361 362 425984
361:2  361 362 425984
361:3  361 362 12288
362:0  362 363 425984
366:0  366 367 425984
367:0  367 368 65536
367:1  367 368 409600
367:2  367 368 409600
367:3  367 368 12288
369:0  369 370 425984
370:0  370 371 65536
370:1  370 371 409600
370:2  370 371 409600
370:3  370 371 12288
378:0  378 379 16384
378:1  378 379 425984
378:2  378 379 106496
378:3  378 379 12288
379:0  379 380 425984
383:0  383 384 425984
384:0  384 385 163840
384:1  384 385 737280
384:2  384 385 1843200
384:3  384 385 460800
384:4  384 385 40960
384:11  384 385 6144
386:0  386 387 425984
387:0  387 388 163840
387:1  387 388 1843200
387:2  387 388 737280
387:3  387 388 460800
387:4  387 388 40960
387:11  387 388 15360
395:0  395 396 81920
395:1  395 396 425984
395:2  395 396 532480
395:3  395 396 12288
396:0  396 397 425984
400:0  400 401 425984
401:0  401 402 131072
401:1  401 402 425984
401:2  401 402 851968
401:3  401 402 12288
403:0  403 404 425984
404:0  404 405 65536
404:1  404 405 425984
404:2  404 405 425984
404:3  404 405 12288
410:0  410 411 425984
456:0  456 457 16384
456:1  456 457 106496
456:2  456 457 425984
456:3  456 457 3072
459:0  459 460 425984
463:0  463 464 81920
463:1  463 464 532480
463:2  463 464 425984
463:3  463 464 15360
466:0  466 467 425984
469:0  469 470 425984
470:0  470 471 131072
470:1  470 471 851968
470:2  470 471 425984
470:3  470 471 208896
470:4  470 471 32768
470:11  470 471 12288
470:12  470 471 24576
473:0  473 474 425984
521:0  521 522 1304576
525:0  525 526 1304576
526:0  526 527 200704
526:1  526 527 827904
526:2  526 527 270336
526:3  526 527 206976
526:4  526 527 50176
526:11  526 527 18816
527:0  527 528 1304576
531:0  531 532 1304576
532:0  532 533 200704
532:1  532 533 1254400
532:2  532 533 409600
532:3  532 533 310464
532:4  532 533 50176
532:11  532 533 18816
532:12  532 533 37632
534:0  534 535 1304576
535:0  535 536 200704
535:1  535 536 409600
535:2  535 536 1254400
535:3  535 536 12288
543:0  543 544 50176
543:1  543 544 827904
543:2  543 544 67584
543:3  543 544 37632
544:0  544 545 1304576
548:0  548 549 1304576
549:0  549 550 501760
549:1  549 550 2257920
549:2  549 550 1843200
549:3  549 550 564480
549:4  549 550 125440
549:11  549 550 18816
551:0  551 552 1304576
552:0  552 553 501760
552:1  552 553 1843200
552:2  552 553 2257920
552:3  552 553 564480
552:4  552 553 125440
552:65  552 553 138240
552:66  552 553 30720
552:73  552 553 7680
552:74  552 553 15360
560:0  560 561 250880
560:1  560 561 827904
560:2  560 561 337920
560:3  560 561 206976
560:4  560 561 62720
560:11  560 561 18816
561:0  561 562 1304576
565:0  565 566 1304576
566:0  566 567 401408
566:1  566 567 827904
566:2  566 567 540672
566:3  566 567 206976
566:4  566 567 100352
566:11  566 567 18816
568:0  568 569 1304576
569:0  569 570 200704
569:1  569 570 270336
569:2  569 570 827904
569:3  569 570 12288
575:0  575 576 827904
621:0  621 622 50176
621:1  621 622 67584
621:2  621 622 827904
621:3  621 622 3072
624:0  624 625 827904
628:0  628 629 250880
628:1  628 629 337920
628:2  628 629 827904
628:3  628 629 206976
628:4  628 629 62720
628:11  628 629 7680
631:0  631 632 827904
634:0  634 635 1304576
635:0  635 636 401408
635:1  635 636 540672
635:2  635 636 827904
635:3  635 636 206976
635:4  635 636 100352
635:11  635 636 12288
638:0  638 639 827904
640:0  640 641 827904
644:0  644 645 827904
645:0  645 646 100352
645:1  645 646 802816
645:2  645 646 131072
645:3  645 646 37632
646:0  646 647 827904
650:0  650 651 827904
651:0  651 652 100352
651:1  651 652 1254400
651:2  651 652 204800
651:3  651 652 37632
653:0  653 654 827904
654:0  654 655 100352
654:1  654 655 204800
654:2  654 655 1254400
654:3  654 655 6144
662:0  662 663 50176
662:1  662 663 802816
662:2  662 663 65536
662:3  662 663 37632
663:0  663 664 827904
667:0  667 668 827904
668:0  668 669 451584
668:1  668 669 2032128
668:2  668 669 1492992
668:3  668 669 508032
668:4  668 669 112896
668:11  668 669 18816
670:0  670 671 827904
671:0  671 672 451584
671:1  671 672 1492992
671:2  671 672 2032128
671:3  671 672 508032
671:4  671 672 112896
671:11  671 672 13824
679:0  679 680 225792
679:1  679 680 802816
679:2  679 680 294912
679:3  679 680 197568
679:4  679 680 56448
679:11  679 680 18816
679:12  679 680 37632
680:0  680 681 827904
684:0  684 685 827904
685:0  685 686 175616
685:1  685 686 802816
685:2  685 686 229376
685:3  685 686 197568
685:4  685 686 43904
685:11  685 686 18816
685:12  685 686 37632
687:0  687 688 827904
688:0  688 689 100352
688:1  688 689 131072
688:2  688 689 802816
688:3  688 689 6144
694:0  694 695 802816
740:0  740 741 50176
740:1  740 741 65536
740:2  740 741 802816
740:3  740 741 3072
743:0  743 744 802816
747:0  747 748 225792
747:1  747 748 294912
747:2  747 748 802816
747:3  747 748 197568
747:4  747 748 56448
747:11  747 748 6912
747:12  747 748 13824
750:0  750 751 802816
753:0  753 754 827904
754:0  754 755 175616
754:1  754 755 229376
754:2  754 755 802816
754:3  754 755 10752
757:0  757 758 802816
759:0  759 760 802816
763:0  763 764 802816
764:0  764 765 100352
764:1  764 765 802816
764:2  764 765 131072
764:3  764 765 37632
765:0  765 766 802816
769:0  769 770 802816
770:0  770 771 100352
770:1  770 771 940800
770:2  770 771 153600
770:3  770 771 37632
772:0  772 773 802816
773:0  773 774 100352
773:1  773 774 153600
773:2  773 774 940800
773:3  773 774 6144
781:0  781 782 37632
781:1  781 782 802816
781:2  781 782 49152
781:3  781 782 37632
782:0  782 783 802816
786:0  786 787 802816
787:0  787 788 401408
787:1  787 788 1806336
787:2  787 788 1179648
787:3  787 788 451584
787:4  787 788 100352
787:11  787 788 18816
789:0  789 790 802816
790:0  790 791 401408
790:1  790 791 1179648
790:2  790 791 1806336
790:3  790 791 451584
790:4  790 791 100352
790:11  790 791 12288
798:0  798 799 200704
798:1  798 799 802816
798:2  798 799 262144
798:3  798 799 197568
798:4  798 799 50176
798:11  798 799 18816
798:12  798 799 37632
799:0  799 800 802816
803:0  803 804 802816
804:0  804 805 200704
804:1  804 805 802816
804:2  804 805 262144
804:3  804 805 197568
804:4  804 805 50176
804:11  804 805 18816
804:12  804 805 37632
806:0  806 807 802816
807:0  807 808 100352
807:1  807 808 131072
807:2  807 808 802816
807:3  807 808 6144
813:0  813 814 802816
859:0  859 860 37632
859:1  859 860 49152
859:2  859 860 802816
859:3  859 860 2304
862:0  862 863 802816
866:0  866 867 200704
866:1  866 867 262144
866:2  866 867 802816
866:3  866 867 12288
869:0  869 870 802816
872:0  872 873 802816
873:0  873 874 200704
873:1  873 874 262144
873:2  873 874 802816
873:3  873 874 12288
876:0  876 877 802816
878:0  878 879 802816
882:0  882 883 802816
883:0  883 884 100352
883:1  883 884 802816
883:2  883 884 131072
883:3  883 884 37632
884:0  884 885 802816
888:0  888 889 802816
889:0  889 890 100352
889:1  889 890 940800
889:2  889 890 153600
889:3  889 890 37632
891:0  891 892 802816
892:0  892 893 100352
892:1  892 893 153600
892:2  892 893 940800
892:3  892 893 6144
900:0  900 901 37632
900:1  900 901 802816
900:2  900 901 49152
900:3  900 901 37632
901:0  901 902 802816
905:0  905 906 802816
906:0  906 907 351232
906:1  906 907 1580544
906:2  906 907 903168
906:3  906 907 395136
906:4  906 907 87808
906:11  906 907 18816
908:0  908 909 802816
909:0  909 910 351232
909:1  909 910 903168
909:2  909 910 1580544
909:3  909 910 395136
909:4  909 910 87808
909:11  909 910 10752
917:0  917 918 175616
917:1  917 918 802816
917:2  917 918 229376
917:3  917 918 197568
917:4  917 918 43904
917:11  917 918 18816
917:12  917 918 37632
918:0  918 919 802816
922:0  922 923 802816
923:0  923 924 250880
923:1  923 924 802816
923:2  923 924 327680
923:3  923 924 197568
923:4  923 924 62720
923:11  923 924 18816
923:12  923 924 37632
925:0  925 926 802816
926:0  926 927 100352
926:1  926 927 131072
926:2  926 927 802816
926:3  926 927 6144
932:0  932 933 802816
978:0  978 979 37632
978:1  978 979 49152
978:2  978 979 802816
978:3  978 979 2304
981:0  981 982 802816
985:0  985 986 175616
985:1  985 986 229376
985:2  985 986 802816
985:3  985 986 10752
988:0  988 989 802816
991:0  991 992 802816
992:0  992 993 250880
992:1  992 993 327680
992:2  992 993 802816
992:3  992 993 197568
992:4  992 993 62720
992:11  992 993 7680
992:12  992 993 15360
995:0  995 996 802816
997:0  997 998 802816
1001:0  1001 1002 802816
1002:0  1002 1003 100352
1002:1  1002 1003 752640
1002:2  1002 1003 122880
1002:3  1002 1003 37632
1003:0  1003 1004 802816
1007:0  1007 1008 802816
1008:0  1008 1009 75264
1008:1  1008 1009 627200
1008:2  1008 1009 76800
1008:3  1008 1009 37632
1010:0  1010 1011 802816
1011:0  1011 1012 75264
1011:1  1011 1012 76800
1011:2  1011 1012 627200
1011:3  1011 1012 4608
1019:0  1019 1020 25088
1019:1  1019 1020 752640
1019:2  1019 1020 30720
1019:3  1019 1020 37632
1020:0  1020 1021 802816
1024:0  1024 1025 802816
1025:0  1025 1026 326144
1025:1  1025 1026 1354752
1025:2  1025 1026 718848
1025:3  1025 1026 338688
1025:4  1025 1026 81536
1025:11  1025 1026 18816
1027:0  1027 1028 802816
1028:0  1028 1029 326144
1028:1  1028 1029 718848
1028:2  1028 1029 1354752
1028:3  1028 1029 338688
1028:4  1028 1029 81536
1028:11  1028 1029 9984
1036:0  1036 1037 150528
1036:1  1036 1037 752640
1036:2  1036 1037 184320
1036:3  1036 1037 188160
1036:4  1036 1037 37632
1036:11  1036 1037 18816
1037:0  1037 1038 802816
1041:0  1041 1042 802816
1042:0  1042 1043 301056
1042:1  1042 1043 752640
1042:2  1042 1043 368640
1042:3  1042 1043 188160
1042:4  1042 1043 75264
1042:11  1042 1043 18816
1044:0  1044 1045 802816
1045:0  1045 1046 100352
1045:1  1045 1046 122880
1045:2  1045 1046 752640
1045:3  1045 1046 6144
1051:0  1051 1052 752640
1097:0  1097 1098 25088
1097:1  1097 1098 30720
1097:2  1097 1098 752640
1097:3  1097 1098 1536
1100:0  1100 1101 752640
1104:0  1104 1105 150528
1104:1  1104 1105 184320
1104:2  1104 1105 752640
1104:3  1104 1105 9216
1107:0  1107 1108 752640
1110:0  1110 1111 802816
1111:0  1111 1112 301056
1111:1  1111 1112 368640
1111:2  1111 1112 752640
1111:3  1111 1112 188160
1111:4  1111 1112 75264
1111:11  1111 1112 9216
1114:0  1114 1115 752640
1162:0  1162 1163 3010560
1166:0  1166 1167 3010560
1167:0  1167 1168 401408
1167:1  1167 1168 1605632
1167:2  1167 1168 65536
1167:3  1167 1168 150528
1168:0  1168 1169 3010560
1172:0  1172 1173 3010560
1173:0  1173 1174 602112
1173:1  1173 1174 5017600
1173:2  1173 1174 307200
1173:3  1173 1174 1241856
1173:4  1173 1174 150528
1173:11  1173 1174 75264
1173:12  1173 1174 150528
1175:0  1175 1176 3010560
1176:0  1176 1177 602112
1176:1  1176 1177 307200
1176:2  1176 1177 5017600
1176:3  1176 1177 9216
1184:0  1184 1185 200704
1184:1  1184 1185 1605632
1184:2  1184 1185 32768
1184:3  1184 1185 150528
1185:0  1185 1186 3010560
1189:0  1189 1190 3010560
1190:0  1190 1191 1204224
1190:1  1190 1191 7225344
1190:2  1190 1191 884736
1190:3  1190 1191 1806336
1190:4  1190 1191 301056
1190:59  1190 1191 451584
1190:60  1190 1191 75264
1190:67  1190 1191 37632
1192:0  1192 1193 3010560
1193:0  1193 1194 1204224
1193:1  1193 1194 884736
1193:2  1193 1194 7225344
1193:3  1193 1194 1806336
1193:4  1193 1194 301056
1193:11  1193 1194 9216
1201:0  1201 1202 802816
1201:1  1201 1202 1605632
1201:2  1201 1202 131072
1201:3  1201 1202 376320
1201:4  1201 1202 200704
1201:11  1201 1202 75264
1201:12  1201 1202 150528
1202:0  1202 1203 3010560
1206:0  1206 1207 3010560
1207:0  1207 1208 802816
1207:1  1207 1208 1605632
1207:2  1207 1208 131072
1207:3  1207 1208 376320
1207:4  1207 1208 200704
1207:11  1207 1208 75264
1207:12  1207 1208 150528
1209:0  1209 1210 3010560
1210:0  1210 1211 401408
1210:1  1210 1211 65536
1210:2  1210 1211 1605632
1210:3  1210 1211 6144
1216:0  1216 1217 1605632
1262:0  1262 1263 200704
1262:1  1262 1263 32768
1262:2  1262 1263 1605632
1262:3  1262 1263 3072
1265:0  1265 1266 1605632
1269:0  1269 1270 802816
1269:1  1269 1270 131072
1269:2  1269 1270 1605632
1269:3  1269 1270 12288
1272:0  1272 1273 1605632
1275:0  1275 1276 3010560
1276:0  1276 1277 802816
1276:1  1276 1277 131072
1276:2  1276 1277 1605632
1276:3  1276 1277 12288
1279:0  1279 1280 1605632
1281:0  1281 1282 1605632
1285:0  1285 1286 1605632
1286:0  1286 1287 200704
1286:1  1286 1287 1204224
1286:2  1286 1287 24576
1286:3  1286 1287 150528
1287:0  1287 1288 1605632
1291:0  1291 1292 1605632
1292:0  1292 1293 200704
1292:1  1292 1293 2508800
1292:2  1292 1293 51200
1292:3  1292 1293 150528
1294:0  1294 1295 1605632
1295:0  1295 1296 200704
1295:1  1295 1296 51200
1295:2  1295 1296 2508800
1295:3  1295 1296 3072
1303:0  1303 1304 100352
1303:1  1303 1304 1204224
1303:2  1303 1304 12288
1303:3  1303 1304 150528
1304:0  1304 1305 1605632
1308:0  1308 1309 1605632
1309:0  1309 1310 802816
1309:1  1309 1310 5419008
1309:2  1309 1310 442368
1309:3  1309 1310 1354752
1309:4  1309 1310 200704
1309:11  1309 1310 75264
1311:0  1311 1312 1605632
1312:0  1312 1313 802816
1312:1  1312 1313 442368
1312:2  1312 1313 5419008
1312:3  1312 1313 1354752
1312:4  1312 1313 200704
1312:11  1312 1313 6144
1320:0  1320 1321 602112
1320:1  1320 1321 1204224
1320:2  1320 1321 73728
1320:3  1320 1321 301056
1320:4  1320 1321 150528
1320:11  1320 1321 75264
1321:0  1321 1322 1605632
1325:0  1325 1326 1605632
1326:0  1326 1327 401408
1326:1  1326 1327 1204224
1326:2  1326 1327 49152
1326:3  1326 1327 150528
1328:0  1328 1329 1605632
1329:0  1329 1330 200704
1329:1  1329 1330 24576
1329:2  1329 1330 1204224
1329:3  1329 1330 3072
1335:0  1335 1336 1204224
1381:0  1381 1382 100352
1381:1  1381 1382 12288
1381:2  1381 1382 1204224
1381:3  1381 1382 1536
1384:0  1384 1385 1204224
1388:0  1388 1389 602112
1388:1  1388 1389 73728
1388:2  1388 1389 1204224
1388:3  1388 1389 9216
1391:0  1391 1392 1204224
1394:0  1394 1395 1605632
1395:0  1395 1396 401408
1395:1  1395 1396 49152
1395:2  1395 1396 1204224
1395:3  1395 1396 6144
1398:0  1398 1399 1204224
1446:0  1446 1447 4816896
1450:0  1450 1451 4816896
1451:0  1451 1452 4816896
1451:1  1451 1452 14450688
1451:2  1451 1452 442368
1451:3  1451 1452 3612672
1451:4  1451 1452 1204224
1451:59  1451 1452 903168
1451:60  1451 1452 301056
1451:67  1451 1452 150528
1453:0  1453 1454 4816896
1454:0  1454 1455 4816896
1454:1  1454 1455 442368
1454:2  1454 1455 14450688
1454:3  1454 1455 3612672
1454:4  1454 1455 1204224
1454:11  1454 1455 9216
1460:0  1460 1461 6422528
1504:0  1504 1505 25690112
1508:0  1508 1509 25690112
1509:0  1509 1510 25690112
1509:1  1509 1510 59006976
1509:2  1509 1510 37632
1509:3  1509 1510 9633792
0  0 2 64
1  1 4 64
2  2 5 64
3  3 5 64
4  4 7 64
5  5 9 384
6  6 8 128
7  7 9 384
8  8 16 384
9  9 11 64
10  10 12 64
11  11 13 64
12  12 14 64
13  13 15 320
14  14 16 384
15  15 218 384
16  16 18 4816896
17  17 19 6422528
18  18 1510 59006976
19  19 21 37632
20  20 22 25690112
21  21 1491 25690112
22  22 1492 6422528
23  23 1452 14450688
24  24 26 442368
25  25 27 4816896
26  26 1433 4816896
27  27 1434 1204224
28  28 1327 1204224
29  29 31 49152
30  30 48 401408
31  31 33 73728
32  32 34 602112
33  33 35 602112
34  34 1310 5419008
35  35 37 442368
36  36 48 802816
37  37 39 12288
38  38 40 100352
39  39 41 100352
40  40 1293 2508800
41  41 43 51200
42  42 48 200704
43  43 1367 1204224
44  44 1287 1204224
45  45 47 24576
46  46 48 200704
47  47 1247 1605632
48  48 1208 1605632
49  49 51 131072
50  50 68 802816
51  51 53 131072
52  52 54 802816
53  53 55 802816
54  54 1191 7225344
55  55 57 884736
56  56 68 1204224
57  57 59 32768
58  58 60 200704
59  59 61 200704
60  60 1174 5017600
61  61 63 307200
62  62 68 602112
63  63 1248 1605632
64  64 1168 1605632
65  65 67 65536
66  66 68 401408
67  67 1149 3010560
68  68 1150 752640
69  69 1043 752640
70  70 72 368640
71  71 89 301056
72  72 74 184320
73  73 75 150528
74  74 76 150528
75  75 1026 1354752
76  76 78 718848
77  77 89 326144
78  78 80 30720
79  79 81 25088
80  80 82 25088
81  81 1009 627200
82  82 84 76800
83  83 89 75264
84  84 1083 752640
85  85 1003 752640
86  86 88 122880
87  87 89 100352
88  88 963 802816
89  89 924 802816
90  90 92 327680
91  91 109 250880
92  92 94 229376
93  93 95 175616
94  94 96 175616
95  95 907 1580544
96  96 98 903168
97  97 109 351232
98  98 100 49152
99  99 101 37632
100  100 102 37632
101  101 890 940800
102  102 104 153600
103  103 109 100352
104  104 964 802816
105  105 884 802816
106  106 108 131072
107  107 109 100352
108  108 844 802816
109  109 805 802816
110  110 112 262144
111  111 129 200704
112  112 114 262144
113  113 115 200704
114  114 116 200704
115  115 788 1806336
116  116 118 1179648
117  117 129 401408
118  118 120 49152
119  119 121 37632
120  120 122 37632
121  121 771 940800
122  122 124 153600
123  123 129 100352
124  124 845 802816
125  125 765 802816
126  126 128 131072
127  127 129 100352
128  128 725 802816
129  129 686 802816
130  130 132 229376
131  131 149 175616
132  132 134 294912
133  133 135 225792
134  134 136 225792
135  135 669 2032128
136  136 138 1492992
137  137 149 451584
138  138 140 65536
139  139 141 50176
140  140 142 50176
141  141 652 1254400
142  142 144 204800
143  143 149 100352
144  144 726 802816
145  145 646 802816
146  146 148 131072
147  147 149 100352
148  148 606 827904
149  149 567 827904
150  150 152 540672
151  151 169 401408
152  152 154 337920
153  153 155 250880
154  154 156 250880
155  155 550 2257920
156  156 158 1843200
157  157 169 501760
158  158 160 67584
159  159 161 50176
160  160 162 50176
161  161 533 1254400
162  162 164 409600
163  163 169 200704
164  164 607 827904
165  165 527 827904
166  166 168 270336
167  167 169 200704
168  168 508 1304576
169  169 509 425984
170  170 402 425984
171  171 173 851968
172  172 190 131072
173  173 175 532480
174  174 176 81920
175  175 177 81920
176  176 385 737280
177  177 179 1843200
178  178 190 163840
179  179 181 106496
180  180 182 16384
181  181 183 16384
182  182 368 409600
183  183 185 409600
184  184 190 65536
185  185 442 425984
186  186 362 425984
187  187 189 425984
188  188 190 65536
189  189 322 425984
190  190 283 425984
191  191 193 1277952
192  192 210 196608
193  193 195 638976
194  194 196 98304
195  195 197 98304
196  196 266 884736
197  197 199 2654208
198  198 210 196608
199  199 201 159744
200  200 202 24576
201  201 203 24576
202  202 249 614400
203  203 205 614400
204  204 210 65536
205  205 323 425984
206  206 243 425984
207  207 209 425984
208  208 210 65536
209  209 211 524288
210  210 212 32768
211  211 230 32768
212  212 214 40960
213  213 215 320
214  214 216 384
215  215 219 384
216  216 218 384
217  217 220 384
218  218 226 320
219  219 225 320
220  220 222 320
221  221 223 320
222  222 224 320
223  223 225 320
224  224 226 320
225  225 232 320
226  226 228 320
227  227 1511 64
228  228 230 320
229  229 1512 40960
230  230 233 40960
231  231 233 320
232  232 234 32768
233  233 235 32768
234  234 236 32768
235  235 237 25690112
236  236 351 524288
237  237 239 65536
238  238 240 8192
239  239 241 8192
240  240 1513 512
241  241 243 65536
242  242 1514 425984
243  243 245 65536
244  244 246 8192
245  245 247 8192
246  246 1515 512
247  247 249 65536
248  248 1516 614400
249  249 252 614400
250  250 252 65536
251  251 253 614400
252  252 254 614400
253  253 337 24576
254  254 256 24576
255  255 257 3072
256  256 258 3072
257  257 1517 192
258  258 260 24576
259  259 1518 159744
260  260 262 196608
261  261 263 24576
262  262 264 24576
263  263 1519 1536
264  264 266 196608
265  265 1520 2654208
266  266 269 2654208
267  267 269 196608
268  268 270 884736
269  269 271 884736
270  270 344 98304
271  271 273 98304
272  272 274 12288
273  273 275 12288
274  274 1521 768
275  275 277 98304
276  276 1522 638976
277  277 279 196608
278  278 280 24576
279  279 281 24576
280  280 1523 1536
281  281 283 196608
282  282 1524 1277952
283  283 286 425984
284  284 286 65536
285  285 287 425984
286  286 288 425984
287  287 292 425984
288  288 290 425984
289  289 291 425984
290  290 293 425984
291  291 325 425984
292  292 326 425984
293  293 295 425984
294  294 296 425984
295  295 297 425984
296  296 327 425984
297  297 299 425984
298  298 300 425984
299  299 301 425984
300  300 328 425984
301  301 303 425984
302  302 304 425984
303  303 305 425984
304  304 329 425984
305  305 307 425984
306  306 308 425984
307  307 309 425984
308  308 330 425984
309  309 311 425984
310  310 312 425984
311  311 313 425984
312  312 331 425984
313  313 315 425984
314  314 316 425984
315  315 317 425984
316  316 332 425984
317  317 319 425984
318  318 320 425984
319  319 321 425984
320  320 333 425984
321  321 323 425984
322  322 324 425984
323  323 325 425984
324  324 334 425984
325  325 335 425984
326  326 335 425984
327  327 335 425984
328  328 335 425984
329  329 335 425984
330  330 335 425984
331  331 335 425984
332  332 335 425984
333  333 335 425984
334  334 342 425984
335  335 338 159744
336  336 338 24576
337  337 339 425984
338  338 340 425984
339  339 341 425984
340  340 342 425984
341  341 349 425984
342  342 345 638976
343  343 345 98304
344  344 346 425984
345  345 347 425984
346  346 348 425984
347  347 349 425984
348  348 356 425984
349  349 352 1277952
350  350 352 196608
351  351 353 425984
352  352 354 425984
353  353 355 425984
354  354 356 425984
355  355 470 425984
356  356 358 65536
357  357 359 8192
358  358 360 8192
359  359 1525 512
360  360 362 65536
361  361 1526 425984
362  362 364 65536
363  363 365 8192
364  364 366 8192
365  365 1527 512
366  366 368 65536
367  367 1528 409600
368  368 371 409600
369  369 371 65536
370  370 372 409600
371  371 373 409600
372  372 456 16384
373  373 375 16384
374  374 376 2048
375  375 377 2048
376  376 1529 128
377  377 379 16384
378  378 1530 106496
379  379 381 163840
380  380 382 20480
381  381 383 20480
382  382 1531 1280
383  383 385 163840
384  384 1532 1843200
385  385 388 1843200
386  386 388 163840
387  387 389 737280
388  388 390 737280
389  389 463 81920
390  390 392 81920
391  391 393 10240
392  392 394 10240
393  393 1533 640
394  394 396 81920
395  395 1534 532480
396  396 398 131072
397  397 399 16384
398  398 400 16384
399  399 1535 1024
400  400 402 131072
401  401 1536 851968
402  402 405 425984
403  403 405 65536
404  404 406 425984
405  405 407 425984
406  406 411 425984
407  407 409 425984
408  408 410 425984
409  409 412 425984
410  410 444 425984
411  411 445 425984
412  412 414 425984
413  413 415 425984
414  414 416 425984
415  415 446 425984
416  416 418 425984
417  417 419 425984
418  418 420 425984
419  419 447 425984
420  420 422 425984
421  421 423 425984
422  422 424 425984
423  423 448 425984
424  424 426 425984
425  425 427 425984
426  426 428 425984
427  427 449 425984
428  428 430 425984
429  429 431 425984
430  430 432 425984
431  431 450 425984
432  432 434 425984
433  433 435 425984
434  434 436 425984
435  435 451 425984
436  436 438 425984
437  437 439 425984
438  438 440 425984
439  439 452 425984
440  440 442 425984
441  441 443 425984
442  442 444 425984
443  443 453 425984
444  444 454 425984
445  445 454 425984
446  446 454 425984
447  447 454 425984
448  448 454 425984
449  449 454 425984
450  450 454 425984
451  451 454 425984
452  452 454 425984
453  453 461 425984
454  454 457 106496
455  455 457 16384
456  456 458 425984
457  457 459 425984
458  458 460 425984
459  459 461 425984
460  460 468 425984
461  461 464 532480
462  462 464 81920
463  463 465 425984
464  464 466 425984
465  465 467 425984
466  466 468 425984
467  467 475 425984
468  468 471 851968
469  469 471 131072
470  470 472 425984
471  471 473 425984
472  472 474 425984
473  473 475 425984
474  474 511 425984
475  475 477 425984
476  476 478 425984
477  477 479 425984
478  478 512 425984
479  479 481 425984
480  480 482 425984
481  481 483 425984
482  482 513 425984
483  483 485 425984
484  484 486 425984
485  485 487 425984
486  486 514 425984
487  487 489 425984
488  488 490 425984
489  489 491 425984
490  490 515 425984
491  491 493 425984
492  492 494 425984
493  493 495 425984
494  494 516 425984
495  495 497 425984
496  496 498 425984
497  497 499 425984
498  498 517 425984
499  499 501 425984
500  500 502 425984
501  501 503 425984
502  502 518 425984
503  503 505 425984
504  504 506 425984
505  505 507 425984
506  506 519 425984
507  507 509 425984
508  508 510 425984
509  509 511 425984
510  510 520 425984
511  511 521 1304576
512  512 521 1304576
513  513 521 1304576
514  514 521 1304576
515  515 521 1304576
516  516 521 1304576
517  517 521 1304576
518  518 521 1304576
519  519 521 1304576
520  520 635 1304576
521  521 523 200704
522  522 524 25088
523  523 525 25088
524  524 1537 512
525  525 527 200704
526  526 1538 270336
527  527 529 200704
528  528 530 25088
529  529 531 25088
530  530 1539 512
531  531 533 200704
532  532 1540 409600
533  533 536 409600
534  534 536 200704
535  535 537 1254400
536  536 538 1254400
537  537 621 50176
538  538 540 50176
539  539 541 6272
540  540 542 6272
541  541 1541 128
542  542 544 50176
543  543 1542 67584
544  544 546 501760
545  545 547 62720
546  546 548 62720
547  547 1543 1280
548  548 550 501760
549  549 1544 1843200
550  550 553 1843200
551  551 553 501760
552  552 554 2257920
553  553 555 2257920
554  554 628 250880
555  555 557 250880
556  556 558 31360
557  557 559 31360
558  558 1545 640
559  559 561 250880
560  560 1546 337920
561  561 563 401408
562  562 564 50176
563  563 565 50176
564  564 1547 1024
565  565 567 401408
566  566 1548 540672
567  567 570 270336
568  568 570 200704
569  569 571 827904
570  570 572 827904
571  571 576 827904
572  572 574 827904
573  573 575 827904
574  574 577 827904
575  575 609 827904
576  576 610 827904
577  577 579 827904
578  578 580 827904
579  579 581 827904
580  580 611 827904
581  581 583 827904
582  582 584 827904
583  583 585 827904
584  584 612 827904
585  585 587 827904
586  586 588 827904
587  587 589 827904
588  588 613 827904
589  589 591 827904
590  590 592 827904
591  591 593 827904
592  592 614 827904
593  593 595 827904
594  594 596 827904
595  595 597 827904
596  596 615 827904
597  597 599 827904
598  598 600 827904
599  599 601 827904
600  600 616 827904
601  601 603 827904
602  602 604 827904
603  603 605 827904
604  604 617 827904
605  605 607 827904
606  606 608 827904
607  607 609 827904
608  608 618 827904
609  609 619 827904
610  610 619 827904
611  611 619 827904
612  612 619 827904
613  613 619 827904
614  614 619 827904
615  615 619 827904
616  616 619 827904
617  617 619 827904
618  618 626 827904
619  619 622 67584
620  620 622 50176
621  621 623 827904
622  622 624 827904
623  623 625 827904
624  624 626 827904
625  625 633 827904
626  626 629 337920
627  627 629 250880
628  628 630 827904
629  629 631 827904
630  630 632 827904
631  631 633 827904
632  632 640 827904
633  633 636 540672
634  634 636 401408
635  635 637 827904
636  636 638 827904
637  637 639 827904
638  638 640 827904
639  639 754 827904
640  640 642 100352
641  641 643 12544
642  642 644 12544
643  643 1549 256
644  644 646 100352
645  645 1550 131072
646  646 648 100352
647  647 649 12544
648  648 650 12544
649  649 1551 256
650  650 652 100352
651  651 1552 204800
652  652 655 204800
653  653 655 100352
654  654 656 1254400
655  655 657 1254400
656  656 740 50176
657  657 659 50176
658  658 660 6272
659  659 661 6272
660  660 1553 128
661  661 663 50176
662  662 1554 65536
663  663 665 451584
664  664 666 56448
665  665 667 56448
666  666 1555 1152
667  667 669 451584
668  668 1556 1492992
669  669 672 1492992
670  670 672 451584
671  671 673 2032128
672  672 674 2032128
673  673 747 225792
674  674 676 225792
675  675 677 28224
676  676 678 28224
677  677 1557 576
678  678 680 225792
679  679 1558 294912
680  680 682 175616
681  681 683 21952
682  682 684 21952
683  683 1559 448
684  684 686 175616
685  685 1560 229376
686  686 689 131072
687  687 689 100352
688  688 690 802816
689  689 691 802816
690  690 695 802816
691  691 693 802816
692  692 694 802816
693  693 696 802816
694  694 728 802816
695  695 729 802816
696  696 698 802816
697  697 699 802816
698  698 700 802816
699  699 730 802816
700  700 702 802816
701  701 703 802816
702  702 704 802816
703  703 731 802816
704  704 706 802816
705  705 707 802816
706  706 708 802816
707  707 732 802816
708  708 710 802816
709  709 711 802816
710  710 712 802816
711  711 733 802816
712  712 714 802816
713  713 715 802816
714  714 716 802816
715  715 734 802816
716  716 718 802816
717  717 719 802816
718  718 720 802816
719  719 735 802816
720  720 722 802816
721  721 723 802816
722  722 724 802816
723  723 736 802816
724  724 726 802816
725  725 727 802816
726  726 728 802816
727  727 737 802816
728  728 738 802816
729  729 738 802816
730  730 738 802816
731  731 738 802816
732  732 738 802816
733  733 738 802816
734  734 738 802816
735  735 738 802816
736  736 738 802816
737  737 745 802816
738  738 741 65536
739  739 741 50176
740  740 742 802816
741  741 743 802816
742  742 744 802816
743  743 745 802816
744  744 752 802816
745  745 748 294912
746  746 748 225792
747  747 749 802816
748  748 750 802816
749  749 751 802816
750  750 752 802816
751  751 759 802816
752  752 755 229376
753  753 755 175616
754  754 756 802816
755  755 757 802816
756  756 758 802816
757  757 759 802816
758  758 873 802816
759  759 761 100352
760  760 762 12544
761  761 763 12544
762  762 1561 256
763  763 765 100352
764  764 1562 131072
765  765 767 100352
766  766 768 12544
767  767 769 12544
768  768 1563 256
769  769 771 100352
770  770 1564 153600
771  771 774 153600
772  772 774 100352
773  773 775 940800
774  774 776 940800
775  775 859 37632
776  776 778 37632
777  777 779 4736
778  778 780 4736
779  779 1565 128
780  780 782 37632
781  781 1566 49152
782  782 784 401408
783  783 785 50176
784  784 786 50176
785  785 1567 1024
786  786 788 401408
787  787 1568 1179648
788  788 791 1179648
789  789 791 401408
790  790 792 1806336
791  791 793 1806336
792  792 866 200704
793  793 795 200704
794  794 796 25088
795  795 797 25088
796  796 1569 512
797  797 799 200704
798  798 1570 262144
799  799 801 200704
800  800 802 25088
801  801 803 25088
802  802 1571 512
803  803 805 200704
804  804 1572 262144
805  805 808 131072
806  806 808 100352
807  807 809 802816
808  808 810 802816
809  809 814 802816
810  810 812 802816
811  811 813 802816
812  812 815 802816
813  813 847 802816
814  814 848 802816
815  815 817 802816
816  816 818 802816
817  817 819 802816
818  818 849 802816
819  819 821 802816
820  820 822 802816
821  821 823 802816
822  822 850 802816
823  823 825 802816
824  824 826 802816
825  825 827 802816
826  826 851 802816
827  827 829 802816
828  828 830 802816
829  829 831 802816
830  830 852 802816
831  831 833 802816
832  832 834 802816
833  833 835 802816
834  834 853 802816
835  835 837 802816
836  836 838 802816
837  837 839 802816
838  838 854 802816
839  839 841 802816
840  840 842 802816
841  841 843 802816
842  842 855 802816
843  843 845 802816
844  844 846 802816
845  845 847 802816
846  846 856 802816
847  847 857 802816
848  848 857 802816
849  849 857 802816
850  850 857 802816
851  851 857 802816
852  852 857 802816
853  853 857 802816
854  854 857 802816
855  855 857 802816
856  856 864 802816
857  857 860 49152
858  858 860 37632
859  859 861 802816
860  860 862 802816
861  861 863 802816
862  862 864 802816
863  863 871 802816
864  864 867 262144
865  865 867 200704
866  866 868 802816
867  867 869 802816
868  868 870 802816
869  869 871 802816
870  870 878 802816
871  871 874 262144
872  872 874 200704
873  873 875 802816
874  874 876 802816
875  875 877 802816
876  876 878 802816
877  877 992 802816
878  878 880 100352
879  879 881 12544
880  880 882 12544
881  881 1573 256
882  882 884 100352
883  883 1574 131072
884  884 886 100352
885  885 887 12544
886  886 888 12544
887  887 1575 256
888  888 890 100352
889  889 1576 153600
890  890 893 153600
891  891 893 100352
892  892 894 940800
893  893 895 940800
894  894 978 37632
895  895 897 37632
896  896 898 4736
897  897 899 4736
898  898 1577 128
899  899 901 37632
900  900 1578 49152
901  901 903 351232
902  902 904 43904
903  903 905 43904
904  904 1579 896
905  905 907 351232
906  906 1580 903168
907  907 910 903168
908  908 910 351232
909  909 911 1580544
910  910 912 1580544
911  911 985 175616
912  912 914 175616
913  913 915 21952
914  914 916 21952
915  915 1581 448
916  916 918 175616
917  917 1582 229376
918  918 920 250880
919  919 921 31360
920  920 922 31360
921  921 1583 640
922  922 924 250880
923  923 1584 327680
924  924 927 131072
925  925 927 100352
926  926 928 802816
927  927 929 802816
928  928 933 802816
929  929 931 802816
930  930 932 802816
931  931 934 802816
932  932 966 802816
933  933 967 802816
934  934 936 802816
935  935 937 802816
936  936 938 802816
937  937 968 802816
938  938 940 802816
939  939 941 802816
940  940 942 802816
941  941 969 802816
942  942 944 802816
943  943 945 802816
944  944 946 802816
945  945 970 802816
946  946 948 802816
947  947 949 802816
948  948 950 802816
949  949 971 802816
950  950 952 802816
951  951 953 802816
952  952 954 802816
953  953 972 802816
954  954 956 802816
955  955 957 802816
956  956 958 802816
957  957 973 802816
958  958 960 802816
959  959 961 802816
960  960 962 802816
961  961 974 802816
962  962 964 802816
963  963 965 802816
964  964 966 802816
965  965 975 802816
966  966 976 802816
967  967 976 802816
968  968 976 802816
969  969 976 802816
970  970 976 802816
971  971 976 802816
972  972 976 802816
973  973 976 802816
974  974 976 802816
975  975 983 802816
976  976 979 49152
977  977 979 37632
978  978 980 802816
979  979 981 802816
980  980 982 802816
981  981 983 802816
982  982 990 802816
983  983 986 229376
984  984 986 175616
985  985 987 802816
986  986 988 802816
987  987 989 802816
988  988 990 802816
989  989 997 802816
990  990 993 327680
991  991 993 250880
992  992 994 802816
993  993 995 802816
994  994 996 802816
995  995 997 802816
996  996 1111 802816
997  997 999 100352
998  998 1000 12544
999  999 1001 12544
1000  1000 1585 256
1001  1001 1003 100352
1002  1002 1586 122880
1003  1003 1005 75264
1004  1004 1006 9408
1005  1005 1007 9408
1006  1006 1587 192
1007  1007 1009 75264
1008  1008 1588 76800
1009  1009 1012 76800
1010  1010 1012 75264
1011  1011 1013 627200
1012  1012 1014 627200
1013  1013 1097 25088
1014  1014 1016 25088
1015  1015 1017 3136
1016  1016 1018 3136
1017  1017 1589 64
1018  1018 1020 25088
1019  1019 1590 30720
1020  1020 1022 326144
1021  1021 1023 40768
1022  1022 1024 40768
1023  1023 1591 832
1024  1024 1026 326144
1025  1025 1592 718848
1026  1026 1029 718848
1027  1027 1029 326144
1028  1028 1030 1354752
1029  1029 1031 1354752
1030  1030 1104 150528
1031  1031 1033 150528
1032  1032 1034 18816
1033  1033 1035 18816
1034  1034 1593 384
1035  1035 1037 150528
1036  1036 1594 184320
1037  1037 1039 301056
1038  1038 1040 37632
1039  1039 1041 37632
1040  1040 1595 768
1041  1041 1043 301056
1042  1042 1596 368640
1043  1043 1046 122880
1044  1044 1046 100352
1045  1045 1047 752640
1046  1046 1048 752640
1047  1047 1052 752640
1048  1048 1050 752640
1049  1049 1051 752640
1050  1050 1053 752640
1051  1051 1085 752640
1052  1052 1086 752640
1053  1053 1055 752640
1054  1054 1056 752640
1055  1055 1057 752640
1056  1056 1087 752640
1057  1057 1059 752640
1058  1058 1060 752640
1059  1059 1061 752640
1060  1060 1088 752640
1061  1061 1063 752640
1062  1062 1064 752640
1063  1063 1065 752640
1064  1064 1089 752640
1065  1065 1067 752640
1066  1066 1068 752640
1067  1067 1069 752640
1068  1068 1090 752640
1069  1069 1071 752640
1070  1070 1072 752640
1071  1071 1073 752640
1072  1072 1091 752640
1073  1073 1075 752640
1074  1074 1076 752640
1075  1075 1077 752640
1076  1076 1092 752640
1077  1077 1079 752640
1078  1078 1080 752640
1079  1079 1081 752640
1080  1080 1093 752640
1081  1081 1083 752640
1082  1082 1084 752640
1083  1083 1085 752640
1084  1084 1094 752640
1085  1085 1095 752640
1086  1086 1095 752640
1087  1087 1095 752640
1088  1088 1095 752640
1089  1089 1095 752640
1090  1090 1095 752640
1091  1091 1095 752640
1092  1092 1095 752640
1093  1093 1095 752640
1094  1094 1102 752640
1095  1095 1098 30720
1096  1096 1098 25088
1097  1097 1099 752640
1098  1098 1100 752640
1099  1099 1101 752640
1100  1100 1102 752640
1101  1101 1109 752640
1102  1102 1105 184320
1103  1103 1105 150528
1104  1104 1106 752640
1105  1105 1107 752640
1106  1106 1108 752640
1107  1107 1109 752640
1108  1108 1116 752640
1109  1109 1112 368640
1110  1110 1112 301056
1111  1111 1113 752640
1112  1112 1114 752640
1113  1113 1115 752640
1114  1114 1116 752640
1115  1115 1152 752640
1116  1116 1118 752640
1117  1117 1119 752640
1118  1118 1120 752640
1119  1119 1153 752640
1120  1120 1122 752640
1121  1121 1123 752640
1122  1122 1124 752640
1123  1123 1154 752640
1124  1124 1126 752640
1125  1125 1127 752640
1126  1126 1128 752640
1127  1127 1155 752640
1128  1128 1130 752640
1129  1129 1131 752640
1130  1130 1132 752640
1131  1131 1156 752640
1132  1132 1134 752640
1133  1133 1135 752640
1134  1134 1136 752640
1135  1135 1157 752640
1136  1136 1138 752640
1137  1137 1139 752640
1138  1138 1140 752640
1139  1139 1158 752640
1140  1140 1142 752640
1141  1141 1143 752640
1142  1142 1144 752640
1143  1143 1159 752640
1144  1144 1146 752640
1145  1145 1147 752640
1146  1146 1148 752640
1147  1147 1160 752640
1148  1148 1150 752640
1149  1149 1151 752640
1150  1150 1152 752640
1151  1151 1161 752640
1152  1152 1162 3010560
1153  1153 1162 3010560
1154  1154 1162 3010560
1155  1155 1162 3010560
1156  1156 1162 3010560
1157  1157 1162 3010560
1158  1158 1162 3010560
1159  1159 1162 3010560
1160  1160 1162 3010560
1161  1161 1276 3010560
1162  1162 1164 401408
1163  1163 1165 50176
1164  1164 1166 50176
1165  1165 1597 256
1166  1166 1168 401408
1167  1167 1598 65536
1168  1168 1170 602112
1169  1169 1171 75264
1170  1170 1172 75264
1171  1171 1599 384
1172  1172 1174 602112
1173  1173 1600 307200
1174  1174 1177 307200
1175  1175 1177 602112
1176  1176 1178 5017600
1177  1177 1179 5017600
1178  1178 1262 200704
1179  1179 1181 200704
1180  1180 1182 25088
1181  1181 1183 25088
1182  1182 1601 128
1183  1183 1185 200704
1184  1184 1602 32768
1185  1185 1187 1204224
1186  1186 1188 150528
1187  1187 1189 150528
1188  1188 1603 768
1189  1189 1191 1204224
1190  1190 1604 884736
1191  1191 1194 884736
1192  1192 1194 1204224
1193  1193 1195 7225344
1194  1194 1196 7225344
1195  1195 1269 802816
1196  1196 1198 802816
1197  1197 1199 100352
1198  1198 1200 100352
1199  1199 1605 512
1200  1200 1202 802816
1201  1201 1606 131072
1202  1202 1204 802816
1203  1203 1205 100352
1204  1204 1206 100352
1205  1205 1607 512
1206  1206 1208 802816
1207  1207 1608 131072
1208  1208 1211 65536
1209  1209 1211 401408
1210  1210 1212 1605632
1211  1211 1213 1605632
1212  1212 1217 1605632
1213  1213 1215 1605632
1214  1214 1216 1605632
1215  1215 1218 1605632
1216  1216 1250 1605632
1217  1217 1251 1605632
1218  1218 1220 1605632
1219  1219 1221 1605632
1220  1220 1222 1605632
1221  1221 1252 1605632
1222  1222 1224 1605632
1223  1223 1225 1605632
1224  1224 1226 1605632
1225  1225 1253 1605632
1226  1226 1228 1605632
1227  1227 1229 1605632
1228  1228 1230 1605632
1229  1229 1254 1605632
1230  1230 1232 1605632
1231  1231 1233 1605632
1232  1232 1234 1605632
1233  1233 1255 1605632
1234  1234 1236 1605632
1235  1235 1237 1605632
1236  1236 1238 1605632
1237  1237 1256 1605632
1238  1238 1240 1605632
1239  1239 1241 1605632
1240  1240 1242 1605632
1241  1241 1257 1605632
1242  1242 1244 1605632
1243  1243 1245 1605632
1244  1244 1246 1605632
1245  1245 1258 1605632
1246  1246 1248 1605632
1247  1247 1249 1605632
1248  1248 1250 1605632
1249  1249 1259 1605632
1250  1250 1260 1605632
1251  1251 1260 1605632
1252  1252 1260 1605632
1253  1253 1260 1605632
1254  1254 1260 1605632
1255  1255 1260 1605632
1256  1256 1260 1605632
1257  1257 1260 1605632
1258  1258 1260 1605632
1259  1259 1267 1605632
1260  1260 1263 32768
1261  1261 1263 200704
1262  1262 1264 1605632
1263  1263 1265 1605632
1264  1264 1266 1605632
1265  1265 1267 1605632
1266  1266 1274 1605632
1267  1267 1270 131072
1268  1268 1270 802816
1269  1269 1271 1605632
1270  1270 1272 1605632
1271  1271 1273 1605632
1272  1272 1274 1605632
1273  1273 1281 1605632
1274  1274 1277 131072
1275  1275 1277 802816
1276  1276 1278 1605632
1277  1277 1279 1605632
1278  1278 1280 1605632
1279  1279 1281 1605632
1280  1280 1395 1605632
1281  1281 1283 200704
1282  1282 1284 25088
1283  1283 1285 25088
1284  1284 1609 128
1285  1285 1287 200704
1286  1286 1610 24576
1287  1287 1289 200704
1288  1288 1290 25088
1289  1289 1291 25088
1290  1290 1611 128
1291  1291 1293 200704
1292  1292 1612 51200
1293  1293 1296 51200
1294  1294 1296 200704
1295  1295 1297 2508800
1296  1296 1298 2508800
1297  1297 1381 100352
1298  1298 1300 100352
1299  1299 1301 12544
1300  1300 1302 12544
1301  1301 1613 64
1302  1302 1304 100352
1303  1303 1614 12288
1304  1304 1306 802816
1305  1305 1307 100352
1306  1306 1308 100352
1307  1307 1615 512
1308  1308 1310 802816
1309  1309 1616 442368
1310  1310 1313 442368
1311  1311 1313 802816
1312  1312 1314 5419008
1313  1313 1315 5419008
1314  1314 1388 602112
1315  1315 1317 602112
1316  1316 1318 75264
1317  1317 1319 75264
1318  1318 1617 384
1319  1319 1321 602112
1320  1320 1618 73728
1321  1321 1323 401408
1322  1322 1324 50176
1323  1323 1325 50176
1324  1324 1619 256
1325  1325 1327 401408
1326  1326 1620 49152
1327  1327 1330 24576
1328  1328 1330 200704
1329  1329 1331 1204224
1330  1330 1332 1204224
1331  1331 1336 1204224
1332  1332 1334 1204224
1333  1333 1335 1204224
1334  1334 1337 1204224
1335  1335 1369 1204224
1336  1336 1370 1204224
1337  1337 1339 1204224
1338  1338 1340 1204224
1339  1339 1341 1204224
1340  1340 1371 1204224
1341  1341 1343 1204224
1342  1342 1344 1204224
1343  1343 1345 1204224
1344  1344 1372 1204224
1345  1345 1347 1204224
1346  1346 1348 1204224
1347  1347 1349 1204224
1348  1348 1373 1204224
1349  1349 1351 1204224
1350  1350 1352 1204224
1351  1351 1353 1204224
1352  1352 1374 1204224
1353  1353 1355 1204224
1354  1354 1356 1204224
1355  1355 1357 1204224
1356  1356 1375 1204224
1357  1357 1359 1204224
1358  1358 1360 1204224
1359  1359 1361 1204224
1360  1360 1376 1204224
1361  1361 1363 1204224
1362  1362 1364 1204224
1363  1363 1365 1204224
1364  1364 1377 1204224
1365  1365 1367 1204224
1366  1366 1368 1204224
1367  1367 1369 1204224
1368  1368 1378 1204224
1369  1369 1379 1204224
1370  1370 1379 1204224
1371  1371 1379 1204224
1372  1372 1379 1204224
1373  1373 1379 1204224
1374  1374 1379 1204224
1375  1375 1379 1204224
1376  1376 1379 1204224
1377  1377 1379 1204224
1378  1378 1386 1204224
1379  1379 1382 12288
1380  1380 1382 100352
1381  1381 1383 1204224
1382  1382 1384 1204224
1383  1383 1385 1204224
1384  1384 1386 1204224
1385  1385 1393 1204224
1386  1386 1389 73728
1387  1387 1389 602112
1388  1388 1390 1204224
1389  1389 1391 1204224
1390  1390 1392 1204224
1391  1391 1393 1204224
1392  1392 1400 1204224
1393  1393 1396 49152
1394  1394 1396 401408
1395  1395 1397 1204224
1396  1396 1398 1204224
1397  1397 1399 1204224
1398  1398 1400 1204224
1399  1399 1436 1204224
1400  1400 1402 1204224
1401  1401 1403 1204224
1402  1402 1404 1204224
1403  1403 1437 1204224
1404  1404 1406 1204224
1405  1405 1407 1204224
1406  1406 1408 1204224
1407  1407 1438 1204224
1408  1408 1410 1204224
1409  1409 1411 1204224
1410  1410 1412 1204224
1411  1411 1439 1204224
1412  1412 1414 1204224
1413  1413 1415 1204224
1414  1414 1416 1204224
1415  1415 1440 1204224
1416  1416 1418 1204224
1417  1417 1419 1204224
1418  1418 1420 1204224
1419  1419 1441 1204224
1420  1420 1422 1204224
1421  1421 1423 1204224
1422  1422 1424 1204224
1423  1423 1442 1204224
1424  1424 1426 1204224
1425  1425 1427 1204224
1426  1426 1428 1204224
1427  1427 1443 1204224
1428  1428 1430 1204224
1429  1429 1431 1204224
1430  1430 1432 1204224
1431  1431 1444 1204224
1432  1432 1434 1204224
1433  1433 1435 1204224
1434  1434 1436 1204224
1435  1435 1445 1204224
1436  1436 1446 4816896
1437  1437 1446 4816896
1438  1438 1446 4816896
1439  1439 1446 4816896
1440  1440 1446 4816896
1441  1441 1446 4816896
1442  1442 1446 4816896
1443  1443 1446 4816896
1444  1444 1446 4816896
1445  1445 1454 4816896
1446  1446 1448 4816896
1447  1447 1449 602112
1448  1448 1450 602112
1449  1449 1621 768
1450  1450 1452 4816896
1451  1451 1622 442368
1452  1452 1455 442368
1453  1453 1455 4816896
1454  1454 1456 14450688
1455  1455 1457 57802752
1456  1456 1461 6422528
1457  1457 1459 6422528
1458  1458 1460 6422528
1459  1459 1462 6422528
1460  1460 1494 6422528
1461  1461 1495 6422528
1462  1462 1464 6422528
1463  1463 1465 6422528
1464  1464 1466 6422528
1465  1465 1496 6422528
1466  1466 1468 6422528
1467  1467 1469 6422528
1468  1468 1470 6422528
1469  1469 1497 6422528
1470  1470 1472 6422528
1471  1471 1473 6422528
1472  1472 1474 6422528
1473  1473 1498 6422528
1474  1474 1476 6422528
1475  1475 1477 6422528
1476  1476 1478 6422528
1477  1477 1499 6422528
1478  1478 1480 6422528
1479  1479 1481 6422528
1480  1480 1482 6422528
1481  1481 1500 6422528
1482  1482 1484 6422528
1483  1483 1485 6422528
1484  1484 1486 6422528
1485  1485 1501 6422528
1486  1486 1488 6422528
1487  1487 1489 6422528
1488  1488 1490 6422528
1489  1489 1502 6422528
1490  1490 1492 6422528
1491  1491 1493 6422528
1492  1492 1494 6422528
1493  1493 1503 6422528
1494  1494 1504 25690112
1495  1495 1504 25690112
1496  1496 1504 25690112
1497  1497 1504 25690112
1498  1498 1504 25690112
1499  1499 1504 25690112
1500  1500 1504 25690112
1501  1501 1504 25690112
1502  1502 1504 25690112
1503  1503 1509 25690112
1504  1504 1506 25690112
1505  1505 1507 3211264
1506  1506 1508 3211264
1507  1507 1623 256
1508  1508 1510 25690112
1509  1509 1624 37632
1510  1510 1624 64
1511  1511 1624 40960
1512  1512 1624 512
1513  1513 1624 425984
1514  1514 1624 512
1515  1515 1624 614400
1516  1516 1624 192
1517  1517 1624 159744
1518  1518 1624 1536
1519  1519 1624 2654208
1520  1520 1624 768
1521  1521 1624 638976
1522  1522 1624 1536
1523  1523 1624 1277952
1524  1524 1624 512
1525  1525 1624 425984
1526  1526 1624 512
1527  1527 1624 409600
1528  1528 1624 128
1529  1529 1624 106496
1530  1530 1624 1280
1531  1531 1624 1843200
1532  1532 1624 640
1533  1533 1624 532480
1534  1534 1624 1024
1535  1535 1624 851968
1536  1536 1624 512
1537  1537 1624 270336
1538  1538 1624 512
1539  1539 1624 409600
1540  1540 1624 128
1541  1541 1624 67584
1542  1542 1624 1280
1543  1543 1624 1843200
1544  1544 1624 640
1545  1545 1624 337920
1546  1546 1624 1024
1547  1547 1624 540672
1548  1548 1624 256
1549  1549 1624 131072
1550  1550 1624 256
1551  1551 1624 204800
1552  1552 1624 128
1553  1553 1624 65536
1554  1554 1624 1152
1555  1555 1624 1492992
1556  1556 1624 576
1557  1557 1624 294912
1558  1558 1624 448
1559  1559 1624 229376
1560  1560 1624 256
1561  1561 1624 131072
1562  1562 1624 256
1563  1563 1624 153600
1564  1564 1624 128
1565  1565 1624 49152
1566  1566 1624 1024
1567  1567 1624 1179648
1568  1568 1624 512
1569  1569 1624 262144
1570  1570 1624 512
1571  1571 1624 262144
1572  1572 1624 256
1573  1573 1624 131072
1574  1574 1624 256
1575  1575 1624 153600
1576  1576 1624 128
1577  1577 1624 49152
1578  1578 1624 896
1579  1579 1624 903168
1580  1580 1624 448
1581  1581 1624 229376
1582  1582 1624 640
1583  1583 1624 327680
1584  1584 1624 256
1585  1585 1624 122880
1586  1586 1624 192
1587  1587 1624 76800
1588  1588 1624 64
1589  1589 1624 30720
1590  1590 1624 832
1591  1591 1624 718848
1592  1592 1624 384
1593  1593 1624 184320
1594  1594 1624 768
1595  1595 1624 368640
1596  1596 1624 256
1597  1597 1624 65536
1598  1598 1624 384
1599  1599 1624 307200
1600  1600 1624 128
1601  1601 1624 32768
1602  1602 1624 768
1603  1603 1624 884736
1604  1604 1624 512
1605  1605 1624 131072
1606  1606 1624 512
1607  1607 1624 131072
1608  1608 1624 128
1609  1609 1624 24576
1610  1610 1624 128
1611  1611 1624 51200
1612  1612 1624 64
1613  1613 1624 12288
1614  1614 1624 512
1615  1615 1624 442368
1616  1616 1624 384
1617  1617 1624 73728
1618  1618 1624 256
1619  1619 1624 49152
1620  1620 1624 768
1621  1621 1624 442368
1622  1622 1624 256
1623  1623 1624 37632
