7:0  7 8 256
7:1  7 8 64
18:0  18 19 3010560
20:0  20 21 37632
20:1  20 21 37130240
20:2  20 21 16056320
20:3  20 21 14144
21:0  21 22 16056320
23:0  23 24 4014080
25:0  25 26 442368
25:1  25 26 9031680
25:2  25 26 3010560
25:3  25 26 2253312
25:4  25 26 110592
25:65  25 26 559872
25:66  25 26 27648
25:73  25 26 13824
25:74  25 26 27648
25:75  25 26 55296
26:0  26 27 3010560
28:0  28 29 752640
30:0  30 31 49152
30:1  30 31 752640
30:2  30 31 250880
30:3  30 31 18432
32:0  32 33 73728
32:1  32 33 752640
32:2  32 33 376320
32:3  32 33 18432
33:0  33 34 376320
34:0  34 35 376320
36:0  36 37 442368
36:1  36 37 3386880
36:2  36 37 501760
36:3  36 37 829440
36:4  36 37 110592
36:11  36 37 41472
36:12  36 37 82944
38:0  38 39 12288
38:1  38 39 752640
38:2  38 39 62720
38:3  38 39 18432
39:0  39 40 62720
40:0  40 41 62720
42:0  42 43 51200
42:1  42 43 1568000
42:2  42 43 125440
42:3  42 43 38400
44:0  44 45 752640
46:0  46 47 24576
46:1  46 47 752640
46:2  46 47 125440
46:3  46 47 18432
47:0  47 48 1003520
48:0  48 49 1003520
50:0  50 51 131072
50:1  50 51 1003520
50:2  50 51 501760
50:3  50 51 245760
50:4  50 51 32768
50:11  50 51 12288
50:12  50 51 24576
52:0  52 53 131072
52:1  52 53 1003520
52:2  52 53 501760
52:3  52 53 245760
52:4  52 53 32768
52:11  52 53 12288
52:12  52 53 24576
53:0  53 54 501760
54:0  54 55 501760
56:0  56 57 884736
56:1  56 57 4515840
56:2  56 57 752640
56:3  56 57 1105920
56:4  56 57 221184
56:59  56 57 276480
56:60  56 57 55296
56:67  56 57 27648
56:68  56 57 110592
58:0  58 59 32768
58:1  58 59 1003520
58:2  58 59 125440
58:3  58 59 24576
59:0  59 60 125440
60:0  60 61 125440
62:0  62 63 307200
62:1  62 63 3136000
62:2  62 63 376320
62:3  62 63 768000
62:4  62 63 76800
62:11  62 63 38400
62:12  62 63 76800
64:0  64 65 1003520
66:0  66 67 65536
66:1  66 67 1003520
66:2  66 67 250880
66:3  66 67 24576
67:0  67 68 1881600
69:0  69 70 470400
71:0  71 72 368640
71:1  71 72 470400
71:2  71 72 188160
71:3  71 72 115200
71:4  71 72 92160
71:11  71 72 23040
71:12  71 72 46080
73:0  73 74 184320
73:1  73 74 470400
73:2  73 74 94080
73:3  73 74 46080
74:0  74 75 94080
75:0  75 76 94080
77:0  77 78 718848
77:1  77 78 846720
77:2  77 78 203840
77:3  77 78 207360
77:4  77 78 179712
77:11  77 78 41472
77:12  77 78 82944
79:0  79 80 30720
79:1  79 80 470400
79:2  79 80 15680
79:3  79 80 46080
80:0  80 81 15680
81:0  81 82 15680
83:0  83 84 76800
83:1  83 84 392000
83:2  83 84 47040
83:3  83 84 38400
85:0  85 86 470400
87:0  87 88 122880
87:1  87 88 470400
87:2  87 88 62720
87:3  87 88 46080
88:0  88 89 501760
89:0  89 90 501760
91:0  91 92 327680
91:1  91 92 501760
91:2  91 92 156800
91:3  91 92 122880
91:4  91 92 81920
91:11  91 92 24576
91:12  91 92 49152
93:0  93 94 229376
93:1  93 94 501760
93:2  93 94 109760
93:3  93 94 122880
93:4  93 94 57344
93:11  93 94 24576
93:12  93 94 49152
94:0  94 95 109760
95:0  95 96 109760
97:0  97 98 903168
97:1  97 98 987840
97:2  97 98 219520
97:3  97 98 241920
97:4  97 98 225792
97:11  97 98 48384
97:12  97 98 96768
99:0  99 100 49152
99:1  99 100 501760
99:2  99 100 23552
99:3  99 100 49152
100:0  100 101 23552
101:0  101 102 23552
103:0  103 104 153600
103:1  103 104 588032
103:2  103 104 62720
103:3  103 104 57600
105:0  105 106 501760
107:0  107 108 131072
107:1  107 108 501760
107:2  107 108 62720
107:3  107 108 49152
108:0  108 109 501760
109:0  109 110 501760
111:0  111 112 262144
111:1  111 112 501760
111:2  111 112 125440
111:3  111 112 122880
111:4  111 112 65536
111:11  111 112 24576
111:12  111 112 49152
113:0  113 114 262144
113:1  113 114 501760
113:2  113 114 125440
113:3  113 114 122880
113:4  113 114 65536
113:11  113 114 24576
113:12  113 114 49152
114:0  114 115 125440
115:0  115 116 125440
117:0  117 118 1179648
117:1  117 118 1128960
117:2  117 118 250880
117:3  117 118 276480
117:4  117 118 294912
117:11  117 118 55296
117:12  117 118 110592
119:0  119 120 49152
119:1  119 120 501760
119:2  119 120 23552
119:3  119 120 49152
120:0  120 121 23552
121:0  121 122 23552
123:0  123 124 153600
123:1  123 124 588032
123:2  123 124 62720
123:3  123 124 57600
125:0  125 126 501760
127:0  127 128 131072
127:1  127 128 501760
127:2  127 128 62720
127:3  127 128 49152
128:0  128 129 501760
129:0  129 130 501760
131:0  131 132 229376
131:1  131 132 501760
131:2  131 132 109760
131:3  131 132 122880
131:4  131 132 57344
131:11  131 132 24576
131:12  131 132 49152
133:0  133 134 294912
133:1  133 134 501760
133:2  133 134 141120
133:3  133 134 122880
133:4  133 134 73728
133:11  133 134 24576
133:12  133 134 49152
134:0  134 135 141120
135:0  135 136 141120
137:0  137 138 1492992
137:1  137 138 1270080
137:2  137 138 282240
137:3  137 138 311040
137:4  137 138 373248
137:11  137 138 62208
137:12  137 138 124416
139:0  139 140 65536
139:1  139 140 501760
139:2  139 140 31360
139:3  139 140 49152
140:0  140 141 31360
141:0  141 142 31360
143:0  143 144 204800
143:1  143 144 784000
143:2  143 144 62720
143:3  143 144 76800
145:0  145 146 501760
147:0  147 148 131072
147:1  147 148 501760
147:2  147 148 62720
147:3  147 148 49152
148:0  148 149 517440
149:0  149 150 517440
151:0  151 152 540672
151:1  151 152 517440
151:2  151 152 250880
151:3  151 152 126720
151:4  151 152 135168
151:11  151 152 25344
151:12  151 152 50688
153:0  153 154 337920
153:1  153 154 517440
153:2  153 154 156800
153:3  153 154 126720
153:4  153 154 84480
153:11  153 154 25344
153:12  153 154 50688
154:0  154 155 156800
155:0  155 156 156800
157:0  157 158 1843200
157:1  157 158 1411200
157:2  157 158 313600
157:3  157 158 345600
157:4  157 158 460800
157:11  157 158 69120
157:12  157 158 138240
159:0  159 160 67584
159:1  159 160 517440
159:2  159 160 31360
159:3  159 160 50688
160:0  160 161 31360
161:0  161 162 31360
163:0  163 164 409600
163:1  163 164 784000
163:2  163 164 125440
163:3  163 164 192000
163:4  163 164 102400
163:11  163 164 38400
163:12  163 164 76800
165:0  165 166 517440
167:0  167 168 270336
167:1  167 168 517440
167:2  167 168 125440
167:3  167 168 126720
167:4  167 168 67584
167:11  167 168 25344
167:12  167 168 50688
168:0  168 169 815360
170:0  170 171 266240
172:0  172 173 851968
172:1  172 173 266240
172:2  172 173 81920
172:3  172 173 79872
174:0  174 175 532480
174:1  174 175 266240
174:2  174 175 51200
174:3  174 175 79872
175:0  175 176 51200
176:0  176 177 51200
178:0  178 179 1843200
178:1  178 179 460800
178:2  178 179 102400
178:3  178 179 138240
180:0  180 181 106496
180:1  180 181 266240
180:2  180 181 10240
180:3  180 181 79872
181:0  181 182 10240
182:0  182 183 10240
184:0  184 185 409600
184:1  184 185 256000
184:2  184 185 40960
184:3  184 185 76800
186:0  186 187 266240
188:0  188 189 425984
188:1  188 189 266240
188:2  188 189 40960
188:3  188 189 79872
189:0  189 190 266240
190:0  190 191 266240
192:0  192 193 1277952
192:1  192 193 266240
192:2  192 193 122880
192:3  192 193 79872
194:0  194 195 638976
194:1  194 195 266240
194:2  194 195 61440
194:3  194 195 79872
195:0  195 196 61440
196:0  196 197 61440
198:0  198 199 2654208
198:1  198 199 552960
198:2  198 199 122880
198:3  198 199 165888
200:0  200 201 159744
200:1  200 201 266240
200:2  200 201 15360
200:3  200 201 79872
201:0  201 202 15360
202:0  202 203 15360
204:0  204 205 614400
204:1  204 205 384000
204:2  204 205 40960
204:3  204 205 115200
206:0  206 207 266240
208:0  208 209 425984
208:1  208 209 266240
208:2  208 209 40960
208:3  208 209 79872
209:0  209 210 327680
211:0  211 212 20480
213:0  213 214 49152
213:1  213 214 20480
213:2  213 214 256
213:3  213 1624 64
213:4  213 214 98304
215:0  215 216 256
229:0  229 230 256
229:1  229 230 32768
229:2  229 230 49152
229:3  229 230 512
232:0  232 233 320
232:1  232 233 49152
232:2  232 233 32768
232:3  232 233 960
242:0  242 243 40960
242:1  242 243 266240
242:2  242 243 425984
242:3  242 243 7680
248:0  248 249 40960
248:1  248 249 384000
248:2  248 249 614400
248:3  248 249 7680
251:0  251 252 40960
251:1  251 252 614400
251:2  251 252 384000
251:3  251 252 12288
259:0  259 260 15360
259:1  259 260 266240
259:2  259 260 159744
259:3  259 260 7680
265:0  265 266 122880
265:1  265 266 552960
265:2  265 266 2654208
265:3  265 266 7680
268:0  268 269 122880
268:1  268 269 2654208
268:2  268 269 552960
268:3  268 269 663552
268:4  268 269 30720
268:11  268 269 18432
276:0  276 277 61440
276:1  276 277 266240
276:2  276 277 638976
276:3  276 277 7680
282:0  282 283 122880
282:1  282 283 266240
282:2  282 283 1277952
282:3  282 283 7680
285:0  285 286 40960
285:1  285 286 425984
285:2  285 286 266240
285:3  285 286 12288
291:0  291 292 266240
337:0  337 338 15360
337:1  337 338 159744
337:2  337 338 266240
337:3  337 338 4608
340:0  340 341 266240
344:0  344 345 61440
344:1  344 345 638976
344:2  344 345 266240
344:3  344 345 18432
347:0  347 348 266240
351:0  351 352 122880
351:1  351 352 1277952
351:2  351 352 266240
351:3  351 352 313344
351:4  351 352 30720
351:11  351 352 18432
351:12  351 352 36864
354:0  354 355 266240
356:0  356 357 266240
360:0  360 361 266240
361:0  361 362 40960
361:1  361 362 266240
361:2  361 362 425984
361:3  361 362 7680
362:0  362 363 266240
366:0  366 367 266240
367:0  367 368 40960
367:1  367 368 256000
367:2  367 368 409600
367:3  367 368 7680
369:0  369 370 266240
370:0  370 371 40960
370:1  370 371 409600
370:2  370 371 256000
370:3  370 371 12288
378:0  378 379 10240
378:1  378 379 266240
378:2  378 379 106496
378:3  378 379 7680
379:0  379 380 266240
383:0  383 384 266240
384:0  384 385 102400
384:1  384 385 460800
384:2  384 385 1843200
384:3  384 385 7680
386:0  386 387 266240
387:0  387 388 102400
387:1  387 388 1843200
387:2  387 388 460800
387:3  387 388 460800
387:4  387 388 25600
387:11  387 388 15360
395:0  395 396 51200
395:1  395 396 266240
395:2  395 396 532480
395:3  395 396 7680
396:0  396 397 266240
400:0  400 401 266240
401:0  401 402 81920
401:1  401 402 266240
401:2  401 402 851968
401:3  401 402 7680
403:0  403 404 266240
404:0  404 405 40960
404:1  404 405 425984
404:2  404 405 266240
404:3  404 405 12288
410:0  410 411 266240
456:0  456 457 10240
456:1  456 457 106496
456:2  456 457 266240
456:3  456 457 3072
459:0  459 460 266240
463:0  463 464 51200
463:1  463 464 532480
463:2  463 464 266240
463:3  463 464 15360
466:0  466 467 266240
469:0  469 470 266240
470:0  470 471 81920
470:1  470 471 851968
470:2  470 471 266240
470:3  470 471 24576
473:0  473 474 266240
521:0  521 522 815360
525:0  525 526 815360
526:0  526 527 125440
526:1  526 527 523776
526:2  526 527 270336
526:3  526 527 23552
527:0  527 528 815360
531:0  531 532 815360
532:0  532 533 125440
532:1  532 533 793600
532:2  532 533 409600
532:3  532 533 23552
534:0  534 535 815360
535:0  535 536 126976
535:1  535 536 409600
535:2  535 536 793600
535:3  535 536 12288
543:0  543 544 31360
543:1  543 544 523776
543:2  543 544 67584
543:3  543 544 23552
544:0  544 545 815360
548:0  548 549 815360
549:0  549 550 313600
549:1  549 550 1428480
549:2  549 550 1843200
549:3  549 550 23552
551:0  551 552 815360
552:0  552 553 317440
552:1  552 553 1843200
552:2  552 553 1428480
552:3  552 553 460800
552:4  552 553 79360
552:11  552 553 15360
560:0  560 561 156800
560:1  560 561 523776
560:2  560 561 337920
560:3  560 561 23552
561:0  561 562 815360
565:0  565 566 815360
566:0  566 567 250880
566:1  566 567 523776
566:2  566 567 540672
566:3  566 567 23552
568:0  568 569 815360
569:0  569 570 126976
569:1  569 570 270336
569:2  569 570 523776
569:3  569 570 12288
575:0  575 576 517440
621:0  621 622 31744
621:1  621 622 67584
621:2  621 622 523776
621:3  621 622 3072
624:0  624 625 517440
628:0  628 629 158720
628:1  628 629 337920
628:2  628 629 523776
628:3  628 629 130944
628:4  628 629 39680
628:11  628 629 7680
631:0  631 632 517440
634:0  634 635 815360
635:0  635 636 253952
635:1  635 636 540672
635:2  635 636 523776
635:3  635 636 135168
635:4  635 636 63488
635:11  635 636 12288
638:0  638 639 517440
640:0  640 641 517440
644:0  644 645 517440
645:0  645 646 62720
645:1  645 646 507904
645:2  645 646 131072
645:3  645 646 23552
646:0  646 647 517440
650:0  650 651 517440
651:0  651 652 62720
651:1  651 652 793600
651:2  651 652 204800
651:3  651 652 23552
653:0  653 654 517440
654:0  654 655 63488
654:1  654 655 204800
654:2  654 655 793600
654:3  654 655 6144
662:0  662 663 31360
662:1  662 663 507904
662:2  662 663 65536
662:3  662 663 23552
663:0  663 664 517440
667:0  667 668 517440
668:0  668 669 282240
668:1  668 669 1285632
668:2  668 669 1492992
668:3  668 669 23552
670:0  670 671 517440
671:0  671 672 285696
671:1  671 672 1492992
671:2  671 672 1285632
671:3  671 672 373248
671:4  671 672 71424
671:11  671 672 13824
679:0  679 680 141120
679:1  679 680 507904
679:2  679 680 294912
679:3  679 680 23552
680:0  680 681 517440
684:0  684 685 517440
685:0  685 686 109760
685:1  685 686 507904
685:2  685 686 229376
685:3  685 686 23552
687:0  687 688 517440
688:0  688 689 63488
688:1  688 689 131072
688:2  688 689 507904
688:3  688 689 6144
694:0  694 695 501760
740:0  740 741 31744
740:1  740 741 65536
740:2  740 741 507904
740:3  740 741 3072
743:0  743 744 501760
747:0  747 748 142848
747:1  747 748 294912
747:2  747 748 507904
747:3  747 748 13824
750:0  750 751 501760
753:0  753 754 517440
754:0  754 755 111104
754:1  754 755 229376
754:2  754 755 507904
754:3  754 755 10752
757:0  757 758 501760
759:0  759 760 501760
763:0  763 764 501760
764:0  764 765 62720
764:1  764 765 507904
764:2  764 765 131072
764:3  764 765 23552
765:0  765 766 501760
769:0  769 770 501760
770:0  770 771 62720
770:1  770 771 595200
770:2  770 771 153600
770:3  770 771 23552
772:0  772 773 501760
773:0  773 774 63488
773:1  773 774 153600
773:2  773 774 595200
773:3  773 774 6144
781:0  781 782 23552
781:1  781 782 507904
781:2  781 782 49152
781:3  781 782 23552
782:0  782 783 501760
786:0  786 787 501760
787:0  787 788 250880
787:1  787 788 1142784
787:2  787 788 1179648
787:3  787 788 23552
789:0  789 790 501760
790:0  790 791 253952
790:1  790 791 1179648
790:2  790 791 1142784
790:3  790 791 294912
790:4  790 791 63488
790:11  790 791 12288
798:0  798 799 125440
798:1  798 799 507904
798:2  798 799 262144
798:3  798 799 23552
799:0  799 800 501760
803:0  803 804 501760
804:0  804 805 125440
804:1  804 805 507904
804:2  804 805 262144
804:3  804 805 23552
806:0  806 807 501760
807:0  807 808 63488
807:1  807 808 131072
807:2  807 808 507904
807:3  807 808 6144
813:0  813 814 501760
859:0  859 860 23808
859:1  859 860 49152
859:2  859 860 507904
859:3  859 860 2304
862:0  862 863 501760
866:0  866 867 126976
866:1  866 867 262144
866:2  866 867 507904
866:3  866 867 12288
869:0  869 870 501760
872:0  872 873 501760
873:0  873 874 126976
873:1  873 874 262144
873:2  873 874 507904
873:3  873 874 12288
876:0  876 877 501760
878:0  878 879 501760
882:0  882 883 501760
883:0  883 884 62720
883:1  883 884 507904
883:2  883 884 131072
883:3  883 884 23552
884:0  884 885 501760
888:0  888 889 501760
889:0  889 890 62720
889:1  889 890 595200
889:2  889 890 153600
889:3  889 890 23552
891:0  891 892 501760
892:0  892 893 63488
892:1  892 893 153600
892:2  892 893 595200
892:3  892 893 6144
900:0  900 901 23552
900:1  900 901 507904
900:2  900 901 49152
900:3  900 901 23552
901:0  901 902 501760
905:0  905 906 501760
906:0  906 907 219520
906:1  906 907 999936
906:2  906 907 903168
906:3  906 907 23552
908:0  908 909 501760
909:0  909 910 222208
909:1  909 910 903168
909:2  909 910 999936
909:3  909 910 249984
909:4  909 910 55552
909:11  909 910 10752
917:0  917 918 109760
917:1  917 918 507904
917:2  917 918 229376
917:3  917 918 23552
918:0  918 919 501760
922:0  922 923 501760
923:0  923 924 156800
923:1  923 924 507904
923:2  923 924 327680
923:3  923 924 23552
925:0  925 926 501760
926:0  926 927 63488
926:1  926 927 131072
926:2  926 927 507904
926:3  926 927 6144
932:0  932 933 501760
978:0  978 979 23808
978:1  978 979 49152
978:2  978 979 507904
978:3  978 979 2304
981:0  981 982 501760
985:0  985 986 111104
985:1  985 986 229376
985:2  985 986 507904
985:3  985 986 10752
988:0  988 989 501760
991:0  991 992 501760
992:0  992 993 158720
992:1  992 993 327680
992:2  992 993 507904
992:3  992 993 124992
992:4  992 993 39680
992:11  992 993 7680
992:12  992 993 15360
995:0  995 996 501760
997:0  997 998 501760
1001:0  1001 1002 501760
1002:0  1002 1003 62720
1002:1  1002 1003 476160
1002:2  1002 1003 122880
1002:3  1002 1003 23552
1003:0  1003 1004 501760
1007:0  1007 1008 501760
1008:0  1008 1009 47040
1008:1  1008 1009 396800
1008:2  1008 1009 76800
1008:3  1008 1009 23552
1010:0  1010 1011 501760
1011:0  1011 1012 47616
1011:1  1011 1012 76800
1011:2  1011 1012 396800
1011:3  1011 1012 4608
1019:0  1019 1020 15680
1019:1  1019 1020 476160
1019:2  1019 1020 30720
1019:3  1019 1020 23552
1020:0  1020 1021 501760
1024:0  1024 1025 501760
1025:0  1025 1026 203840
1025:1  1025 1026 857088
1025:2  1025 1026 718848
1025:3  1025 1026 23552
1027:0  1027 1028 501760
1028:0  1028 1029 206336
1028:1  1028 1029 718848
1028:2  1028 1029 857088
1028:3  1028 1029 214272
1028:4  1028 1029 51584
1028:11  1028 1029 9984
1036:0  1036 1037 94080
1036:1  1036 1037 476160
1036:2  1036 1037 184320
1036:3  1036 1037 23552
1037:0  1037 1038 501760
1041:0  1041 1042 501760
1042:0  1042 1043 188160
1042:1  1042 1043 476160
1042:2  1042 1043 368640
1042:3  1042 1043 23552
1044:0  1044 1045 501760
1045:0  1045 1046 63488
1045:1  1045 1046 122880
1045:2  1045 1046 476160
1045:3  1045 1046 6144
1051:0  1051 1052 470400
1097:0  1097 1098 15872
1097:1  1097 1098 30720
1097:2  1097 1098 476160
1097:3  1097 1098 1536
1100:0  1100 1101 470400
1104:0  1104 1105 95232
1104:1  1104 1105 184320
1104:2  1104 1105 476160
1104:3  1104 1105 9216
1107:0  1107 1108 470400
1110:0  1110 1111 501760
1111:0  1111 1112 190464
1111:1  1111 1112 368640
1111:2  1111 1112 476160
1111:3  1111 1112 119040
1111:4  1111 1112 47616
1111:11  1111 1112 9216
1114:0  1114 1115 470400
1162:0  1162 1163 1881600
1166:0  1166 1167 1881600
1167:0  1167 1168 250880
1167:1  1167 1168 1003520
1167:2  1167 1168 65536
1167:3  1167 1168 94080
1168:0  1168 1169 1881600
1172:0  1172 1173 1881600
1173:0  1173 1174 376320
1173:1  1173 1174 3136000
1173:2  1173 1174 307200
1173:3  1173 1174 94080
1175:0  1175 1176 1881600
1176:0  1176 1177 376320
1176:1  1176 1177 307200
1176:2  1176 1177 3136000
1176:3  1176 1177 9216
1184:0  1184 1185 125440
1184:1  1184 1185 1003520
1184:2  1184 1185 32768
1184:3  1184 1185 94080
1185:0  1185 1186 1881600
1189:0  1189 1190 1881600
1190:0  1190 1191 752640
1190:1  1190 1191 4515840
1190:2  1190 1191 884736
1190:3  1190 1191 94080
1192:0  1192 1193 1881600
1193:0  1193 1194 752640
1193:1  1193 1194 884736
1193:2  1193 1194 4515840
1193:3  1193 1194 1124352
1193:4  1193 1194 187392
1193:11  1193 1194 9216
1193:12  1193 1194 18432
1201:0  1201 1202 501760
1201:1  1201 1202 1003520
1201:2  1201 1202 131072
1201:3  1201 1202 94080
1202:0  1202 1203 1881600
1206:0  1206 1207 1881600
1207:0  1207 1208 501760
1207:1  1207 1208 1003520
1207:2  1207 1208 131072
1207:3  1207 1208 94080
1209:0  1209 1210 1881600
1210:0  1210 1211 250880
1210:1  1210 1211 65536
1210:2  1210 1211 1003520
1210:3  1210 1211 6144
1216:0  1216 1217 1003520
1262:0  1262 1263 125440
1262:1  1262 1263 32768
1262:2  1262 1263 1003520
1262:3  1262 1263 3072
1265:0  1265 1266 1003520
1269:0  1269 1270 501760
1269:1  1269 1270 131072
1269:2  1269 1270 1003520
1269:3  1269 1270 12288
1272:0  1272 1273 1003520
1275:0  1275 1276 1881600
1276:0  1276 1277 501760
1276:1  1276 1277 131072
1276:2  1276 1277 1003520
1276:3  1276 1277 12288
1279:0  1279 1280 1003520
1281:0  1281 1282 1003520
1285:0  1285 1286 1003520
1286:0  1286 1287 125440
1286:1  1286 1287 752640
1286:2  1286 1287 24576
1286:3  1286 1287 94080
1287:0  1287 1288 1003520
1291:0  1291 1292 1003520
1292:0  1292 1293 125440
1292:1  1292 1293 1568000
1292:2  1292 1293 51200
1292:3  1292 1293 94080
1294:0  1294 1295 1003520
1295:0  1295 1296 125440
1295:1  1295 1296 51200
1295:2  1295 1296 1568000
1295:3  1295 1296 3072
1303:0  1303 1304 62720
1303:1  1303 1304 752640
1303:2  1303 1304 12288
1303:3  1303 1304 94080
1304:0  1304 1305 1003520
1308:0  1308 1309 1003520
1309:0  1309 1310 501760
1309:1  1309 1310 3386880
1309:2  1309 1310 442368
1309:3  1309 1310 94080
1311:0  1311 1312 1003520
1312:0  1312 1313 501760
1312:1  1312 1313 442368
1312:2  1312 1313 3386880
1312:3  1312 1313 843264
1312:4  1312 1313 124928
1312:11  1312 1313 6144
1312:12  1312 1313 12288
1320:0  1320 1321 376320
1320:1  1320 1321 752640
1320:2  1320 1321 73728
1320:3  1320 1321 94080
1321:0  1321 1322 1003520
1325:0  1325 1326 1003520
1326:0  1326 1327 250880
1326:1  1326 1327 752640
1326:2  1326 1327 49152
1326:3  1326 1327 94080
1328:0  1328 1329 1003520
1329:0  1329 1330 125440
1329:1  1329 1330 24576
1329:2  1329 1330 752640
1329:3  1329 1330 3072
1335:0  1335 1336 752640
1381:0  1381 1382 62720
1381:1  1381 1382 12288
1381:2  1381 1382 752640
1381:3  1381 1382 1536
1384:0  1384 1385 752640
1388:0  1388 1389 376320
1388:1  1388 1389 73728
1388:2  1388 1389 752640
1388:3  1388 1389 9216
1391:0  1391 1392 752640
1394:0  1394 1395 1003520
1395:0  1395 1396 250880
1395:1  1395 1396 49152
1395:2  1395 1396 752640
1395:3  1395 1396 6144
1398:0  1398 1399 752640
1446:0  1446 1447 3010560
1450:0  1450 1451 3010560
1451:0  1451 1452 3010560
1451:1  1451 1452 9031680
1451:2  1451 1452 442368
1451:3  1451 1452 2257920
1451:4  1451 1452 752640
1451:59  1451 1452 564480
1451:60  1451 1452 188160
1451:67  1451 1452 94080
1453:0  1453 1454 3010560
1454:0  1454 1455 3010560
1454:1  1454 1455 442368
1454:2  1454 1455 9031680
1454:3  1454 1455 2257920
1454:4  1454 1455 752640
1454:11  1454 1455 9216
1460:0  1460 1461 4014080
1504:0  1504 1505 16056320
1508:0  1508 1509 16056320
1509:0  1509 1510 16056320
1509:1  1509 1510 36879360
1509:2  1509 1510 37632
1509:3  1509 1510 6021120
0  0 2 64
1  1 4 64
2  2 5 64
3  3 5 64
4  4 7 64
5  5 9 256
6  6 8 128
7  7 9 256
8  8 16 256
9  9 11 64
10  10 12 64
11  11 13 64
12  12 14 64
13  13 15 256
14  14 16 256
15  15 218 256
16  16 18 3010560
17  17 19 4014080
18  18 1510 36879360
19  19 21 37632
20  20 22 16056320
21  21 1491 16056320
22  22 1492 4014080
23  23 1452 9031680
24  24 26 442368
25  25 27 3010560
26  26 1433 3010560
27  27 1434 752640
28  28 1327 752640
29  29 31 49152
30  30 48 250880
31  31 33 73728
32  32 34 376320
33  33 35 376320
34  34 1310 3386880
35  35 37 442368
36  36 48 501760
37  37 39 12288
38  38 40 62720
39  39 41 62720
40  40 1293 1568000
41  41 43 51200
42  42 48 125440
43  43 1367 752640
44  44 1287 752640
45  45 47 24576
46  46 48 125440
47  47 1247 1003520
48  48 1208 1003520
49  49 51 131072
50  50 68 501760
51  51 53 131072
52  52 54 501760
53  53 55 501760
54  54 1191 4515840
55  55 57 884736
56  56 68 752640
57  57 59 32768
58  58 60 125440
59  59 61 125440
60  60 1174 3136000
61  61 63 307200
62  62 68 376320
63  63 1248 1003520
64  64 1168 1003520
65  65 67 65536
66  66 68 250880
67  67 1149 1881600
68  68 1150 470400
69  69 1043 470400
70  70 72 368640
71  71 89 188160
72  72 74 184320
73  73 75 94080
74  74 76 94080
75  75 1026 846720
76  76 78 718848
77  77 89 203840
78  78 80 30720
79  79 81 15680
80  80 82 15680
81  81 1009 392000
82  82 84 76800
83  83 89 47040
84  84 1083 470400
85  85 1003 470400
86  86 88 122880
87  87 89 62720
88  88 963 501760
89  89 924 501760
90  90 92 327680
91  91 109 156800
92  92 94 229376
93  93 95 109760
94  94 96 109760
95  95 907 987840
96  96 98 903168
97  97 109 219520
98  98 100 49152
99  99 101 23552
100  100 102 23552
101  101 890 588032
102  102 104 153600
103  103 109 62720
104  104 964 501760
105  105 884 501760
106  106 108 131072
107  107 109 62720
108  108 844 501760
109  109 805 501760
110  110 112 262144
111  111 129 125440
112  112 114 262144
113  113 115 125440
114  114 116 125440
115  115 788 1128960
116  116 118 1179648
117  117 129 250880
118  118 120 49152
119  119 121 23552
120  120 122 23552
121  121 771 588032
122  122 124 153600
123  123 129 62720
124  124 845 501760
125  125 765 501760
126  126 128 131072
127  127 129 62720
128  128 725 501760
129  129 686 501760
130  130 132 229376
131  131 149 109760
132  132 134 294912
133  133 135 141120
134  134 136 141120
135  135 669 1270080
136  136 138 1492992
137  137 149 282240
138  138 140 65536
139  139 141 31360
140  140 142 31360
141  141 652 784000
142  142 144 204800
143  143 149 62720
144  144 726 501760
145  145 646 501760
146  146 148 131072
147  147 149 62720
148  148 606 517440
149  149 567 517440
150  150 152 540672
151  151 169 250880
152  152 154 337920
153  153 155 156800
154  154 156 156800
155  155 550 1411200
156  156 158 1843200
157  157 169 313600
158  158 160 67584
159  159 161 31360
160  160 162 31360
161  161 533 784000
162  162 164 409600
163  163 169 125440
164  164 607 517440
165  165 527 517440
166  166 168 270336
167  167 169 125440
168  168 508 815360
169  169 509 266240
170  170 402 266240
171  171 173 851968
172  172 190 81920
173  173 175 532480
174  174 176 51200
175  175 177 51200
176  176 385 460800
177  177 179 1843200
178  178 190 102400
179  179 181 106496
180  180 182 10240
181  181 183 10240
182  182 368 256000
183  183 185 409600
184  184 190 40960
185  185 442 266240
186  186 362 266240
187  187 189 425984
188  188 190 40960
189  189 322 266240
190  190 283 266240
191  191 193 1277952
192  192 210 122880
193  193 195 638976
194  194 196 61440
195  195 197 61440
196  196 266 552960
197  197 199 2654208
198  198 210 122880
199  199 201 159744
200  200 202 15360
201  201 203 15360
202  202 249 384000
203  203 205 614400
204  204 210 40960
205  205 323 266240
206  206 243 266240
207  207 209 425984
208  208 210 40960
209  209 211 327680
210  210 212 20480
211  211 230 20480
212  212 214 40960
213  213 215 256
214  214 216 256
215  215 219 256
216  216 218 256
217  217 220 256
218  218 226 256
219  219 225 256
220  220 222 256
221  221 223 256
222  222 224 256
223  223 225 256
224  224 226 256
225  225 232 256
226  226 228 256
227  227 1511 64
228  228 230 256
229  229 1512 40960
230  230 233 40960
231  231 233 256
232  232 234 20480
233  233 235 20480
234  234 236 20480
235  235 237 16056320
236  236 351 327680
237  237 239 40960
238  238 240 8192
239  239 241 8192
240  240 1513 512
241  241 243 40960
242  242 1514 425984
243  243 245 40960
244  244 246 8192
245  245 247 8192
246  246 1515 512
247  247 249 40960
248  248 1516 614400
249  249 252 614400
250  250 252 40960
251  251 253 384000
252  252 254 384000
253  253 337 15360
254  254 256 15360
255  255 257 3072
256  256 258 3072
257  257 1517 192
258  258 260 15360
259  259 1518 159744
260  260 262 122880
261  261 263 24576
262  262 264 24576
263  263 1519 1536
264  264 266 122880
265  265 1520 2654208
266  266 269 2654208
267  267 269 122880
268  268 270 552960
269  269 271 552960
270  270 344 61440
271  271 273 61440
272  272 274 12288
273  273 275 12288
274  274 1521 768
275  275 277 61440
276  276 1522 638976
277  277 279 122880
278  278 280 24576
279  279 281 24576
280  280 1523 1536
281  281 283 122880
282  282 1524 1277952
283  283 286 425984
284  284 286 40960
285  285 287 266240
286  286 288 266240
287  287 292 266240
288  288 290 266240
289  289 291 266240
290  290 293 266240
291  291 325 266240
292  292 326 266240
293  293 295 266240
294  294 296 266240
295  295 297 266240
296  296 327 266240
297  297 299 266240
298  298 300 266240
299  299 301 266240
300  300 328 266240
301  301 303 266240
302  302 304 266240
303  303 305 266240
304  304 329 266240
305  305 307 266240
306  306 308 266240
307  307 309 266240
308  308 330 266240
309  309 311 266240
310  310 312 266240
311  311 313 266240
312  312 331 266240
313  313 315 266240
314  314 316 266240
315  315 317 266240
316  316 332 266240
317  317 319 266240
318  318 320 266240
319  319 321 266240
320  320 333 266240
321  321 323 266240
322  322 324 266240
323  323 325 266240
324  324 334 266240
325  325 335 266240
326  326 335 266240
327  327 335 266240
328  328 335 266240
329  329 335 266240
330  330 335 266240
331  331 335 266240
332  332 335 266240
333  333 335 266240
334  334 342 266240
335  335 338 159744
336  336 338 15360
337  337 339 266240
338  338 340 266240
339  339 341 266240
340  340 342 266240
341  341 349 266240
342  342 345 638976
343  343 345 61440
344  344 346 266240
345  345 347 266240
346  346 348 266240
347  347 349 266240
348  348 356 266240
349  349 352 1277952
350  350 352 122880
351  351 353 266240
352  352 354 266240
353  353 355 266240
354  354 356 266240
355  355 470 266240
356  356 358 40960
357  357 359 8192
358  358 360 8192
359  359 1525 512
360  360 362 40960
361  361 1526 425984
362  362 364 40960
363  363 365 8192
364  364 366 8192
365  365 1527 512
366  366 368 40960
367  367 1528 409600
368  368 371 409600
369  369 371 40960
370  370 372 256000
371  371 373 256000
372  372 456 10240
373  373 375 10240
374  374 376 2048
375  375 377 2048
376  376 1529 128
377  377 379 10240
378  378 1530 106496
379  379 381 102400
380  380 382 20480
381  381 383 20480
382  382 1531 1280
383  383 385 102400
384  384 1532 1843200
385  385 388 1843200
386  386 388 102400
387  387 389 460800
388  388 390 460800
389  389 463 51200
390  390 392 51200
391  391 393 10240
392  392 394 10240
393  393 1533 640
394  394 396 51200
395  395 1534 532480
396  396 398 81920
397  397 399 16384
398  398 400 16384
399  399 1535 1024
400  400 402 81920
401  401 1536 851968
402  402 405 425984
403  403 405 40960
404  404 406 266240
405  405 407 266240
406  406 411 266240
407  407 409 266240
408  408 410 266240
409  409 412 266240
410  410 444 266240
411  411 445 266240
412  412 414 266240
413  413 415 266240
414  414 416 266240
415  415 446 266240
416  416 418 266240
417  417 419 266240
418  418 420 266240
419  419 447 266240
420  420 422 266240
421  421 423 266240
422  422 424 266240
423  423 448 266240
424  424 426 266240
425  425 427 266240
426  426 428 266240
427  427 449 266240
428  428 430 266240
429  429 431 266240
430  430 432 266240
431  431 450 266240
432  432 434 266240
433  433 435 266240
434  434 436 266240
435  435 451 266240
436  436 438 266240
437  437 439 266240
438  438 440 266240
439  439 452 266240
440  440 442 266240
441  441 443 266240
442  442 444 266240
443  443 453 266240
444  444 454 266240
445  445 454 266240
446  446 454 266240
447  447 454 266240
448  448 454 266240
449  449 454 266240
450  450 454 266240
451  451 454 266240
452  452 454 266240
453  453 461 266240
454  454 457 106496
455  455 457 10240
456  456 458 266240
457  457 459 266240
458  458 460 266240
459  459 461 266240
460  460 468 266240
461  461 464 532480
462  462 464 51200
463  463 465 266240
464  464 466 266240
465  465 467 266240
466  466 468 266240
467  467 475 266240
468  468 471 851968
469  469 471 81920
470  470 472 266240
471  471 473 266240
472  472 474 266240
473  473 475 266240
474  474 511 266240
475  475 477 266240
476  476 478 266240
477  477 479 266240
478  478 512 266240
479  479 481 266240
480  480 482 266240
481  481 483 266240
482  482 513 266240
483  483 485 266240
484  484 486 266240
485  485 487 266240
486  486 514 266240
487  487 489 266240
488  488 490 266240
489  489 491 266240
490  490 515 266240
491  491 493 266240
492  492 494 266240
493  493 495 266240
494  494 516 266240
495  495 497 266240
496  496 498 266240
497  497 499 266240
498  498 517 266240
499  499 501 266240
500  500 502 266240
501  501 503 266240
502  502 518 266240
503  503 505 266240
504  504 506 266240
505  505 507 266240
506  506 519 266240
507  507 509 266240
508  508 510 266240
509  509 511 266240
510  510 520 266240
511  511 521 815360
512  512 521 815360
513  513 521 815360
514  514 521 815360
515  515 521 815360
516  516 521 815360
517  517 521 815360
518  518 521 815360
519  519 521 815360
520  520 635 815360
521  521 523 125440
522  522 524 25088
523  523 525 25088
524  524 1537 512
525  525 527 125440
526  526 1538 270336
527  527 529 125440
528  528 530 25088
529  529 531 25088
530  530 1539 512
531  531 533 125440
532  532 1540 409600
533  533 536 409600
534  534 536 125440
535  535 537 784000
536  536 538 784000
537  537 621 31360
538  538 540 31360
539  539 541 6272
540  540 542 6272
541  541 1541 128
542  542 544 31360
543  543 1542 67584
544  544 546 313600
545  545 547 62720
546  546 548 62720
547  547 1543 1280
548  548 550 313600
549  549 1544 1843200
550  550 553 1843200
551  551 553 313600
552  552 554 1411200
553  553 555 1411200
554  554 628 156800
555  555 557 156800
556  556 558 31360
557  557 559 31360
558  558 1545 640
559  559 561 156800
560  560 1546 337920
561  561 563 250880
562  562 564 50176
563  563 565 50176
564  564 1547 1024
565  565 567 250880
566  566 1548 540672
567  567 570 270336
568  568 570 125440
569  569 571 517440
570  570 572 517440
571  571 576 517440
572  572 574 517440
573  573 575 517440
574  574 577 517440
575  575 609 517440
576  576 610 517440
577  577 579 517440
578  578 580 517440
579  579 581 517440
580  580 611 517440
581  581 583 517440
582  582 584 517440
583  583 585 517440
584  584 612 517440
585  585 587 517440
586  586 588 517440
587  587 589 517440
588  588 613 517440
589  589 591 517440
590  590 592 517440
591  591 593 517440
592  592 614 517440
593  593 595 517440
594  594 596 517440
595  595 597 517440
596  596 615 517440
597  597 599 517440
598  598 600 517440
599  599 601 517440
600  600 616 517440
601  601 603 517440
602  602 604 517440
603  603 605 517440
604  604 617 517440
605  605 607 517440
606  606 608 517440
607  607 609 517440
608  608 618 517440
609  609 619 517440
610  610 619 517440
611  611 619 517440
612  612 619 517440
613  613 619 517440
614  614 619 517440
615  615 619 517440
616  616 619 517440
617  617 619 517440
618  618 626 517440
619  619 622 67584
620  620 622 31360
621  621 623 517440
622  622 624 517440
623  623 625 517440
624  624 626 517440
625  625 633 517440
626  626 629 337920
627  627 629 156800
628  628 630 517440
629  629 631 517440
630  630 632 517440
631  631 633 517440
632  632 640 517440
633  633 636 540672
634  634 636 250880
635  635 637 517440
636  636 638 517440
637  637 639 517440
638  638 640 517440
639  639 754 517440
640  640 642 62720
641  641 643 12544
642  642 644 12544
643  643 1549 256
644  644 646 62720
645  645 1550 131072
646  646 648 62720
647  647 649 12544
648  648 650 12544
649  649 1551 256
650  650 652 62720
651  651 1552 204800
652  652 655 204800
653  653 655 62720
654  654 656 784000
655  655 657 784000
656  656 740 31360
657  657 659 31360
658  658 660 6272
659  659 661 6272
660  660 1553 128
661  661 663 31360
662  662 1554 65536
663  663 665 282240
664  664 666 56448
665  665 667 56448
666  666 1555 1152
667  667 669 282240
668  668 1556 1492992
669  669 672 1492992
670  670 672 282240
671  671 673 1270080
672  672 674 1270080
673  673 747 141120
674  674 676 141120
675  675 677 28224
676  676 678 28224
677  677 1557 576
678  678 680 141120
679  679 1558 294912
680  680 682 109760
681  681 683 21952
682  682 684 21952
683  683 1559 448
684  684 686 109760
685  685 1560 229376
686  686 689 131072
687  687 689 62720
688  688 690 501760
689  689 691 501760
690  690 695 501760
691  691 693 501760
692  692 694 501760
693  693 696 501760
694  694 728 501760
695  695 729 501760
696  696 698 501760
697  697 699 501760
698  698 700 501760
699  699 730 501760
700  700 702 501760
701  701 703 501760
702  702 704 501760
703  703 731 501760
704  704 706 501760
705  705 707 501760
706  706 708 501760
707  707 732 501760
708  708 710 501760
709  709 711 501760
710  710 712 501760
711  711 733 501760
712  712 714 501760
713  713 715 501760
714  714 716 501760
715  715 734 501760
716  716 718 501760
717  717 719 501760
718  718 720 501760
719  719 735 501760
720  720 722 501760
721  721 723 501760
722  722 724 501760
723  723 736 501760
724  724 726 501760
725  725 727 501760
726  726 728 501760
727  727 737 501760
728  728 738 501760
729  729 738 501760
730  730 738 501760
731  731 738 501760
732  732 738 501760
733  733 738 501760
734  734 738 501760
735  735 738 501760
736  736 738 501760
737  737 745 501760
738  738 741 65536
739  739 741 31360
740  740 742 501760
741  741 743 501760
742  742 744 501760
743  743 745 501760
744  744 752 501760
745  745 748 294912
746  746 748 141120
747  747 749 501760
748  748 750 501760
749  749 751 501760
750  750 752 501760
751  751 759 501760
752  752 755 229376
753  753 755 109760
754  754 756 501760
755  755 757 501760
756  756 758 501760
757  757 759 501760
758  758 873 501760
759  759 761 62720
760  760 762 12544
761  761 763 12544
762  762 1561 256
763  763 765 62720
764  764 1562 131072
765  765 767 62720
766  766 768 12544
767  767 769 12544
768  768 1563 256
769  769 771 62720
770  770 1564 153600
771  771 774 153600
772  772 774 62720
773  773 775 588032
774  774 776 588032
775  775 859 23552
776  776 778 23552
777  777 779 4736
778  778 780 4736
779  779 1565 128
780  780 782 23552
781  781 1566 49152
782  782 784 250880
783  783 785 50176
784  784 786 50176
785  785 1567 1024
786  786 788 250880
787  787 1568 1179648
788  788 791 1179648
789  789 791 250880
790  790 792 1128960
791  791 793 1128960
792  792 866 125440
793  793 795 125440
794  794 796 25088
795  795 797 25088
796  796 1569 512
797  797 799 125440
798  798 1570 262144
799  799 801 125440
800  800 802 25088
801  801 803 25088
802  802 1571 512
803  803 805 125440
804  804 1572 262144
805  805 808 131072
806  806 808 62720
807  807 809 501760
808  808 810 501760
809  809 814 501760
810  810 812 501760
811  811 813 501760
812  812 815 501760
813  813 847 501760
814  814 848 501760
815  815 817 501760
816  816 818 501760
817  817 819 501760
818  818 849 501760
819  819 821 501760
820  820 822 501760
821  821 823 501760
822  822 850 501760
823  823 825 501760
824  824 826 501760
825  825 827 501760
826  826 851 501760
827  827 829 501760
828  828 830 501760
829  829 831 501760
830  830 852 501760
831  831 833 501760
832  832 834 501760
833  833 835 501760
834  834 853 501760
835  835 837 501760
836  836 838 501760
837  837 839 501760
838  838 854 501760
839  839 841 501760
840  840 842 501760
841  841 843 501760
842  842 855 501760
843  843 845 501760
844  844 846 501760
845  845 847 501760
846  846 856 501760
847  847 857 501760
848  848 857 501760
849  849 857 501760
850  850 857 501760
851  851 857 501760
852  852 857 501760
853  853 857 501760
854  854 857 501760
855  855 857 501760
856  856 864 501760
857  857 860 49152
858  858 860 23552
859  859 861 501760
860  860 862 501760
861  861 863 501760
862  862 864 501760
863  863 871 501760
864  864 867 262144
865  865 867 125440
866  866 868 501760
867  867 869 501760
868  868 870 501760
869  869 871 501760
870  870 878 501760
871  871 874 262144
872  872 874 125440
873  873 875 501760
874  874 876 501760
875  875 877 501760
876  876 878 501760
877  877 992 501760
878  878 880 62720
879  879 881 12544
880  880 882 12544
881  881 1573 256
882  882 884 62720
883  883 1574 131072
884  884 886 62720
885  885 887 12544
886  886 888 12544
887  887 1575 256
888  888 890 62720
889  889 1576 153600
890  890 893 153600
891  891 893 62720
892  892 894 588032
893  893 895 588032
894  894 978 23552
895  895 897 23552
896  896 898 4736
897  897 899 4736
898  898 1577 128
899  899 901 23552
900  900 1578 49152
901  901 903 219520
902  902 904 43904
903  903 905 43904
904  904 1579 896
905  905 907 219520
906  906 1580 903168
907  907 910 903168
908  908 910 219520
909  909 911 987840
910  910 912 987840
911  911 985 109760
912  912 914 109760
913  913 915 21952
914  914 916 21952
915  915 1581 448
916  916 918 109760
917  917 1582 229376
918  918 920 156800
919  919 921 31360
920  920 922 31360
921  921 1583 640
922  922 924 156800
923  923 1584 327680
924  924 927 131072
925  925 927 62720
926  926 928 501760
927  927 929 501760
928  928 933 501760
929  929 931 501760
930  930 932 501760
931  931 934 501760
932  932 966 501760
933  933 967 501760
934  934 936 501760
935  935 937 501760
936  936 938 501760
937  937 968 501760
938  938 940 501760
939  939 941 501760
940  940 942 501760
941  941 969 501760
942  942 944 501760
943  943 945 501760
944  944 946 501760
945  945 970 501760
946  946 948 501760
947  947 949 501760
948  948 950 501760
949  949 971 501760
950  950 952 501760
951  951 953 501760
952  952 954 501760
953  953 972 501760
954  954 956 501760
955  955 957 501760
956  956 958 501760
957  957 973 501760
958  958 960 501760
959  959 961 501760
960  960 962 501760
961  961 974 501760
962  962 964 501760
963  963 965 501760
964  964 966 501760
965  965 975 501760
966  966 976 501760
967  967 976 501760
968  968 976 501760
969  969 976 501760
970  970 976 501760
971  971 976 501760
972  972 976 501760
973  973 976 501760
974  974 976 501760
975  975 983 501760
976  976 979 49152
977  977 979 23552
978  978 980 501760
979  979 981 501760
980  980 982 501760
981  981 983 501760
982  982 990 501760
983  983 986 229376
984  984 986 109760
985  985 987 501760
986  986 988 501760
987  987 989 501760
988  988 990 501760
989  989 997 501760
990  990 993 327680
991  991 993 156800
992  992 994 501760
993  993 995 501760
994  994 996 501760
995  995 997 501760
996  996 1111 501760
997  997 999 62720
998  998 1000 12544
999  999 1001 12544
1000  1000 1585 256
1001  1001 1003 62720
1002  1002 1586 122880
1003  1003 1005 47040
1004  1004 1006 9408
1005  1005 1007 9408
1006  1006 1587 192
1007  1007 1009 47040
1008  1008 1588 76800
1009  1009 1012 76800
1010  1010 1012 47040
1011  1011 1013 392000
1012  1012 1014 392000
1013  1013 1097 15680
1014  1014 1016 15680
1015  1015 1017 3136
1016  1016 1018 3136
1017  1017 1589 64
1018  1018 1020 15680
1019  1019 1590 30720
1020  1020 1022 203840
1021  1021 1023 40768
1022  1022 1024 40768
1023  1023 1591 832
1024  1024 1026 203840
1025  1025 1592 718848
1026  1026 1029 718848
1027  1027 1029 203840
1028  1028 1030 846720
1029  1029 1031 846720
1030  1030 1104 94080
1031  1031 1033 94080
1032  1032 1034 18816
1033  1033 1035 18816
1034  1034 1593 384
1035  1035 1037 94080
1036  1036 1594 184320
1037  1037 1039 188160
1038  1038 1040 37632
1039  1039 1041 37632
1040  1040 1595 768
1041  1041 1043 188160
1042  1042 1596 368640
1043  1043 1046 122880
1044  1044 1046 62720
1045  1045 1047 470400
1046  1046 1048 470400
1047  1047 1052 470400
1048  1048 1050 470400
1049  1049 1051 470400
1050  1050 1053 470400
1051  1051 1085 470400
1052  1052 1086 470400
1053  1053 1055 470400
1054  1054 1056 470400
1055  1055 1057 470400
1056  1056 1087 470400
1057  1057 1059 470400
1058  1058 1060 470400
1059  1059 1061 470400
1060  1060 1088 470400
1061  1061 1063 470400
1062  1062 1064 470400
1063  1063 1065 470400
1064  1064 1089 470400
1065  1065 1067 470400
1066  1066 1068 470400
1067  1067 1069 470400
1068  1068 1090 470400
1069  1069 1071 470400
1070  1070 1072 470400
1071  1071 1073 470400
1072  1072 1091 470400
1073  1073 1075 470400
1074  1074 1076 470400
1075  1075 1077 470400
1076  1076 1092 470400
1077  1077 1079 470400
1078  1078 1080 470400
1079  1079 1081 470400
1080  1080 1093 470400
1081  1081 1083 470400
1082  1082 1084 470400
1083  1083 1085 470400
1084  1084 1094 470400
1085  1085 1095 470400
1086  1086 1095 470400
1087  1087 1095 470400
1088  1088 1095 470400
1089  1089 1095 470400
1090  1090 1095 470400
1091  1091 1095 470400
1092  1092 1095 470400
1093  1093 1095 470400
1094  1094 1102 470400
1095  1095 1098 30720
1096  1096 1098 15680
1097  1097 1099 470400
1098  1098 1100 470400
1099  1099 1101 470400
1100  1100 1102 470400
1101  1101 1109 470400
1102  1102 1105 184320
1103  1103 1105 94080
1104  1104 1106 470400
1105  1105 1107 470400
1106  1106 1108 470400
1107  1107 1109 470400
1108  1108 1116 470400
1109  1109 1112 368640
1110  1110 1112 188160
1111  1111 1113 470400
1112  1112 1114 470400
1113  1113 1115 470400
1114  1114 1116 470400
1115  1115 1152 470400
1116  1116 1118 470400
1117  1117 1119 470400
1118  1118 1120 470400
1119  1119 1153 470400
1120  1120 1122 470400
1121  1121 1123 470400
1122  1122 1124 470400
1123  1123 1154 470400
1124  1124 1126 470400
1125  1125 1127 470400
1126  1126 1128 470400
1127  1127 1155 470400
1128  1128 1130 470400
1129  1129 1131 470400
1130  1130 1132 470400
1131  1131 1156 470400
1132  1132 1134 470400
1133  1133 1135 470400
1134  1134 1136 470400
1135  1135 1157 470400
1136  1136 1138 470400
1137  1137 1139 470400
1138  1138 1140 470400
1139  1139 1158 470400
1140  1140 1142 470400
1141  1141 1143 470400
1142  1142 1144 470400
1143  1143 1159 470400
1144  1144 1146 470400
1145  1145 1147 470400
1146  1146 1148 470400
1147  1147 1160 470400
1148  1148 1150 470400
1149  1149 1151 470400
1150  1150 1152 470400
1151  1151 1161 470400
1152  1152 1162 1881600
1153  1153 1162 1881600
1154  1154 1162 1881600
1155  1155 1162 1881600
1156  1156 1162 1881600
1157  1157 1162 1881600
1158  1158 1162 1881600
1159  1159 1162 1881600
1160  1160 1162 1881600
1161  1161 1276 1881600
1162  1162 1164 250880
1163  1163 1165 50176
1164  1164 1166 50176
1165  1165 1597 256
1166  1166 1168 250880
1167  1167 1598 65536
1168  1168 1170 376320
1169  1169 1171 75264
1170  1170 1172 75264
1171  1171 1599 384
1172  1172 1174 376320
1173  1173 1600 307200
1174  1174 1177 307200
1175  1175 1177 376320
1176  1176 1178 3136000
1177  1177 1179 3136000
1178  1178 1262 125440
1179  1179 1181 125440
1180  1180 1182 25088
1181  1181 1183 25088
1182  1182 1601 128
1183  1183 1185 125440
1184  1184 1602 32768
1185  1185 1187 752640
1186  1186 1188 150528
1187  1187 1189 150528
1188  1188 1603 768
1189  1189 1191 752640
1190  1190 1604 884736
1191  1191 1194 884736
1192  1192 1194 752640
1193  1193 1195 4515840
1194  1194 1196 4515840
1195  1195 1269 501760
1196  1196 1198 501760
1197  1197 1199 100352
1198  1198 1200 100352
1199  1199 1605 512
1200  1200 1202 501760
1201  1201 1606 131072
1202  1202 1204 501760
1203  1203 1205 100352
1204  1204 1206 100352
1205  1205 1607 512
1206  1206 1208 501760
1207  1207 1608 131072
1208  1208 1211 65536
1209  1209 1211 250880
1210  1210 1212 1003520
1211  1211 1213 1003520
1212  1212 1217 1003520
1213  1213 1215 1003520
1214  1214 1216 1003520
1215  1215 1218 1003520
1216  1216 1250 1003520
1217  1217 1251 1003520
1218  1218 1220 1003520
1219  1219 1221 1003520
1220  1220 1222 1003520
1221  1221 1252 1003520
1222  1222 1224 1003520
1223  1223 1225 1003520
1224  1224 1226 1003520
1225  1225 1253 1003520
1226  1226 1228 1003520
1227  1227 1229 1003520
1228  1228 1230 1003520
1229  1229 1254 1003520
1230  1230 1232 1003520
1231  1231 1233 1003520
1232  1232 1234 1003520
1233  1233 1255 1003520
1234  1234 1236 1003520
1235  1235 1237 1003520
1236  1236 1238 1003520
1237  1237 1256 1003520
1238  1238 1240 1003520
1239  1239 1241 1003520
1240  1240 1242 1003520
1241  1241 1257 1003520
1242  1242 1244 1003520
1243  1243 1245 1003520
1244  1244 1246 1003520
1245  1245 1258 1003520
1246  1246 1248 1003520
1247  1247 1249 1003520
1248  1248 1250 1003520
1249  1249 1259 1003520
1250  1250 1260 1003520
1251  1251 1260 1003520
1252  1252 1260 1003520
1253  1253 1260 1003520
1254  1254 1260 1003520
1255  1255 1260 1003520
1256  1256 1260 1003520
1257  1257 1260 1003520
1258  1258 1260 1003520
1259  1259 1267 1003520
1260  1260 1263 32768
1261  1261 1263 125440
1262  1262 1264 1003520
1263  1263 1265 1003520
1264  1264 1266 1003520
1265  1265 1267 1003520
1266  1266 1274 1003520
1267  1267 1270 131072
1268  1268 1270 501760
1269  1269 1271 1003520
1270  1270 1272 1003520
1271  1271 1273 1003520
1272  1272 1274 1003520
1273  1273 1281 1003520
1274  1274 1277 131072
1275  1275 1277 501760
1276  1276 1278 1003520
1277  1277 1279 1003520
1278  1278 1280 1003520
1279  1279 1281 1003520
1280  1280 1395 1003520
1281  1281 1283 125440
1282  1282 1284 25088
1283  1283 1285 25088
1284  1284 1609 128
1285  1285 1287 125440
1286  1286 1610 24576
1287  1287 1289 125440
1288  1288 1290 25088
1289  1289 1291 25088
1290  1290 1611 128
1291  1291 1293 125440
1292  1292 1612 51200
1293  1293 1296 51200
1294  1294 1296 125440
1295  1295 1297 1568000
1296  1296 1298 1568000
1297  1297 1381 62720
1298  1298 1300 62720
1299  1299 1301 12544
1300  1300 1302 12544
1301  1301 1613 64
1302  1302 1304 62720
1303  1303 1614 12288
1304  1304 1306 501760
1305  1305 1307 100352
1306  1306 1308 100352
1307  1307 1615 512
1308  1308 1310 501760
1309  1309 1616 442368
1310  1310 1313 442368
1311  1311 1313 501760
1312  1312 1314 3386880
1313  1313 1315 3386880
1314  1314 1388 376320
1315  1315 1317 376320
1316  1316 1318 75264
1317  1317 1319 75264
1318  1318 1617 384
1319  1319 1321 376320
1320  1320 1618 73728
1321  1321 1323 250880
1322  1322 1324 50176
1323  1323 1325 50176
1324  1324 1619 256
1325  1325 1327 250880
1326  1326 1620 49152
1327  1327 1330 24576
1328  1328 1330 125440
1329  1329 1331 752640
1330  1330 1332 752640
1331  1331 1336 752640
1332  1332 1334 752640
1333  1333 1335 752640
1334  1334 1337 752640
1335  1335 1369 752640
1336  1336 1370 752640
1337  1337 1339 752640
1338  1338 1340 752640
1339  1339 1341 752640
1340  1340 1371 752640
1341  1341 1343 752640
1342  1342 1344 752640
1343  1343 1345 752640
1344  1344 1372 752640
1345  1345 1347 752640
1346  1346 1348 752640
1347  1347 1349 752640
1348  1348 1373 752640
1349  1349 1351 752640
1350  1350 1352 752640
1351  1351 1353 752640
1352  1352 1374 752640
1353  1353 1355 752640
1354  1354 1356 752640
1355  1355 1357 752640
1356  1356 1375 752640
1357  1357 1359 752640
1358  1358 1360 752640
1359  1359 1361 752640
1360  1360 1376 752640
1361  1361 1363 752640
1362  1362 1364 752640
1363  1363 1365 752640
1364  1364 1377 752640
1365  1365 1367 752640
1366  1366 1368 752640
1367  1367 1369 752640
1368  1368 1378 752640
1369  1369 1379 752640
1370  1370 1379 752640
1371  1371 1379 752640
1372  1372 1379 752640
1373  1373 1379 752640
1374  1374 1379 752640
1375  1375 1379 752640
1376  1376 1379 752640
1377  1377 1379 752640
1378  1378 1386 752640
1379  1379 1382 12288
1380  1380 1382 62720
1381  1381 1383 752640
1382  1382 1384 752640
1383  1383 1385 752640
1384  1384 1386 752640
1385  1385 1393 752640
1386  1386 1389 73728
1387  1387 1389 376320
1388  1388 1390 752640
1389  1389 1391 752640
1390  1390 1392 752640
1391  1391 1393 752640
1392  1392 1400 752640
1393  1393 1396 49152
1394  1394 1396 250880
1395  1395 1397 752640
1396  1396 1398 752640
1397  1397 1399 752640
1398  1398 1400 752640
1399  1399 1436 752640
1400  1400 1402 752640
1401  1401 1403 752640
1402  1402 1404 752640
1403  1403 1437 752640
1404  1404 1406 752640
1405  1405 1407 752640
1406  1406 1408 752640
1407  1407 1438 752640
1408  1408 1410 752640
1409  1409 1411 752640
1410  1410 1412 752640
1411  1411 1439 752640
1412  1412 1414 752640
1413  1413 1415 752640
1414  1414 1416 752640
1415  1415 1440 752640
1416  1416 1418 752640
1417  1417 1419 752640
1418  1418 1420 752640
1419  1419 1441 752640
1420  1420 1422 752640
1421  1421 1423 752640
1422  1422 1424 752640
1423  1423 1442 752640
1424  1424 1426 752640
1425  1425 1427 752640
1426  1426 1428 752640
1427  1427 1443 752640
1428  1428 1430 752640
1429  1429 1431 752640
1430  1430 1432 752640
1431  1431 1444 752640
1432  1432 1434 752640
1433  1433 1435 752640
1434  1434 1436 752640
1435  1435 1445 752640
1436  1436 1446 3010560
1437  1437 1446 3010560
1438  1438 1446 3010560
1439  1439 1446 3010560
1440  1440 1446 3010560
1441  1441 1446 3010560
1442  1442 1446 3010560
1443  1443 1446 3010560
1444  1444 1446 3010560
1445  1445 1454 3010560
1446  1446 1448 3010560
1447  1447 1449 602112
1448  1448 1450 602112
1449  1449 1621 768
1450  1450 1452 3010560
1451  1451 1622 442368
1452  1452 1455 442368
1453  1453 1455 3010560
1454  1454 1456 9031680
1455  1455 1457 36126720
1456  1456 1461 4014080
1457  1457 1459 4014080
1458  1458 1460 4014080
1459  1459 1462 4014080
1460  1460 1494 4014080
1461  1461 1495 4014080
1462  1462 1464 4014080
1463  1463 1465 4014080
1464  1464 1466 4014080
1465  1465 1496 4014080
1466  1466 1468 4014080
1467  1467 1469 4014080
1468  1468 1470 4014080
1469  1469 1497 4014080
1470  1470 1472 4014080
1471  1471 1473 4014080
1472  1472 1474 4014080
1473  1473 1498 4014080
1474  1474 1476 4014080
1475  1475 1477 4014080
1476  1476 1478 4014080
1477  1477 1499 4014080
1478  1478 1480 4014080
1479  1479 1481 4014080
1480  1480 1482 4014080
1481  1481 1500 4014080
1482  1482 1484 4014080
1483  1483 1485 4014080
1484  1484 1486 4014080
1485  1485 1501 4014080
1486  1486 1488 4014080
1487  1487 1489 4014080
1488  1488 1490 4014080
1489  1489 1502 4014080
1490  1490 1492 4014080
1491  1491 1493 4014080
1492  1492 1494 4014080
1493  1493 1503 4014080
1494  1494 1504 16056320
1495  1495 1504 16056320
1496  1496 1504 16056320
1497  1497 1504 16056320
1498  1498 1504 16056320
1499  1499 1504 16056320
1500  1500 1504 16056320
1501  1501 1504 16056320
1502  1502 1504 16056320
1503  1503 1509 16056320
1504  1504 1506 16056320
1505  1505 1507 3211264
1506  1506 1508 3211264
1507  1507 1623 256
1508  1508 1510 16056320
1509  1509 1624 37632
1510  1510 1624 64
1511  1511 1624 40960
1512  1512 1624 512
1513  1513 1624 425984
1514  1514 1624 512
1515  1515 1624 614400
1516  1516 1624 192
1517  1517 1624 159744
1518  1518 1624 1536
1519  1519 1624 2654208
1520  1520 1624 768
1521  1521 1624 638976
1522  1522 1624 1536
1523  1523 1624 1277952
1524  1524 1624 512
1525  1525 1624 425984
1526  1526 1624 512
1527  1527 1624 409600
1528  1528 1624 128
1529  1529 1624 106496
1530  1530 1624 1280
1531  1531 1624 1843200
1532  1532 1624 640
1533  1533 1624 532480
1534  1534 1624 1024
1535  1535 1624 851968
1536  1536 1624 512
1537  1537 1624 270336
1538  1538 1624 512
1539  1539 1624 409600
1540  1540 1624 128
1541  1541 1624 67584
1542  1542 1624 1280
1543  1543 1624 1843200
1544  1544 1624 640
1545  1545 1624 337920
1546  1546 1624 1024
1547  1547 1624 540672
1548  1548 1624 256
1549  1549 1624 131072
1550  1550 1624 256
1551  1551 1624 204800
1552  1552 1624 128
1553  1553 1624 65536
1554  1554 1624 1152
1555  1555 1624 1492992
1556  1556 1624 576
1557  1557 1624 294912
1558  1558 1624 448
1559  1559 1624 229376
1560  1560 1624 256
1561  1561 1624 131072
1562  1562 1624 256
1563  1563 1624 153600
1564  1564 1624 128
1565  1565 1624 49152
1566  1566 1624 1024
1567  1567 1624 1179648
1568  1568 1624 512
1569  1569 1624 262144
1570  1570 1624 512
1571  1571 1624 262144
1572  1572 1624 256
1573  1573 1624 131072
1574  1574 1624 256
1575  1575 1624 153600
1576  1576 1624 128
1577  1577 1624 49152
1578  1578 1624 896
1579  1579 1624 903168
1580  1580 1624 448
1581  1581 1624 229376
1582  1582 1624 640
1583  1583 1624 327680
1584  1584 1624 256
1585  1585 1624 122880
1586  1586 1624 192
1587  1587 1624 76800
1588  1588 1624 64
1589  1589 1624 30720
1590  1590 1624 832
1591  1591 1624 718848
1592  1592 1624 384
1593  1593 1624 184320
1594  1594 1624 768
1595  1595 1624 368640
1596  1596 1624 256
1597  1597 1624 65536
1598  1598 1624 384
1599  1599 1624 307200
1600  1600 1624 128
1601  1601 1624 32768
1602  1602 1624 768
1603  1603 1624 884736
1604  1604 1624 512
1605  1605 1624 131072
1606  1606 1624 512
1607  1607 1624 131072
1608  1608 1624 128
1609  1609 1624 24576
1610  1610 1624 128
1611  1611 1624 51200
1612  1612 1624 64
1613  1613 1624 12288
1614  1614 1624 512
1615  1615 1624 442368
1616  1616 1624 384
1617  1617 1624 73728
1618  1618 1624 256
1619  1619 1624 49152
1620  1620 1624 768
1621  1621 1624 442368
1622  1622 1624 256
1623  1623 1624 37632
