7:0  7 8 512
7:1  7 8 64
18:0  18 19 7225344
20:0  20 21 37632
20:1  20 21 89112576
20:2  20 21 38535168
20:3  20 21 14144
21:0  21 22 38535168
23:0  23 24 9633792
25:0  25 26 442368
25:1  25 26 21676032
25:2  25 26 7225344
25:3  25 26 5419008
25:4  25 26 110592
25:59  25 26 1354752
25:60  25 26 27648
25:67  25 26 13824
26:0  26 27 7225344
28:0  28 29 1806336
30:0  30 31 49152
30:1  30 31 1806336
30:2  30 31 602112
30:3  30 31 18432
32:0  32 33 73728
32:1  32 33 1806336
32:2  32 33 903168
32:3  32 33 18432
33:0  33 34 903168
34:0  34 35 903168
36:0  36 37 442368
36:1  36 37 8128512
36:2  36 37 1204224
36:3  36 37 2032128
36:4  36 37 110592
36:11  36 37 41472
38:0  38 39 12288
38:1  38 39 1806336
38:2  38 39 150528
38:3  38 39 18432
39:0  39 40 150528
40:0  40 41 150528
42:0  42 43 51200
42:1  42 43 3763200
42:2  42 43 301056
42:3  42 43 38400
44:0  44 45 1806336
46:0  46 47 24576
46:1  46 47 1806336
46:2  46 47 301056
46:3  46 47 18432
47:0  47 48 2408448
48:0  48 49 2408448
50:0  50 51 131072
50:1  50 51 2408448
50:2  50 51 1204224
50:3  50 51 602112
50:4  50 51 32768
50:11  50 51 12288
52:0  52 53 131072
52:1  52 53 2408448
52:2  52 53 1204224
52:3  52 53 602112
52:4  52 53 32768
52:11  52 53 12288
53:0  53 54 1204224
54:0  54 55 1204224
56:0  56 57 884736
56:1  56 57 10838016
56:2  56 57 1806336
56:3  56 57 2709504
56:4  56 57 221184
56:59  56 57 677376
56:60  56 57 55296
56:67  56 57 27648
58:0  58 59 32768
58:1  58 59 2408448
58:2  58 59 301056
58:3  58 59 24576
59:0  59 60 301056
60:0  60 61 301056
62:0  62 63 307200
62:1  62 63 7526400
62:2  62 63 903168
62:3  62 63 1881600
62:4  62 63 76800
62:11  62 63 38400
64:0  64 65 2408448
66:0  66 67 65536
66:1  66 67 2408448
66:2  66 67 602112
66:3  66 67 24576
67:0  67 68 4515840
69:0  69 70 1128960
71:0  71 72 368640
71:1  71 72 1128960
71:2  71 72 451584
71:3  71 72 276480
71:4  71 72 92160
71:11  71 72 23040
71:12  71 72 46080
73:0  73 74 184320
73:1  73 74 1128960
73:2  73 74 225792
73:3  73 74 276480
73:4  73 74 46080
73:11  73 74 23040
73:12  73 74 46080
74:0  74 75 225792
75:0  75 76 225792
77:0  77 78 718848
77:1  77 78 2032128
77:2  77 78 489216
77:3  77 78 497664
77:4  77 78 179712
77:59  77 78 124416
77:60  77 78 44928
77:67  77 78 20736
77:68  77 78 82944
79:0  79 80 30720
79:1  79 80 1128960
79:2  79 80 37632
79:3  79 80 46080
80:0  80 81 37632
81:0  81 82 37632
83:0  83 84 76800
83:1  83 84 940800
83:2  83 84 112896
83:3  83 84 38400
85:0  85 86 1128960
87:0  87 88 122880
87:1  87 88 1128960
87:2  87 88 150528
87:3  87 88 46080
88:0  88 89 1204224
89:0  89 90 1204224
91:0  91 92 327680
91:1  91 92 1204224
91:2  91 92 376320
91:3  91 92 294912
91:4  91 92 81920
91:11  91 92 24576
91:12  91 92 49152
93:0  93 94 229376
93:1  93 94 1204224
93:2  93 94 263424
93:3  93 94 294912
93:4  93 94 57344
93:11  93 94 24576
93:12  93 94 49152
94:0  94 95 263424
95:0  95 96 263424
97:0  97 98 903168
97:1  97 98 2370816
97:2  97 98 526848
97:3  97 98 580608
97:4  97 98 225792
97:59  97 98 145152
97:60  97 98 56448
97:67  97 98 24192
97:68  97 98 96768
99:0  99 100 49152
99:1  99 100 1204224
99:2  99 100 56448
99:3  99 100 49152
100:0  100 101 56448
101:0  101 102 56448
103:0  103 104 153600
103:1  103 104 1411200
103:2  103 104 150528
103:3  103 104 57600
105:0  105 106 1204224
107:0  107 108 131072
107:1  107 108 1204224
107:2  107 108 150528
107:3  107 108 49152
108:0  108 109 1204224
109:0  109 110 1204224
111:0  111 112 262144
111:1  111 112 1204224
111:2  111 112 301056
111:3  111 112 294912
111:4  111 112 65536
111:11  111 112 24576
111:12  111 112 49152
113:0  113 114 262144
113:1  113 114 1204224
113:2  113 114 301056
113:3  113 114 294912
113:4  113 114 65536
113:11  113 114 24576
113:12  113 114 49152
114:0  114 115 301056
115:0  115 116 301056
117:0  117 118 1179648
117:1  117 118 2709504
117:2  117 118 602112
117:3  117 118 663552
117:4  117 118 294912
117:59  117 118 165888
117:60  117 118 73728
117:67  117 118 27648
117:68  117 118 110592
119:0  119 120 49152
119:1  119 120 1204224
119:2  119 120 56448
119:3  119 120 49152
120:0  120 121 56448
121:0  121 122 56448
123:0  123 124 153600
123:1  123 124 1411200
123:2  123 124 150528
123:3  123 124 57600
125:0  125 126 1204224
127:0  127 128 131072
127:1  127 128 1204224
127:2  127 128 150528
127:3  127 128 49152
128:0  128 129 1204224
129:0  129 130 1204224
131:0  131 132 229376
131:1  131 132 1204224
131:2  131 132 263424
131:3  131 132 294912
131:4  131 132 57344
131:11  131 132 24576
131:12  131 132 49152
133:0  133 134 294912
133:1  133 134 1204224
133:2  133 134 338688
133:3  133 134 294912
133:4  133 134 73728
133:11  133 134 24576
133:12  133 134 49152
134:0  134 135 338688
135:0  135 136 338688
137:0  137 138 1492992
137:1  137 138 3048192
137:2  137 138 677376
137:3  137 138 746496
137:4  137 138 373248
137:59  137 138 186624
137:60  137 138 93312
137:67  137 138 31104
137:68  137 138 124416
139:0  139 140 65536
139:1  139 140 1204224
139:2  139 140 75264
139:3  139 140 49152
140:0  140 141 75264
141:0  141 142 75264
143:0  143 144 204800
143:1  143 144 1881600
143:2  143 144 150528
143:3  143 144 460800
143:4  143 144 51200
143:11  143 144 38400
143:12  143 144 76800
145:0  145 146 1204224
147:0  147 148 131072
147:1  147 148 1204224
147:2  147 148 150528
147:3  147 148 49152
148:0  148 149 1241856
149:0  149 150 1241856
151:0  151 152 540672
151:1  151 152 1241856
151:2  151 152 602112
151:3  151 152 304128
151:4  151 152 135168
151:11  151 152 25344
151:12  151 152 50688
153:0  153 154 337920
153:1  153 154 1241856
153:2  153 154 376320
153:3  153 154 304128
153:4  153 154 84480
153:11  153 154 25344
153:12  153 154 50688
154:0  154 155 376320
155:0  155 156 376320
157:0  157 158 1843200
157:1  157 158 3386880
157:2  157 158 752640
157:3  157 158 829440
157:4  157 158 460800
157:59  157 158 207360
157:60  157 158 115200
157:67  157 158 34560
157:68  157 158 138240
159:0  159 160 67584
159:1  159 160 1241856
159:2  159 160 75264
159:3  159 160 50688
160:0  160 161 75264
161:0  161 162 75264
163:0  163 164 409600
163:1  163 164 1881600
163:2  163 164 301056
163:3  163 164 460800
163:4  163 164 102400
163:11  163 164 38400
163:12  163 164 76800
165:0  165 166 1241856
167:0  167 168 270336
167:1  167 168 1241856
167:2  167 168 301056
167:3  167 168 304128
167:4  167 168 67584
167:11  167 168 25344
167:12  167 168 50688
168:0  168 169 1956864
170:0  170 171 638976
172:0  172 173 851968
172:1  172 173 638976
172:2  172 173 196608
172:3  172 173 159744
172:4  172 173 212992
172:11  172 173 39936
174:0  174 175 532480
174:1  174 175 638976
174:2  174 175 122880
174:3  174 175 159744
174:4  174 175 133120
174:11  174 175 39936
175:0  175 176 122880
176:0  176 177 122880
178:0  178 179 1843200
178:1  178 179 1105920
178:2  178 179 245760
178:3  178 179 276480
178:4  178 179 460800
178:11  178 179 69120
180:0  180 181 106496
180:1  180 181 638976
180:2  180 181 24576
180:3  180 181 79872
181:0  181 182 24576
182:0  182 183 24576
184:0  184 185 409600
184:1  184 185 614400
184:2  184 185 98304
184:3  184 185 153600
184:4  184 185 102400
184:11  184 185 38400
186:0  186 187 638976
188:0  188 189 425984
188:1  188 189 638976
188:2  188 189 98304
188:3  188 189 159744
188:4  188 189 106496
188:11  188 189 39936
189:0  189 190 638976
190:0  190 191 638976
192:0  192 193 1277952
192:1  192 193 638976
192:2  192 193 294912
192:3  192 193 159744
192:4  192 193 319488
192:11  192 193 39936
194:0  194 195 638976
194:1  194 195 638976
194:2  194 195 147456
194:3  194 195 159744
194:4  194 195 159744
194:11  194 195 39936
195:0  195 196 147456
196:0  196 197 147456
198:0  198 199 2654208
198:1  198 199 1327104
198:2  198 199 294912
198:3  198 199 331776
198:4  198 199 663552
198:11  198 199 82944
200:0  200 201 159744
200:1  200 201 638976
200:2  200 201 36864
200:3  200 201 79872
201:0  201 202 36864
202:0  202 203 36864
204:0  204 205 614400
204:1  204 205 921600
204:2  204 205 98304
204:3  204 205 230400
204:4  204 205 153600
204:11  204 205 57600
206:0  206 207 638976
208:0  208 209 425984
208:1  208 209 638976
208:2  208 209 98304
208:3  208 209 159744
208:4  208 209 106496
208:11  208 209 39936
209:0  209 210 786432
211:0  211 212 49152
213:0  213 214 49152
213:1  213 214 49152
213:2  213 214 576
213:3  213 1624 64
213:4  213 214 98304
215:0  215 216 512
229:0  229 230 576
229:1  229 230 49152
229:2  229 230 49152
229:3  229 230 1152
232:0  232 233 512
232:1  232 233 49152
232:2  232 233 49152
232:3  232 233 960
242:0  242 243 98304
242:1  242 243 638976
242:2  242 243 425984
242:3  242 243 156672
242:4  242 243 24576
242:11  242 243 9216
242:12  242 243 18432
248:0  248 249 98304
248:1  248 249 921600
248:2  248 249 614400
248:3  248 249 230400
248:4  248 249 24576
248:11  248 249 9216
251:0  251 252 98304
251:1  251 252 614400
251:2  251 252 921600
251:3  251 252 12288
259:0  259 260 36864
259:1  259 260 638976
259:2  259 260 159744
259:3  259 260 18432
265:0  265 266 294912
265:1  265 266 1327104
265:2  265 266 2654208
265:3  265 266 663552
265:4  265 266 73728
265:11  265 266 9216
268:0  268 269 294912
268:1  268 269 2654208
268:2  268 269 1327104
268:3  268 269 663552
268:4  268 269 73728
268:11  268 269 18432
276:0  276 277 147456
276:1  276 277 638976
276:2  276 277 638976
276:3  276 277 156672
276:4  276 277 36864
276:11  276 277 9216
276:12  276 277 18432
282:0  282 283 294912
282:1  282 283 638976
282:2  282 283 1277952
282:3  282 283 313344
282:4  282 283 73728
282:11  282 283 9216
282:12  282 283 18432
285:0  285 286 98304
285:1  285 286 425984
285:2  285 286 638976
285:3  285 286 12288
291:0  291 292 638976
337:0  337 338 36864
337:1  337 338 159744
337:2  337 338 638976
337:3  337 338 4608
340:0  340 341 638976
344:0  344 345 147456
344:1  344 345 638976
344:2  344 345 638976
344:3  344 345 156672
344:4  344 345 36864
344:11  344 345 9216
344:12  344 345 18432
347:0  347 348 638976
351:0  351 352 294912
351:1  351 352 1277952
351:2  351 352 638976
351:3  351 352 313344
351:4  351 352 73728
351:11  351 352 18432
351:12  351 352 36864
354:0  354 355 638976
356:0  356 357 638976
360:0  360 361 638976
361:0  361 362 98304
361:1  361 362 638976
361:2  361 362 425984
361:3  361 362 156672
361:4  361 362 24576
361:11  361 362 9216
361:12  361 362 18432
362:0  362 363 638976
366:0  366 367 638976
367:0  367 368 98304
367:1  367 368 614400
367:2  367 368 409600
367:3  367 368 152064
367:4  367 368 24576
367:11  367 368 9216
367:12  367 368 18432
369:0  369 370 638976
370:0  370 371 98304
370:1  370 371 409600
370:2  370 371 614400
370:3  370 371 12288
378:0  378 379 24576
378:1  378 379 638976
378:2  378 379 106496
378:3  378 379 18432
379:0  379 380 638976
383:0  383 384 638976
384:0  384 385 245760
384:1  384 385 1105920
384:2  384 385 1843200
384:3  384 385 460800
384:4  384 385 61440
384:11  384 385 9216
386:0  386 387 638976
387:0  387 388 245760
387:1  387 388 1843200
387:2  387 388 1105920
387:3  387 388 460800
387:4  387 388 61440
387:11  387 388 15360
395:0  395 396 122880
395:1  395 396 638976
395:2  395 396 532480
395:3  395 396 156672
395:4  395 396 30720
395:11  395 396 9216
395:12  395 396 18432
396:0  396 397 638976
400:0  400 401 638976
401:0  401 402 196608
401:1  401 402 638976
401:2  401 402 851968
401:3  401 402 208896
401:4  401 402 49152
401:11  401 402 9216
401:12  401 402 18432
403:0  403 404 638976
404:0  404 405 98304
404:1  404 405 425984
404:2  404 405 638976
404:3  404 405 12288
410:0  410 411 638976
456:0  456 457 24576
456:1  456 457 106496
456:2  456 457 638976
456:3  456 457 3072
459:0  459 460 638976
463:0  463 464 122880
463:1  463 464 532480
463:2  463 464 638976
463:3  463 464 156672
463:4  463 464 30720
463:11  463 464 7680
463:12  463 464 15360
466:0  466 467 638976
469:0  469 470 638976
470:0  470 471 196608
470:1  470 471 851968
470:2  470 471 638976
470:3  470 471 208896
470:4  470 471 49152
470:11  470 471 12288
470:12  470 471 24576
473:0  473 474 638976
521:0  521 522 1956864
525:0  525 526 1956864
526:0  526 527 301056
526:1  526 527 1241856
526:2  526 527 270336
526:3  526 527 56448
527:0  527 528 1956864
531:0  531 532 1956864
532:0  532 533 301056
532:1  532 533 1881600
532:2  532 533 409600
532:3  532 533 56448
534:0  534 535 1956864
535:0  535 536 301056
535:1  535 536 409600
535:2  535 536 1881600
535:3  535 536 462528
535:4  535 536 74752
535:11  535 536 6144
535:13  535 536 12288
543:0  543 544 75264
543:1  543 544 1241856
543:2  543 544 67584
543:3  543 544 56448
544:0  544 545 1956864
548:0  548 549 1956864
549:0  549 550 752640
549:1  549 550 3386880
549:2  549 550 1843200
549:3  549 550 56448
551:0  551 552 1956864
552:0  552 553 752640
552:1  552 553 1843200
552:2  552 553 3386880
552:3  552 553 840960
552:4  552 553 186880
552:65  552 553 207360
552:66  552 553 46080
552:73  552 553 7680
552:74  552 553 15360
552:75  552 553 30720
560:0  560 561 376320
560:1  560 561 1241856
560:2  560 561 337920
560:3  560 561 56448
561:0  561 562 1956864
565:0  565 566 1956864
566:0  566 567 602112
566:1  566 567 1241856
566:2  566 567 540672
566:3  566 567 56448
568:0  568 569 1956864
569:0  569 570 301056
569:1  569 570 270336
569:2  569 570 1241856
569:3  569 570 12288
575:0  575 576 1241856
621:0  621 622 75264
621:1  621 622 67584
621:2  621 622 1241856
621:3  621 622 3072
624:0  624 625 1241856
628:0  628 629 376320
628:1  628 629 337920
628:2  628 629 1241856
628:3  628 629 308352
628:4  628 629 93440
628:11  628 629 7680
628:12  628 629 15360
631:0  631 632 1241856
634:0  634 635 1956864
635:0  635 636 602112
635:1  635 636 540672
635:2  635 636 1241856
635:3  635 636 308352
635:4  635 636 149504
635:11  635 636 12288
635:12  635 636 24576
638:0  638 639 1241856
640:0  640 641 1241856
644:0  644 645 1241856
645:0  645 646 150528
645:1  645 646 1204224
645:2  645 646 131072
645:3  645 646 56448
646:0  646 647 1241856
650:0  650 651 1241856
651:0  651 652 150528
651:1  651 652 1881600
651:2  651 652 204800
651:3  651 652 56448
653:0  653 654 1241856
654:0  654 655 150528
654:1  654 655 204800
654:2  654 655 1881600
654:3  654 655 6144
662:0  662 663 75264
662:1  662 663 1204224
662:2  662 663 65536
662:3  662 663 56448
663:0  663 664 1241856
667:0  667 668 1241856
668:0  668 669 677376
668:1  668 669 3048192
668:2  668 669 1492992
668:3  668 669 56448
670:0  670 671 1241856
671:0  671 672 677376
671:1  671 672 1492992
671:2  671 672 3048192
671:3  671 672 756864
671:4  671 672 168192
671:65  671 672 186624
671:66  671 672 41472
671:73  671 672 6912
671:74  671 672 13824
671:75  671 672 27648
679:0  679 680 338688
679:1  679 680 1204224
679:2  679 680 294912
679:3  679 680 56448
680:0  680 681 1241856
684:0  684 685 1241856
685:0  685 686 263424
685:1  685 686 1204224
685:2  685 686 229376
685:3  685 686 56448
687:0  687 688 1241856
688:0  688 689 150528
688:1  688 689 131072
688:2  688 689 1204224
688:3  688 689 6144
694:0  694 695 1204224
740:0  740 741 75264
740:1  740 741 65536
740:2  740 741 1204224
740:3  740 741 3072
743:0  743 744 1204224
747:0  747 748 338688
747:1  747 748 294912
747:2  747 748 1204224
747:3  747 748 294336
747:4  747 748 84096
747:11  747 748 6912
747:13  747 748 13824
750:0  750 751 1204224
753:0  753 754 1241856
754:0  754 755 263424
754:1  754 755 229376
754:2  754 755 1204224
754:3  754 755 10752
757:0  757 758 1204224
759:0  759 760 1204224
763:0  763 764 1204224
764:0  764 765 150528
764:1  764 765 1204224
764:2  764 765 131072
764:3  764 765 56448
765:0  765 766 1204224
769:0  769 770 1204224
770:0  770 771 150528
770:1  770 771 1411200
770:2  770 771 153600
770:3  770 771 56448
772:0  772 773 1204224
773:0  773 774 150528
773:1  773 774 153600
773:2  773 774 1411200
773:3  773 774 6144
781:0  781 782 56448
781:1  781 782 1204224
781:2  781 782 49152
781:3  781 782 56448
782:0  782 783 1204224
786:0  786 787 1204224
787:0  787 788 602112
787:1  787 788 2709504
787:2  787 788 1179648
787:3  787 788 56448
789:0  789 790 1204224
790:0  790 791 602112
790:1  790 791 1179648
790:2  790 791 2709504
790:3  790 791 672768
790:4  790 791 149504
790:11  790 791 12288
790:12  790 791 24576
798:0  798 799 301056
798:1  798 799 1204224
798:2  798 799 262144
798:3  798 799 56448
799:0  799 800 1204224
803:0  803 804 1204224
804:0  804 805 301056
804:1  804 805 1204224
804:2  804 805 262144
804:3  804 805 56448
806:0  806 807 1204224
807:0  807 808 150528
807:1  807 808 131072
807:2  807 808 1204224
807:3  807 808 6144
813:0  813 814 1204224
859:0  859 860 56448
859:1  859 860 49152
859:2  859 860 1204224
859:3  859 860 2304
862:0  862 863 1204224
866:0  866 867 301056
866:1  866 867 262144
866:2  866 867 1204224
866:3  866 867 12288
869:0  869 870 1204224
872:0  872 873 1204224
873:0  873 874 301056
873:1  873 874 262144
873:2  873 874 1204224
873:3  873 874 12288
876:0  876 877 1204224
878:0  878 879 1204224
882:0  882 883 1204224
883:0  883 884 150528
883:1  883 884 1204224
883:2  883 884 131072
883:3  883 884 56448
884:0  884 885 1204224
888:0  888 889 1204224
889:0  889 890 150528
889:1  889 890 1411200
889:2  889 890 153600
889:3  889 890 56448
891:0  891 892 1204224
892:0  892 893 150528
892:1  892 893 153600
892:2  892 893 1411200
892:3  892 893 6144
900:0  900 901 56448
900:1  900 901 1204224
900:2  900 901 49152
900:3  900 901 56448
901:0  901 902 1204224
905:0  905 906 1204224
906:0  906 907 526848
906:1  906 907 2370816
906:2  906 907 903168
906:3  906 907 56448
908:0  908 909 1204224
909:0  909 910 526848
909:1  909 910 903168
909:2  909 910 2370816
909:3  909 910 588672
909:4  909 910 130816
909:11  909 910 10752
909:12  909 910 21504
917:0  917 918 263424
917:1  917 918 1204224
917:2  917 918 229376
917:3  917 918 56448
918:0  918 919 1204224
922:0  922 923 1204224
923:0  923 924 376320
923:1  923 924 1204224
923:2  923 924 327680
923:3  923 924 56448
925:0  925 926 1204224
926:0  926 927 150528
926:1  926 927 131072
926:2  926 927 1204224
926:3  926 927 6144
932:0  932 933 1204224
978:0  978 979 56448
978:1  978 979 49152
978:2  978 979 1204224
978:3  978 979 2304
981:0  981 982 1204224
985:0  985 986 263424
985:1  985 986 229376
985:2  985 986 1204224
985:3  985 986 10752
988:0  988 989 1204224
991:0  991 992 1204224
992:0  992 993 376320
992:1  992 993 327680
992:2  992 993 1204224
992:3  992 993 294336
992:4  992 993 93440
992:11  992 993 7680
992:13  992 993 15360
995:0  995 996 1204224
997:0  997 998 1204224
1001:0  1001 1002 1204224
1002:0  1002 1003 150528
1002:1  1002 1003 1128960
1002:2  1002 1003 122880
1002:3  1002 1003 56448
1003:0  1003 1004 1204224
1007:0  1007 1008 1204224
1008:0  1008 1009 112896
1008:1  1008 1009 940800
1008:2  1008 1009 76800
1008:3  1008 1009 56448
1010:0  1010 1011 1204224
1011:0  1011 1012 112896
1011:1  1011 1012 76800
1011:2  1011 1012 940800
1011:3  1011 1012 4608
1019:0  1019 1020 37632
1019:1  1019 1020 1128960
1019:2  1019 1020 30720
1019:3  1019 1020 56448
1020:0  1020 1021 1204224
1024:0  1024 1025 1204224
1025:0  1025 1026 489216
1025:1  1025 1026 2032128
1025:2  1025 1026 718848
1025:3  1025 1026 56448
1027:0  1027 1028 1204224
1028:0  1028 1029 489216
1028:1  1028 1029 718848
1028:2  1028 1029 2032128
1028:3  1028 1029 504576
1028:4  1028 1029 121472
1028:11  1028 1029 9984
1028:12  1028 1029 19968
1036:0  1036 1037 225792
1036:1  1036 1037 1128960
1036:2  1036 1037 184320
1036:3  1036 1037 56448
1037:0  1037 1038 1204224
1041:0  1041 1042 1204224
1042:0  1042 1043 451584
1042:1  1042 1043 1128960
1042:2  1042 1043 368640
1042:3  1042 1043 56448
1044:0  1044 1045 1204224
1045:0  1045 1046 150528
1045:1  1045 1046 122880
1045:2  1045 1046 1128960
1045:3  1045 1046 6144
1051:0  1051 1052 1128960
1097:0  1097 1098 37632
1097:1  1097 1098 30720
1097:2  1097 1098 1128960
1097:3  1097 1098 1536
1100:0  1100 1101 1128960
1104:0  1104 1105 225792
1104:1  1104 1105 184320
1104:2  1104 1105 1128960
1104:3  1104 1105 9216
1107:0  1107 1108 1128960
1110:0  1110 1111 1204224
1111:0  1111 1112 451584
1111:1  1111 1112 368640
1111:2  1111 1112 1128960
1111:3  1111 1112 280320
1111:4  1111 1112 112128
1111:11  1111 1112 9216
1111:12  1111 1112 18432
1114:0  1114 1115 1128960
1162:0  1162 1163 4515840
1166:0  1166 1167 4515840
1167:0  1167 1168 602112
1167:1  1167 1168 2408448
1167:2  1167 1168 65536
1167:3  1167 1168 225792
1168:0  1168 1169 4515840
1172:0  1172 1173 4515840
1173:0  1173 1174 903168
1173:1  1173 1174 7526400
1173:2  1173 1174 307200
1173:3  1173 1174 1862784
1173:4  1173 1174 225792
1173:11  1173 1174 112896
1173:12  1173 1174 225792
1175:0  1175 1176 4515840
1176:0  1176 1177 903168
1176:1  1176 1177 307200
1176:2  1176 1177 7526400
1176:3  1176 1177 9216
1184:0  1184 1185 301056
1184:1  1184 1185 2408448
1184:2  1184 1185 32768
1184:3  1184 1185 225792
1185:0  1185 1186 4515840
1189:0  1189 1190 4515840
1190:0  1190 1191 1806336
1190:1  1190 1191 10838016
1190:2  1190 1191 884736
1190:3  1190 1191 2709504
1190:4  1190 1191 451584
1190:59  1190 1191 677376
1190:60  1190 1191 112896
1190:67  1190 1191 56448
1192:0  1192 1193 4515840
1193:0  1193 1194 1806336
1193:1  1193 1194 884736
1193:2  1193 1194 10838016
1193:3  1193 1194 2709504
1193:4  1193 1194 451584
1193:11  1193 1194 9216
1201:0  1201 1202 1204224
1201:1  1201 1202 2408448
1201:2  1201 1202 131072
1201:3  1201 1202 564480
1201:4  1201 1202 301056
1201:11  1201 1202 112896
1201:12  1201 1202 225792
1202:0  1202 1203 4515840
1206:0  1206 1207 4515840
1207:0  1207 1208 1204224
1207:1  1207 1208 2408448
1207:2  1207 1208 131072
1207:3  1207 1208 564480
1207:4  1207 1208 301056
1207:11  1207 1208 112896
1207:12  1207 1208 225792
1209:0  1209 1210 4515840
1210:0  1210 1211 602112
1210:1  1210 1211 65536
1210:2  1210 1211 2408448
1210:3  1210 1211 6144
1216:0  1216 1217 2408448
1262:0  1262 1263 301056
1262:1  1262 1263 32768
1262:2  1262 1263 2408448
1262:3  1262 1263 3072
1265:0  1265 1266 2408448
1269:0  1269 1270 1204224
1269:1  1269 1270 131072
1269:2  1269 1270 2408448
1269:3  1269 1270 12288
1272:0  1272 1273 2408448
1275:0  1275 1276 4515840
1276:0  1276 1277 1204224
1276:1  1276 1277 131072
1276:2  1276 1277 2408448
1276:3  1276 1277 12288
1279:0  1279 1280 2408448
1281:0  1281 1282 2408448
1285:0  1285 1286 2408448
1286:0  1286 1287 301056
1286:1  1286 1287 1806336
1286:2  1286 1287 24576
1286:3  1286 1287 225792
1287:0  1287 1288 2408448
1291:0  1291 1292 2408448
1292:0  1292 1293 301056
1292:1  1292 1293 3763200
1292:2  1292 1293 51200
1292:3  1292 1293 225792
1294:0  1294 1295 2408448
1295:0  1295 1296 301056
1295:1  1295 1296 51200
1295:2  1295 1296 3763200
1295:3  1295 1296 3072
1303:0  1303 1304 150528
1303:1  1303 1304 1806336
1303:2  1303 1304 12288
1303:3  1303 1304 225792
1304:0  1304 1305 2408448
1308:0  1308 1309 2408448
1309:0  1309 1310 1204224
1309:1  1309 1310 8128512
1309:2  1309 1310 442368
1309:3  1309 1310 2032128
1309:4  1309 1310 301056
1309:11  1309 1310 112896
1311:0  1311 1312 2408448
1312:0  1312 1313 1204224
1312:1  1312 1313 442368
1312:2  1312 1313 8128512
1312:3  1312 1313 2032128
1312:4  1312 1313 301056
1312:11  1312 1313 6144
1320:0  1320 1321 903168
1320:1  1320 1321 1806336
1320:2  1320 1321 73728
1320:3  1320 1321 451584
1320:4  1320 1321 225792
1320:11  1320 1321 112896
1321:0  1321 1322 2408448
1325:0  1325 1326 2408448
1326:0  1326 1327 602112
1326:1  1326 1327 1806336
1326:2  1326 1327 49152
1326:3  1326 1327 225792
1328:0  1328 1329 2408448
1329:0  1329 1330 301056
1329:1  1329 1330 24576
1329:2  1329 1330 1806336
1329:3  1329 1330 3072
1335:0  1335 1336 1806336
1381:0  1381 1382 150528
1381:1  1381 1382 12288
1381:2  1381 1382 1806336
1381:3  1381 1382 1536
1384:0  1384 1385 1806336
1388:0  1388 1389 903168
1388:1  1388 1389 73728
1388:2  1388 1389 1806336
1388:3  1388 1389 9216
1391:0  1391 1392 1806336
1394:0  1394 1395 2408448
1395:0  1395 1396 602112
1395:1  1395 1396 49152
1395:2  1395 1396 1806336
1395:3  1395 1396 6144
1398:0  1398 1399 1806336
1446:0  1446 1447 7225344
1450:0  1450 1451 7225344
1451:0  1451 1452 7225344
1451:1  1451 1452 21676032
1451:2  1451 1452 442368
1451:3  1451 1452 5419008
1451:4  1451 1452 1806336
1451:59  1451 1452 1354752
1451:60  1451 1452 451584
1451:67  1451 1452 225792
1453:0  1453 1454 7225344
1454:0  1454 1455 7225344
1454:1  1454 1455 442368
1454:2  1454 1455 21676032
1454:3  1454 1455 5419008
1454:4  1454 1455 1806336
1454:11  1454 1455 9216
1460:0  1460 1461 9633792
1504:0  1504 1505 38535168
1508:0  1508 1509 38535168
1509:0  1509 1510 38535168
1509:1  1509 1510 88510464
1509:2  1509 1510 37632
1509:3  1509 1510 14450688
0  0 2 64
1  1 4 64
2  2 5 64
3  3 5 64
4  4 7 64
5  5 9 576
6  6 8 192
7  7 9 576
8  8 16 576
9  9 11 64
10  10 12 64
11  11 13 64
12  12 14 64
13  13 15 512
14  14 16 576
15  15 218 576
16  16 18 7225344
17  17 19 9633792
18  18 1510 88510464
19  19 21 37632
20  20 22 38535168
21  21 1491 38535168
22  22 1492 9633792
23  23 1452 21676032
24  24 26 442368
25  25 27 7225344
26  26 1433 7225344
27  27 1434 1806336
28  28 1327 1806336
29  29 31 49152
30  30 48 602112
31  31 33 73728
32  32 34 903168
33  33 35 903168
34  34 1310 8128512
35  35 37 442368
36  36 48 1204224
37  37 39 12288
38  38 40 150528
39  39 41 150528
40  40 1293 3763200
41  41 43 51200
42  42 48 301056
43  43 1367 1806336
44  44 1287 1806336
45  45 47 24576
46  46 48 301056
47  47 1247 2408448
48  48 1208 2408448
49  49 51 131072
50  50 68 1204224
51  51 53 131072
52  52 54 1204224
53  53 55 1204224
54  54 1191 10838016
55  55 57 884736
56  56 68 1806336
57  57 59 32768
58  58 60 301056
59  59 61 301056
60  60 1174 7526400
61  61 63 307200
62  62 68 903168
63  63 1248 2408448
64  64 1168 2408448
65  65 67 65536
66  66 68 602112
67  67 1149 4515840
68  68 1150 1128960
69  69 1043 1128960
70  70 72 368640
71  71 89 451584
72  72 74 184320
73  73 75 225792
74  74 76 225792
75  75 1026 2032128
76  76 78 718848
77  77 89 489216
78  78 80 30720
79  79 81 37632
80  80 82 37632
81  81 1009 940800
82  82 84 76800
83  83 89 112896
84  84 1083 1128960
85  85 1003 1128960
86  86 88 122880
87  87 89 150528
88  88 963 1204224
89  89 924 1204224
90  90 92 327680
91  91 109 376320
92  92 94 229376
93  93 95 263424
94  94 96 263424
95  95 907 2370816
96  96 98 903168
97  97 109 526848
98  98 100 49152
99  99 101 56448
100  100 102 56448
101  101 890 1411200
102  102 104 153600
103  103 109 150528
104  104 964 1204224
105  105 884 1204224
106  106 108 131072
107  107 109 150528
108  108 844 1204224
109  109 805 1204224
110  110 112 262144
111  111 129 301056
112  112 114 262144
113  113 115 301056
114  114 116 301056
115  115 788 2709504
116  116 118 1179648
117  117 129 602112
118  118 120 49152
119  119 121 56448
120  120 122 56448
121  121 771 1411200
122  122 124 153600
123  123 129 150528
124  124 845 1204224
125  125 765 1204224
126  126 128 131072
127  127 129 150528
128  128 725 1204224
129  129 686 1204224
130  130 132 229376
131  131 149 263424
132  132 134 294912
133  133 135 338688
134  134 136 338688
135  135 669 3048192
136  136 138 1492992
137  137 149 677376
138  138 140 65536
139  139 141 75264
140  140 142 75264
141  141 652 1881600
142  142 144 204800
143  143 149 150528
144  144 726 1204224
145  145 646 1204224
146  146 148 131072
147  147 149 150528
148  148 606 1241856
149  149 567 1241856
150  150 152 540672
151  151 169 602112
152  152 154 337920
153  153 155 376320
154  154 156 376320
155  155 550 3386880
156  156 158 1843200
157  157 169 752640
158  158 160 67584
159  159 161 75264
160  160 162 75264
161  161 533 1881600
162  162 164 409600
163  163 169 301056
164  164 607 1241856
165  165 527 1241856
166  166 168 270336
167  167 169 301056
168  168 508 1956864
169  169 509 638976
170  170 402 638976
171  171 173 851968
172  172 190 196608
173  173 175 532480
174  174 176 122880
175  175 177 122880
176  176 385 1105920
177  177 179 1843200
178  178 190 245760
179  179 181 106496
180  180 182 24576
181  181 183 24576
182  182 368 614400
183  183 185 409600
184  184 190 98304
185  185 442 638976
186  186 362 638976
187  187 189 425984
188  188 190 98304
189  189 322 638976
190  190 283 638976
191  191 193 1277952
192  192 210 294912
193  193 195 638976
194  194 196 147456
195  195 197 147456
196  196 266 1327104
197  197 199 2654208
198  198 210 294912
199  199 201 159744
200  200 202 36864
201  201 203 36864
202  202 249 921600
203  203 205 614400
204  204 210 98304
205  205 323 638976
206  206 243 638976
207  207 209 425984
208  208 210 98304
209  209 211 786432
210  210 212 49152
211  211 230 49152
212  212 214 40960
213  213 215 512
214  214 216 576
215  215 219 576
216  216 218 576
217  217 220 576
218  218 226 512
219  219 225 512
220  220 222 512
221  221 223 512
222  222 224 512
223  223 225 512
224  224 226 512
225  225 232 512
226  226 228 512
227  227 1511 64
228  228 230 512
229  229 1512 40960
230  230 233 40960
231  231 233 512
232  232 234 49152
233  233 235 49152
234  234 236 49152
235  235 237 38535168
236  236 351 786432
237  237 239 98304
238  238 240 8192
239  239 241 8192
240  240 1513 512
241  241 243 98304
242  242 1514 425984
243  243 245 98304
244  244 246 8192
245  245 247 8192
246  246 1515 512
247  247 249 98304
248  248 1516 614400
249  249 252 614400
250  250 252 98304
251  251 253 921600
252  252 254 921600
253  253 337 36864
254  254 256 36864
255  255 257 3072
256  256 258 3072
257  257 1517 192
258  258 260 36864
259  259 1518 159744
260  260 262 294912
261  261 263 24576
262  262 264 24576
263  263 1519 1536
264  264 266 294912
265  265 1520 2654208
266  266 269 2654208
267  267 269 294912
268  268 270 1327104
269  269 271 1327104
270  270 344 147456
271  271 273 147456
272  272 274 12288
273  273 275 12288
274  274 1521 768
275  275 277 147456
276  276 1522 638976
277  277 279 294912
278  278 280 24576
279  279 281 24576
280  280 1523 1536
281  281 283 294912
282  282 1524 1277952
283  283 286 425984
284  284 286 98304
285  285 287 638976
286  286 288 638976
287  287 292 638976
288  288 290 638976
289  289 291 638976
290  290 293 638976
291  291 325 638976
292  292 326 638976
293  293 295 638976
294  294 296 638976
295  295 297 638976
296  296 327 638976
297  297 299 638976
298  298 300 638976
299  299 301 638976
300  300 328 638976
301  301 303 638976
302  302 304 638976
303  303 305 638976
304  304 329 638976
305  305 307 638976
306  306 308 638976
307  307 309 638976
308  308 330 638976
309  309 311 638976
310  310 312 638976
311  311 313 638976
312  312 331 638976
313  313 315 638976
314  314 316 638976
315  315 317 638976
316  316 332 638976
317  317 319 638976
318  318 320 638976
319  319 321 638976
320  320 333 638976
321  321 323 638976
322  322 324 638976
323  323 325 638976
324  324 334 638976
325  325 335 638976
326  326 335 638976
327  327 335 638976
328  328 335 638976
329  329 335 638976
330  330 335 638976
331  331 335 638976
332  332 335 638976
333  333 335 638976
334  334 342 638976
335  335 338 159744
336  336 338 36864
337  337 339 638976
338  338 340 638976
339  339 341 638976
340  340 342 638976
341  341 349 638976
342  342 345 638976
343  343 345 147456
344  344 346 638976
345  345 347 638976
346  346 348 638976
347  347 349 638976
348  348 356 638976
349  349 352 1277952
350  350 352 294912
351  351 353 638976
352  352 354 638976
353  353 355 638976
354  354 356 638976
355  355 470 638976
356  356 358 98304
357  357 359 8192
358  358 360 8192
359  359 1525 512
360  360 362 98304
361  361 1526 425984
362  362 364 98304
363  363 365 8192
364  364 366 8192
365  365 1527 512
366  366 368 98304
367  367 1528 409600
368  368 371 409600
369  369 371 98304
370  370 372 614400
371  371 373 614400
372  372 456 24576
373  373 375 24576
374  374 376 2048
375  375 377 2048
376  376 1529 128
377  377 379 24576
378  378 1530 106496
379  379 381 245760
380  380 382 20480
381  381 383 20480
382  382 1531 1280
383  383 385 245760
384  384 1532 1843200
385  385 388 1843200
386  386 388 245760
387  387 389 1105920
388  388 390 1105920
389  389 463 122880
390  390 392 122880
391  391 393 10240
392  392 394 10240
393  393 1533 640
394  394 396 122880
395  395 1534 532480
396  396 398 196608
397  397 399 16384
398  398 400 16384
399  399 1535 1024
400  400 402 196608
401  401 1536 851968
402  402 405 425984
403  403 405 98304
404  404 406 638976
405  405 407 638976
406  406 411 638976
407  407 409 638976
408  408 410 638976
409  409 412 638976
410  410 444 638976
411  411 445 638976
412  412 414 638976
413  413 415 638976
414  414 416 638976
415  415 446 638976
416  416 418 638976
417  417 419 638976
418  418 420 638976
419  419 447 638976
420  420 422 638976
421  421 423 638976
422  422 424 638976
423  423 448 638976
424  424 426 638976
425  425 427 638976
426  426 428 638976
427  427 449 638976
428  428 430 638976
429  429 431 638976
430  430 432 638976
431  431 450 638976
432  432 434 638976
433  433 435 638976
434  434 436 638976
435  435 451 638976
436  436 438 638976
437  437 439 638976
438  438 440 638976
439  439 452 638976
440  440 442 638976
441  441 443 638976
442  442 444 638976
443  443 453 638976
444  444 454 638976
445  445 454 638976
446  446 454 638976
447  447 454 638976
448  448 454 638976
449  449 454 638976
450  450 454 638976
451  451 454 638976
452  452 454 638976
453  453 461 638976
454  454 457 106496
455  455 457 24576
456  456 458 638976
457  457 459 638976
458  458 460 638976
459  459 461 638976
460  460 468 638976
461  461 464 532480
462  462 464 122880
463  463 465 638976
464  464 466 638976
465  465 467 638976
466  466 468 638976
467  467 475 638976
468  468 471 851968
469  469 471 196608
470  470 472 638976
471  471 473 638976
472  472 474 638976
473  473 475 638976
474  474 511 638976
475  475 477 638976
476  476 478 638976
477  477 479 638976
478  478 512 638976
479  479 481 638976
480  480 482 638976
481  481 483 638976
482  482 513 638976
483  483 485 638976
484  484 486 638976
485  485 487 638976
486  486 514 638976
487  487 489 638976
488  488 490 638976
489  489 491 638976
490  490 515 638976
491  491 493 638976
492  492 494 638976
493  493 495 638976
494  494 516 638976
495  495 497 638976
496  496 498 638976
497  497 499 638976
498  498 517 638976
499  499 501 638976
500  500 502 638976
501  501 503 638976
502  502 518 638976
503  503 505 638976
504  504 506 638976
505  505 507 638976
506  506 519 638976
507  507 509 638976
508  508 510 638976
509  509 511 638976
510  510 520 638976
511  511 521 1956864
512  512 521 1956864
513  513 521 1956864
514  514 521 1956864
515  515 521 1956864
516  516 521 1956864
517  517 521 1956864
518  518 521 1956864
519  519 521 1956864
520  520 635 1956864
521  521 523 301056
522  522 524 25088
523  523 525 25088
524  524 1537 512
525  525 527 301056
526  526 1538 270336
527  527 529 301056
528  528 530 25088
529  529 531 25088
530  530 1539 512
531  531 533 301056
532  532 1540 409600
533  533 536 409600
534  534 536 301056
535  535 537 1881600
536  536 538 1881600
537  537 621 75264
538  538 540 75264
539  539 541 6272
540  540 542 6272
541  541 1541 128
542  542 544 75264
543  543 1542 67584
544  544 546 752640
545  545 547 62720
546  546 548 62720
547  547 1543 1280
548  548 550 752640
549  549 1544 1843200
550  550 553 1843200
551  551 553 752640
552  552 554 3386880
553  553 555 3386880
554  554 628 376320
555  555 557 376320
556  556 558 31360
557  557 559 31360
558  558 1545 640
559  559 561 376320
560  560 1546 337920
561  561 563 602112
562  562 564 50176
563  563 565 50176
564  564 1547 1024
565  565 567 602112
566  566 1548 540672
567  567 570 270336
568  568 570 301056
569  569 571 1241856
570  570 572 1241856
571  571 576 1241856
572  572 574 1241856
573  573 575 1241856
574  574 577 1241856
575  575 609 1241856
576  576 610 1241856
577  577 579 1241856
578  578 580 1241856
579  579 581 1241856
580  580 611 1241856
581  581 583 1241856
582  582 584 1241856
583  583 585 1241856
584  584 612 1241856
585  585 587 1241856
586  586 588 1241856
587  587 589 1241856
588  588 613 1241856
589  589 591 1241856
590  590 592 1241856
591  591 593 1241856
592  592 614 1241856
593  593 595 1241856
594  594 596 1241856
595  595 597 1241856
596  596 615 1241856
597  597 599 1241856
598  598 600 1241856
599  599 601 1241856
600  600 616 1241856
601  601 603 1241856
602  602 604 1241856
603  603 605 1241856
604  604 617 1241856
605  605 607 1241856
606  606 608 1241856
607  607 609 1241856
608  608 618 1241856
609  609 619 1241856
610  610 619 1241856
611  611 619 1241856
612  612 619 1241856
613  613 619 1241856
614  614 619 1241856
615  615 619 1241856
616  616 619 1241856
617  617 619 1241856
618  618 626 1241856
619  619 622 67584
620  620 622 75264
621  621 623 1241856
622  622 624 1241856
623  623 625 1241856
624  624 626 1241856
625  625 633 1241856
626  626 629 337920
627  627 629 376320
628  628 630 1241856
629  629 631 1241856
630  630 632 1241856
631  631 633 1241856
632  632 640 1241856
633  633 636 540672
634  634 636 602112
635  635 637 1241856
636  636 638 1241856
637  637 639 1241856
638  638 640 1241856
639  639 754 1241856
640  640 642 150528
641  641 643 12544
642  642 644 12544
643  643 1549 256
644  644 646 150528
645  645 1550 131072
646  646 648 150528
647  647 649 12544
648  648 650 12544
649  649 1551 256
650  650 652 150528
651  651 1552 204800
652  652 655 204800
653  653 655 150528
654  654 656 1881600
655  655 657 1881600
656  656 740 75264
657  657 659 75264
658  658 660 6272
659  659 661 6272
660  660 1553 128
661  661 663 75264
662  662 1554 65536
663  663 665 677376
664  664 666 56448
665  665 667 56448
666  666 1555 1152
667  667 669 677376
668  668 1556 1492992
669  669 672 1492992
670  670 672 677376
671  671 673 3048192
672  672 674 3048192
673  673 747 338688
674  674 676 338688
675  675 677 28224
676  676 678 28224
677  677 1557 576
678  678 680 338688
679  679 1558 294912
680  680 682 263424
681  681 683 21952
682  682 684 21952
683  683 1559 448
684  684 686 263424
685  685 1560 229376
686  686 689 131072
687  687 689 150528
688  688 690 1204224
689  689 691 1204224
690  690 695 1204224
691  691 693 1204224
692  692 694 1204224
693  693 696 1204224
694  694 728 1204224
695  695 729 1204224
696  696 698 1204224
697  697 699 1204224
698  698 700 1204224
699  699 730 1204224
700  700 702 1204224
701  701 703 1204224
702  702 704 1204224
703  703 731 1204224
704  704 706 1204224
705  705 707 1204224
706  706 708 1204224
707  707 732 1204224
708  708 710 1204224
709  709 711 1204224
710  710 712 1204224
711  711 733 1204224
712  712 714 1204224
713  713 715 1204224
714  714 716 1204224
715  715 734 1204224
716  716 718 1204224
717  717 719 1204224
718  718 720 1204224
719  719 735 1204224
720  720 722 1204224
721  721 723 1204224
722  722 724 1204224
723  723 736 1204224
724  724 726 1204224
725  725 727 1204224
726  726 728 1204224
727  727 737 1204224
728  728 738 1204224
729  729 738 1204224
730  730 738 1204224
731  731 738 1204224
732  732 738 1204224
733  733 738 1204224
734  734 738 1204224
735  735 738 1204224
736  736 738 1204224
737  737 745 1204224
738  738 741 65536
739  739 741 75264
740  740 742 1204224
741  741 743 1204224
742  742 744 1204224
743  743 745 1204224
744  744 752 1204224
745  745 748 294912
746  746 748 338688
747  747 749 1204224
748  748 750 1204224
749  749 751 1204224
750  750 752 1204224
751  751 759 1204224
752  752 755 229376
753  753 755 263424
754  754 756 1204224
755  755 757 1204224
756  756 758 1204224
757  757 759 1204224
758  758 873 1204224
759  759 761 150528
760  760 762 12544
761  761 763 12544
762  762 1561 256
763  763 765 150528
764  764 1562 131072
765  765 767 150528
766  766 768 12544
767  767 769 12544
768  768 1563 256
769  769 771 150528
770  770 1564 153600
771  771 774 153600
772  772 774 150528
773  773 775 1411200
774  774 776 1411200
775  775 859 56448
776  776 778 56448
777  777 779 4736
778  778 780 4736
779  779 1565 128
780  780 782 56448
781  781 1566 49152
782  782 784 602112
783  783 785 50176
784  784 786 50176
785  785 1567 1024
786  786 788 602112
787  787 1568 1179648
788  788 791 1179648
789  789 791 602112
790  790 792 2709504
791  791 793 2709504
792  792 866 301056
793  793 795 301056
794  794 796 25088
795  795 797 25088
796  796 1569 512
797  797 799 301056
798  798 1570 262144
799  799 801 301056
800  800 802 25088
801  801 803 25088
802  802 1571 512
803  803 805 301056
804  804 1572 262144
805  805 808 131072
806  806 808 150528
807  807 809 1204224
808  808 810 1204224
809  809 814 1204224
810  810 812 1204224
811  811 813 1204224
812  812 815 1204224
813  813 847 1204224
814  814 848 1204224
815  815 817 1204224
816  816 818 1204224
817  817 819 1204224
818  818 849 1204224
819  819 821 1204224
820  820 822 1204224
821  821 823 1204224
822  822 850 1204224
823  823 825 1204224
824  824 826 1204224
825  825 827 1204224
826  826 851 1204224
827  827 829 1204224
828  828 830 1204224
829  829 831 1204224
830  830 852 1204224
831  831 833 1204224
832  832 834 1204224
833  833 835 1204224
834  834 853 1204224
835  835 837 1204224
836  836 838 1204224
837  837 839 1204224
838  838 854 1204224
839  839 841 1204224
840  840 842 1204224
841  841 843 1204224
842  842 855 1204224
843  843 845 1204224
844  844 846 1204224
845  845 847 1204224
846  846 856 1204224
847  847 857 1204224
848  848 857 1204224
849  849 857 1204224
850  850 857 1204224
851  851 857 1204224
852  852 857 1204224
853  853 857 1204224
854  854 857 1204224
855  855 857 1204224
856  856 864 1204224
857  857 860 49152
858  858 860 56448
859  859 861 1204224
860  860 862 1204224
861  861 863 1204224
862  862 864 1204224
863  863 871 1204224
864  864 867 262144
865  865 867 301056
866  866 868 1204224
867  867 869 1204224
868  868 870 1204224
869  869 871 1204224
870  870 878 1204224
871  871 874 262144
872  872 874 301056
873  873 875 1204224
874  874 876 1204224
875  875 877 1204224
876  876 878 1204224
877  877 992 1204224
878  878 880 150528
879  879 881 12544
880  880 882 12544
881  881 1573 256
882  882 884 150528
883  883 1574 131072
884  884 886 150528
885  885 887 12544
886  886 888 12544
887  887 1575 256
888  888 890 150528
889  889 1576 153600
890  890 893 153600
891  891 893 150528
892  892 894 1411200
893  893 895 1411200
894  894 978 56448
895  895 897 56448
896  896 898 4736
897  897 899 4736
898  898 1577 128
899  899 901 56448
900  900 1578 49152
901  901 903 526848
902  902 904 43904
903  903 905 43904
904  904 1579 896
905  905 907 526848
906  906 1580 903168
907  907 910 903168
908  908 910 526848
909  909 911 2370816
910  910 912 2370816
911  911 985 263424
912  912 914 263424
913  913 915 21952
914  914 916 21952
915  915 1581 448
916  916 918 263424
917  917 1582 229376
918  918 920 376320
919  919 921 31360
920  920 922 31360
921  921 1583 640
922  922 924 376320
923  923 1584 327680
924  924 927 131072
925  925 927 150528
926  926 928 1204224
927  927 929 1204224
928  928 933 1204224
929  929 931 1204224
930  930 932 1204224
931  931 934 1204224
932  932 966 1204224
933  933 967 1204224
934  934 936 1204224
935  935 937 1204224
936  936 938 1204224
937  937 968 1204224
938  938 940 1204224
939  939 941 1204224
940  940 942 1204224
941  941 969 1204224
942  942 944 1204224
943  943 945 1204224
944  944 946 1204224
945  945 970 1204224
946  946 948 1204224
947  947 949 1204224
948  948 950 1204224
949  949 971 1204224
950  950 952 1204224
951  951 953 1204224
952  952 954 1204224
953  953 972 1204224
954  954 956 1204224
955  955 957 1204224
956  956 958 1204224
957  957 973 1204224
958  958 960 1204224
959  959 961 1204224
960  960 962 1204224
961  961 974 1204224
962  962 964 1204224
963  963 965 1204224
964  964 966 1204224
965  965 975 1204224
966  966 976 1204224
967  967 976 1204224
968  968 976 1204224
969  969 976 1204224
970  970 976 1204224
971  971 976 1204224
972  972 976 1204224
973  973 976 1204224
974  974 976 1204224
975  975 983 1204224
976  976 979 49152
977  977 979 56448
978  978 980 1204224
979  979 981 1204224
980  980 982 1204224
981  981 983 1204224
982  982 990 1204224
983  983 986 229376
984  984 986 263424
985  985 987 1204224
986  986 988 1204224
987  987 989 1204224
988  988 990 1204224
989  989 997 1204224
990  990 993 327680
991  991 993 376320
992  992 994 1204224
993  993 995 1204224
994  994 996 1204224
995  995 997 1204224
996  996 1111 1204224
997  997 999 150528
998  998 1000 12544
999  999 1001 12544
1000  1000 1585 256
1001  1001 1003 150528
1002  1002 1586 122880
1003  1003 1005 112896
1004  1004 1006 9408
1005  1005 1007 9408
1006  1006 1587 192
1007  1007 1009 112896
1008  1008 1588 76800
1009  1009 1012 76800
1010  1010 1012 112896
1011  1011 1013 940800
1012  1012 1014 940800
1013  1013 1097 37632
1014  1014 1016 37632
1015  1015 1017 3136
1016  1016 1018 3136
1017  1017 1589 64
1018  1018 1020 37632
1019  1019 1590 30720
1020  1020 1022 489216
1021  1021 1023 40768
1022  1022 1024 40768
1023  1023 1591 832
1024  1024 1026 489216
1025  1025 1592 718848
1026  1026 1029 718848
1027  1027 1029 489216
1028  1028 1030 2032128
1029  1029 1031 2032128
1030  1030 1104 225792
1031  1031 1033 225792
1032  1032 1034 18816
1033  1033 1035 18816
1034  1034 1593 384
1035  1035 1037 225792
1036  1036 1594 184320
1037  1037 1039 451584
1038  1038 1040 37632
1039  1039 1041 37632
1040  1040 1595 768
1041  1041 1043 451584
1042  1042 1596 368640
1043  1043 1046 122880
1044  1044 1046 150528
1045  1045 1047 1128960
1046  1046 1048 1128960
1047  1047 1052 1128960
1048  1048 1050 1128960
1049  1049 1051 1128960
1050  1050 1053 1128960
1051  1051 1085 1128960
1052  1052 1086 1128960
1053  1053 1055 1128960
1054  1054 1056 1128960
1055  1055 1057 1128960
1056  1056 1087 1128960
1057  1057 1059 1128960
1058  1058 1060 1128960
1059  1059 1061 1128960
1060  1060 1088 1128960
1061  1061 1063 1128960
1062  1062 1064 1128960
1063  1063 1065 1128960
1064  1064 1089 1128960
1065  1065 1067 1128960
1066  1066 1068 1128960
1067  1067 1069 1128960
1068  1068 1090 1128960
1069  1069 1071 1128960
1070  1070 1072 1128960
1071  1071 1073 1128960
1072  1072 1091 1128960
1073  1073 1075 1128960
1074  1074 1076 1128960
1075  1075 1077 1128960
1076  1076 1092 1128960
1077  1077 1079 1128960
1078  1078 1080 1128960
1079  1079 1081 1128960
1080  1080 1093 1128960
1081  1081 1083 1128960
1082  1082 1084 1128960
1083  1083 1085 1128960
1084  1084 1094 1128960
1085  1085 1095 1128960
1086  1086 1095 1128960
1087  1087 1095 1128960
1088  1088 1095 1128960
1089  1089 1095 1128960
1090  1090 1095 1128960
1091  1091 1095 1128960
1092  1092 1095 1128960
1093  1093 1095 1128960
1094  1094 1102 1128960
1095  1095 1098 30720
1096  1096 1098 37632
1097  1097 1099 1128960
1098  1098 1100 1128960
1099  1099 1101 1128960
1100  1100 1102 1128960
1101  1101 1109 1128960
1102  1102 1105 184320
1103  1103 1105 225792
1104  1104 1106 1128960
1105  1105 1107 1128960
1106  1106 1108 1128960
1107  1107 1109 1128960
1108  1108 1116 1128960
1109  1109 1112 368640
1110  1110 1112 451584
1111  1111 1113 1128960
1112  1112 1114 1128960
1113  1113 1115 1128960
1114  1114 1116 1128960
1115  1115 1152 1128960
1116  1116 1118 1128960
1117  1117 1119 1128960
1118  1118 1120 1128960
1119  1119 1153 1128960
1120  1120 1122 1128960
1121  1121 1123 1128960
1122  1122 1124 1128960
1123  1123 1154 1128960
1124  1124 1126 1128960
1125  1125 1127 1128960
1126  1126 1128 1128960
1127  1127 1155 1128960
1128  1128 1130 1128960
1129  1129 1131 1128960
1130  1130 1132 1128960
1131  1131 1156 1128960
1132  1132 1134 1128960
1133  1133 1135 1128960
1134  1134 1136 1128960
1135  1135 1157 1128960
1136  1136 1138 1128960
1137  1137 1139 1128960
1138  1138 1140 1128960
1139  1139 1158 1128960
1140  1140 1142 1128960
1141  1141 1143 1128960
1142  1142 1144 1128960
1143  1143 1159 1128960
1144  1144 1146 1128960
1145  1145 1147 1128960
1146  1146 1148 1128960
1147  1147 1160 1128960
1148  1148 1150 1128960
1149  1149 1151 1128960
1150  1150 1152 1128960
1151  1151 1161 1128960
1152  1152 1162 4515840
1153  1153 1162 4515840
1154  1154 1162 4515840
1155  1155 1162 4515840
1156  1156 1162 4515840
1157  1157 1162 4515840
1158  1158 1162 4515840
1159  1159 1162 4515840
1160  1160 1162 4515840
1161  1161 1276 4515840
1162  1162 1164 602112
1163  1163 1165 50176
1164  1164 1166 50176
1165  1165 1597 256
1166  1166 1168 602112
1167  1167 1598 65536
1168  1168 1170 903168
1169  1169 1171 75264
1170  1170 1172 75264
1171  1171 1599 384
1172  1172 1174 903168
1173  1173 1600 307200
1174  1174 1177 307200
1175  1175 1177 903168
1176  1176 1178 7526400
1177  1177 1179 7526400
1178  1178 1262 301056
1179  1179 1181 301056
1180  1180 1182 25088
1181  1181 1183 25088
1182  1182 1601 128
1183  1183 1185 301056
1184  1184 1602 32768
1185  1185 1187 1806336
1186  1186 1188 150528
1187  1187 1189 150528
1188  1188 1603 768
1189  1189 1191 1806336
1190  1190 1604 884736
1191  1191 1194 884736
1192  1192 1194 1806336
1193  1193 1195 10838016
1194  1194 1196 10838016
1195  1195 1269 1204224
1196  1196 1198 1204224
1197  1197 1199 100352
1198  1198 1200 100352
1199  1199 1605 512
1200  1200 1202 1204224
1201  1201 1606 131072
1202  1202 1204 1204224
1203  1203 1205 100352
1204  1204 1206 100352
1205  1205 1607 512
1206  1206 1208 1204224
1207  1207 1608 131072
1208  1208 1211 65536
1209  1209 1211 602112
1210  1210 1212 2408448
1211  1211 1213 2408448
1212  1212 1217 2408448
1213  1213 1215 2408448
1214  1214 1216 2408448
1215  1215 1218 2408448
1216  1216 1250 2408448
1217  1217 1251 2408448
1218  1218 1220 2408448
1219  1219 1221 2408448
1220  1220 1222 2408448
1221  1221 1252 2408448
1222  1222 1224 2408448
1223  1223 1225 2408448
1224  1224 1226 2408448
1225  1225 1253 2408448
1226  1226 1228 2408448
1227  1227 1229 2408448
1228  1228 1230 2408448
1229  1229 1254 2408448
1230  1230 1232 2408448
1231  1231 1233 2408448
1232  1232 1234 2408448
1233  1233 1255 2408448
1234  1234 1236 2408448
1235  1235 1237 2408448
1236  1236 1238 2408448
1237  1237 1256 2408448
1238  1238 1240 2408448
1239  1239 1241 2408448
1240  1240 1242 2408448
1241  1241 1257 2408448
1242  1242 1244 2408448
1243  1243 1245 2408448
1244  1244 1246 2408448
1245  1245 1258 2408448
1246  1246 1248 2408448
1247  1247 1249 2408448
1248  1248 1250 2408448
1249  1249 1259 2408448
1250  1250 1260 2408448
1251  1251 1260 2408448
1252  1252 1260 2408448
1253  1253 1260 2408448
1254  1254 1260 2408448
1255  1255 1260 2408448
1256  1256 1260 2408448
1257  1257 1260 2408448
1258  1258 1260 2408448
1259  1259 1267 2408448
1260  1260 1263 32768
1261  1261 1263 301056
1262  1262 1264 2408448
1263  1263 1265 2408448
1264  1264 1266 2408448
1265  1265 1267 2408448
1266  1266 1274 2408448
1267  1267 1270 131072
1268  1268 1270 1204224
1269  1269 1271 2408448
1270  1270 1272 2408448
1271  1271 1273 2408448
1272  1272 1274 2408448
1273  1273 1281 2408448
1274  1274 1277 131072
1275  1275 1277 1204224
1276  1276 1278 2408448
1277  1277 1279 2408448
1278  1278 1280 2408448
1279  1279 1281 2408448
1280  1280 1395 2408448
1281  1281 1283 301056
1282  1282 1284 25088
1283  1283 1285 25088
1284  1284 1609 128
1285  1285 1287 301056
1286  1286 1610 24576
1287  1287 1289 301056
1288  1288 1290 25088
1289  1289 1291 25088
1290  1290 1611 128
1291  1291 1293 301056
1292  1292 1612 51200
1293  1293 1296 51200
1294  1294 1296 301056
1295  1295 1297 3763200
1296  1296 1298 3763200
1297  1297 1381 150528
1298  1298 1300 150528
1299  1299 1301 12544
1300  1300 1302 12544
1301  1301 1613 64
1302  1302 1304 150528
1303  1303 1614 12288
1304  1304 1306 1204224
1305  1305 1307 100352
1306  1306 1308 100352
1307  1307 1615 512
1308  1308 1310 1204224
1309  1309 1616 442368
1310  1310 1313 442368
1311  1311 1313 1204224
1312  1312 1314 8128512
1313  1313 1315 8128512
1314  1314 1388 903168
1315  1315 1317 903168
1316  1316 1318 75264
1317  1317 1319 75264
1318  1318 1617 384
1319  1319 1321 903168
1320  1320 1618 73728
1321  1321 1323 602112
1322  1322 1324 50176
1323  1323 1325 50176
1324  1324 1619 256
1325  1325 1327 602112
1326  1326 1620 49152
1327  1327 1330 24576
1328  1328 1330 301056
1329  1329 1331 1806336
1330  1330 1332 1806336
1331  1331 1336 1806336
1332  1332 1334 1806336
1333  1333 1335 1806336
1334  1334 1337 1806336
1335  1335 1369 1806336
1336  1336 1370 1806336
1337  1337 1339 1806336
1338  1338 1340 1806336
1339  1339 1341 1806336
1340  1340 1371 1806336
1341  1341 1343 1806336
1342  1342 1344 1806336
1343  1343 1345 1806336
1344  1344 1372 1806336
1345  1345 1347 1806336
1346  1346 1348 1806336
1347  1347 1349 1806336
1348  1348 1373 1806336
1349  1349 1351 1806336
1350  1350 1352 1806336
1351  1351 1353 1806336
1352  1352 1374 1806336
1353  1353 1355 1806336
1354  1354 1356 1806336
1355  1355 1357 1806336
1356  1356 1375 1806336
1357  1357 1359 1806336
1358  1358 1360 1806336
1359  1359 1361 1806336
1360  1360 1376 1806336
1361  1361 1363 1806336
1362  1362 1364 1806336
1363  1363 1365 1806336
1364  1364 1377 1806336
1365  1365 1367 1806336
1366  1366 1368 1806336
1367  1367 1369 1806336
1368  1368 1378 1806336
1369  1369 1379 1806336
1370  1370 1379 1806336
1371  1371 1379 1806336
1372  1372 1379 1806336
1373  1373 1379 1806336
1374  1374 1379 1806336
1375  1375 1379 1806336
1376  1376 1379 1806336
1377  1377 1379 1806336
1378  1378 1386 1806336
1379  1379 1382 12288
1380  1380 1382 150528
1381  1381 1383 1806336
1382  1382 1384 1806336
1383  1383 1385 1806336
1384  1384 1386 1806336
1385  1385 1393 1806336
1386  1386 1389 73728
1387  1387 1389 903168
1388  1388 1390 1806336
1389  1389 1391 1806336
1390  1390 1392 1806336
1391  1391 1393 1806336
1392  1392 1400 1806336
1393  1393 1396 49152
1394  1394 1396 602112
1395  1395 1397 1806336
1396  1396 1398 1806336
1397  1397 1399 1806336
1398  1398 1400 1806336
1399  1399 1436 1806336
1400  1400 1402 1806336
1401  1401 1403 1806336
1402  1402 1404 1806336
1403  1403 1437 1806336
1404  1404 1406 1806336
1405  1405 1407 1806336
1406  1406 1408 1806336
1407  1407 1438 1806336
1408  1408 1410 1806336
1409  1409 1411 1806336
1410  1410 1412 1806336
1411  1411 1439 1806336
1412  1412 1414 1806336
1413  1413 1415 1806336
1414  1414 1416 1806336
1415  1415 1440 1806336
1416  1416 1418 1806336
1417  1417 1419 1806336
1418  1418 1420 1806336
1419  1419 1441 1806336
1420  1420 1422 1806336
1421  1421 1423 1806336
1422  1422 1424 1806336
1423  1423 1442 1806336
1424  1424 1426 1806336
1425  1425 1427 1806336
1426  1426 1428 1806336
1427  1427 1443 1806336
1428  1428 1430 1806336
1429  1429 1431 1806336
1430  1430 1432 1806336
1431  1431 1444 1806336
1432  1432 1434 1806336
1433  1433 1435 1806336
1434  1434 1436 1806336
1435  1435 1445 1806336
1436  1436 1446 7225344
1437  1437 1446 7225344
1438  1438 1446 7225344
1439  1439 1446 7225344
1440  1440 1446 7225344
1441  1441 1446 7225344
1442  1442 1446 7225344
1443  1443 1446 7225344
1444  1444 1446 7225344
1445  1445 1454 7225344
1446  1446 1448 7225344
1447  1447 1449 602112
1448  1448 1450 602112
1449  1449 1621 768
1450  1450 1452 7225344
1451  1451 1622 442368
1452  1452 1455 442368
1453  1453 1455 7225344
1454  1454 1456 21676032
1455  1455 1457 86704128
1456  1456 1461 9633792
1457  1457 1459 9633792
1458  1458 1460 9633792
1459  1459 1462 9633792
1460  1460 1494 9633792
1461  1461 1495 9633792
1462  1462 1464 9633792
1463  1463 1465 9633792
1464  1464 1466 9633792
1465  1465 1496 9633792
1466  1466 1468 9633792
1467  1467 1469 9633792
1468  1468 1470 9633792
1469  1469 1497 9633792
1470  1470 1472 9633792
1471  1471 1473 9633792
1472  1472 1474 9633792
1473  1473 1498 9633792
1474  1474 1476 9633792
1475  1475 1477 9633792
1476  1476 1478 9633792
1477  1477 1499 9633792
1478  1478 1480 9633792
1479  1479 1481 9633792
1480  1480 1482 9633792
1481  1481 1500 9633792
1482  1482 1484 9633792
1483  1483 1485 9633792
1484  1484 1486 9633792
1485  1485 1501 9633792
1486  1486 1488 9633792
1487  1487 1489 9633792
1488  1488 1490 9633792
1489  1489 1502 9633792
1490  1490 1492 9633792
1491  1491 1493 9633792
1492  1492 1494 9633792
1493  1493 1503 9633792
1494  1494 1504 38535168
1495  1495 1504 38535168
1496  1496 1504 38535168
1497  1497 1504 38535168
1498  1498 1504 38535168
1499  1499 1504 38535168
1500  1500 1504 38535168
1501  1501 1504 38535168
1502  1502 1504 38535168
1503  1503 1509 38535168
1504  1504 1506 38535168
1505  1505 1507 3211264
1506  1506 1508 3211264
1507  1507 1623 256
1508  1508 1510 38535168
1509  1509 1624 37632
1510  1510 1624 64
1511  1511 1624 40960
1512  1512 1624 512
1513  1513 1624 425984
1514  1514 1624 512
1515  1515 1624 614400
1516  1516 1624 192
1517  1517 1624 159744
1518  1518 1624 1536
1519  1519 1624 2654208
1520  1520 1624 768
1521  1521 1624 638976
1522  1522 1624 1536
1523  1523 1624 1277952
1524  1524 1624 512
1525  1525 1624 425984
1526  1526 1624 512
1527  1527 1624 409600
1528  1528 1624 128
1529  1529 1624 106496
1530  1530 1624 1280
1531  1531 1624 1843200
1532  1532 1624 640
1533  1533 1624 532480
1534  1534 1624 1024
1535  1535 1624 851968
1536  1536 1624 512
1537  1537 1624 270336
1538  1538 1624 512
1539  1539 1624 409600
1540  1540 1624 128
1541  1541 1624 67584
1542  1542 1624 1280
1543  1543 1624 1843200
1544  1544 1624 640
1545  1545 1624 337920
1546  1546 1624 1024
1547  1547 1624 540672
1548  1548 1624 256
1549  1549 1624 131072
1550  1550 1624 256
1551  1551 1624 204800
1552  1552 1624 128
1553  1553 1624 65536
1554  1554 1624 1152
1555  1555 1624 1492992
1556  1556 1624 576
1557  1557 1624 294912
1558  1558 1624 448
1559  1559 1624 229376
1560  1560 1624 256
1561  1561 1624 131072
1562  1562 1624 256
1563  1563 1624 153600
1564  1564 1624 128
1565  1565 1624 49152
1566  1566 1624 1024
1567  1567 1624 1179648
1568  1568 1624 512
1569  1569 1624 262144
1570  1570 1624 512
1571  1571 1624 262144
1572  1572 1624 256
1573  1573 1624 131072
1574  1574 1624 256
1575  1575 1624 153600
1576  1576 1624 128
1577  1577 1624 49152
1578  1578 1624 896
1579  1579 1624 903168
1580  1580 1624 448
1581  1581 1624 229376
1582  1582 1624 640
1583  1583 1624 327680
1584  1584 1624 256
1585  1585 1624 122880
1586  1586 1624 192
1587  1587 1624 76800
1588  1588 1624 64
1589  1589 1624 30720
1590  1590 1624 832
1591  1591 1624 718848
1592  1592 1624 384
1593  1593 1624 184320
1594  1594 1624 768
1595  1595 1624 368640
1596  1596 1624 256
1597  1597 1624 65536
1598  1598 1624 384
1599  1599 1624 307200
1600  1600 1624 128
1601  1601 1624 32768
1602  1602 1624 768
1603  1603 1624 884736
1604  1604 1624 512
1605  1605 1624 131072
1606  1606 1624 512
1607  1607 1624 131072
1608  1608 1624 128
1609  1609 1624 24576
1610  1610 1624 128
1611  1611 1624 51200
1612  1612 1624 64
1613  1613 1624 12288
1614  1614 1624 512
1615  1615 1624 442368
1616  1616 1624 384
1617  1617 1624 73728
1618  1618 1624 256
1619  1619 1624 49152
1620  1620 1624 768
1621  1621 1624 442368
1622  1622 1624 256
1623  1623 1624 37632
