7:0  7 8 576
7:1  7 8 64
18:0  18 19 8429568
20:0  20 21 37632
20:1  20 21 103964672
20:2  20 21 44957696
20:3  20 21 14144
21:0  21 22 44957696
23:0  23 24 11239424
25:0  25 26 442368
25:1  25 26 25288704
25:2  25 26 8429568
25:3  25 26 6317568
25:4  25 26 110592
25:65  25 26 1575936
25:66  25 26 27648
25:73  25 26 13824
25:74  25 26 27648
25:75  25 26 55296
26:0  26 27 8429568
28:0  28 29 2107392
30:0  30 31 49152
30:1  30 31 2107392
30:2  30 31 702464
30:3  30 31 18432
32:0  32 33 73728
32:1  32 33 2107392
32:2  32 33 1053696
32:3  32 33 18432
33:0  33 34 1053696
34:0  34 35 1053696
36:0  36 37 442368
36:1  36 37 9483264
36:2  36 37 1404928
36:3  36 37 2363904
36:4  36 37 110592
36:11  36 37 41472
36:12  36 37 82944
38:0  38 39 12288
38:1  38 39 2107392
38:2  38 39 175616
38:3  38 39 18432
39:0  39 40 175616
40:0  40 41 175616
42:0  42 43 51200
42:1  42 43 4390400
42:2  42 43 351232
42:3  42 43 38400
44:0  44 45 2107392
46:0  46 47 24576
46:1  46 47 2107392
46:2  46 47 351232
46:3  46 47 18432
47:0  47 48 2809856
48:0  48 49 2809856
50:0  50 51 131072
50:1  50 51 2809856
50:2  50 51 1404928
50:3  50 51 700416
50:4  50 51 32768
50:11  50 51 12288
50:12  50 51 24576
52:0  52 53 131072
52:1  52 53 2809856
52:2  52 53 1404928
52:3  52 53 700416
52:4  52 53 32768
52:11  52 53 12288
52:12  52 53 24576
53:0  53 54 1404928
54:0  54 55 1404928
56:0  56 57 884736
56:1  56 57 12644352
56:2  56 57 2107392
56:3  56 57 3151872
56:4  56 57 221184
56:59  56 57 787968
56:60  56 57 55296
56:67  56 57 27648
56:68  56 57 110592
58:0  58 59 32768
58:1  58 59 2809856
58:2  58 59 351232
58:3  58 59 24576
59:0  59 60 351232
60:0  60 61 351232
62:0  62 63 307200
62:1  62 63 8780800
62:2  62 63 1053696
62:3  62 63 2188800
62:4  62 63 76800
62:11  62 63 38400
62:12  62 63 76800
64:0  64 65 2809856
66:0  66 67 65536
66:1  66 67 2809856
66:2  66 67 702464
66:3  66 67 24576
67:0  67 68 5268480
69:0  69 70 1317120
71:0  71 72 368640
71:1  71 72 1317120
71:2  71 72 526848
71:3  71 72 322560
71:4  71 72 92160
71:11  71 72 23040
71:12  71 72 46080
73:0  73 74 184320
73:1  73 74 1317120
73:2  73 74 263424
73:3  73 74 322560
73:4  73 74 46080
73:11  73 74 23040
73:12  73 74 46080
74:0  74 75 263424
75:0  75 76 263424
77:0  77 78 718848
77:1  77 78 2370816
77:2  77 78 570752
77:3  77 78 580608
77:4  77 78 179712
77:59  77 78 145152
77:60  77 78 44928
77:67  77 78 20736
77:68  77 78 82944
79:0  79 80 30720
79:1  79 80 1317120
79:2  79 80 43904
79:3  79 80 46080
80:0  80 81 43904
81:0  81 82 43904
83:0  83 84 76800
83:1  83 84 1097600
83:2  83 84 131712
83:3  83 84 38400
85:0  85 86 1317120
87:0  87 88 122880
87:1  87 88 1317120
87:2  87 88 175616
87:3  87 88 46080
88:0  88 89 1404928
89:0  89 90 1404928
91:0  91 92 327680
91:1  91 92 1404928
91:2  91 92 439040
91:3  91 92 344064
91:4  91 92 81920
91:11  91 92 24576
91:12  91 92 49152
93:0  93 94 229376
93:1  93 94 1404928
93:2  93 94 307328
93:3  93 94 344064
93:4  93 94 57344
93:11  93 94 24576
93:12  93 94 49152
94:0  94 95 307328
95:0  95 96 307328
97:0  97 98 903168
97:1  97 98 2765952
97:2  97 98 614656
97:3  97 98 677376
97:4  97 98 225792
97:59  97 98 169344
97:60  97 98 56448
97:67  97 98 24192
97:68  97 98 96768
99:0  99 100 49152
99:1  99 100 1404928
99:2  99 100 65856
99:3  99 100 49152
100:0  100 101 65856
101:0  101 102 65856
103:0  103 104 153600
103:1  103 104 1646400
103:2  103 104 175616
103:3  103 104 57600
105:0  105 106 1404928
107:0  107 108 131072
107:1  107 108 1404928
107:2  107 108 175616
107:3  107 108 49152
108:0  108 109 1404928
109:0  109 110 1404928
111:0  111 112 262144
111:1  111 112 1404928
111:2  111 112 351232
111:3  111 112 344064
111:4  111 112 65536
111:11  111 112 24576
111:12  111 112 49152
113:0  113 114 262144
113:1  113 114 1404928
113:2  113 114 351232
113:3  113 114 344064
113:4  113 114 65536
113:11  113 114 24576
113:12  113 114 49152
114:0  114 115 351232
115:0  115 116 351232
117:0  117 118 1179648
117:1  117 118 3161088
117:2  117 118 702464
117:3  117 118 774144
117:4  117 118 294912
117:59  117 118 193536
117:60  117 118 73728
117:67  117 118 27648
117:68  117 118 110592
119:0  119 120 49152
119:1  119 120 1404928
119:2  119 120 65856
119:3  119 120 49152
120:0  120 121 65856
121:0  121 122 65856
123:0  123 124 153600
123:1  123 124 1646400
123:2  123 124 175616
123:3  123 124 57600
125:0  125 126 1404928
127:0  127 128 131072
127:1  127 128 1404928
127:2  127 128 175616
127:3  127 128 49152
128:0  128 129 1404928
129:0  129 130 1404928
131:0  131 132 229376
131:1  131 132 1404928
131:2  131 132 307328
131:3  131 132 344064
131:4  131 132 57344
131:11  131 132 24576
131:12  131 132 49152
133:0  133 134 294912
133:1  133 134 1404928
133:2  133 134 395136
133:3  133 134 344064
133:4  133 134 73728
133:11  133 134 24576
133:12  133 134 49152
134:0  134 135 395136
135:0  135 136 395136
137:0  137 138 1492992
137:1  137 138 3556224
137:2  137 138 790272
137:3  137 138 870912
137:4  137 138 373248
137:59  137 138 217728
137:60  137 138 93312
137:67  137 138 31104
137:68  137 138 124416
139:0  139 140 65536
139:1  139 140 1404928
139:2  139 140 87808
139:3  139 140 49152
140:0  140 141 87808
141:0  141 142 87808
143:0  143 144 204800
143:1  143 144 2195200
143:2  143 144 175616
143:3  143 144 537600
143:4  143 144 51200
143:11  143 144 38400
143:12  143 144 76800
145:0  145 146 1404928
147:0  147 148 131072
147:1  147 148 1404928
147:2  147 148 175616
147:3  147 148 49152
148:0  148 149 1448832
149:0  149 150 1448832
151:0  151 152 540672
151:1  151 152 1448832
151:2  151 152 702464
151:3  151 152 354816
151:4  151 152 135168
151:59  151 152 88704
151:60  151 152 33792
151:67  151 152 12672
151:68  151 152 50688
153:0  153 154 337920
153:1  153 154 1448832
153:2  153 154 439040
153:3  153 154 354816
153:4  153 154 84480
153:11  153 154 25344
153:12  153 154 50688
154:0  154 155 439040
155:0  155 156 439040
157:0  157 158 1843200
157:1  157 158 3951360
157:2  157 158 878080
157:3  157 158 967680
157:4  157 158 460800
157:59  157 158 241920
157:60  157 158 115200
157:67  157 158 34560
157:68  157 158 138240
159:0  159 160 67584
159:1  159 160 1448832
159:2  159 160 87808
159:3  159 160 50688
160:0  160 161 87808
161:0  161 162 87808
163:0  163 164 409600
163:1  163 164 2195200
163:2  163 164 351232
163:3  163 164 537600
163:4  163 164 102400
163:11  163 164 38400
163:12  163 164 76800
165:0  165 166 1448832
167:0  167 168 270336
167:1  167 168 1448832
167:2  167 168 351232
167:3  167 168 354816
167:4  167 168 67584
167:11  167 168 25344
167:12  167 168 50688
168:0  168 169 2283008
170:0  170 171 745472
172:0  172 173 851968
172:1  172 173 745472
172:2  172 173 229376
172:3  172 173 179712
172:4  172 173 212992
172:11  172 173 39936
172:12  172 173 79872
174:0  174 175 532480
174:1  174 175 745472
174:2  174 175 143360
174:3  174 175 179712
174:4  174 175 133120
174:11  174 175 39936
174:12  174 175 79872
175:0  175 176 143360
176:0  176 177 143360
178:0  178 179 1843200
178:1  178 179 1290240
178:2  178 179 286720
178:3  178 179 311040
178:4  178 179 460800
178:11  178 179 69120
178:12  178 179 138240
180:0  180 181 106496
180:1  180 181 745472
180:2  180 181 28672
180:3  180 181 79872
181:0  181 182 28672
182:0  182 183 28672
184:0  184 185 409600
184:1  184 185 716800
184:2  184 185 114688
184:3  184 185 172800
184:4  184 185 102400
184:11  184 185 38400
184:12  184 185 76800
186:0  186 187 745472
188:0  188 189 425984
188:1  188 189 745472
188:2  188 189 114688
188:3  188 189 179712
188:4  188 189 106496
188:11  188 189 39936
188:12  188 189 79872
189:0  189 190 745472
190:0  190 191 745472
192:0  192 193 1277952
192:1  192 193 745472
192:2  192 193 344064
192:3  192 193 179712
192:4  192 193 319488
192:11  192 193 39936
192:12  192 193 79872
194:0  194 195 638976
194:1  194 195 745472
194:2  194 195 172032
194:3  194 195 179712
194:4  194 195 159744
194:11  194 195 39936
194:12  194 195 79872
195:0  195 196 172032
196:0  196 197 172032
198:0  198 199 2654208
198:1  198 199 1548288
198:2  198 199 344064
198:3  198 199 373248
198:4  198 199 663552
198:65  198 199 82944
198:73  198 199 41472
198:74  198 199 82944
198:75  198 199 165888
200:0  200 201 159744
200:1  200 201 745472
200:2  200 201 43008
200:3  200 201 79872
201:0  201 202 43008
202:0  202 203 43008
204:0  204 205 614400
204:1  204 205 1075200
204:2  204 205 114688
204:3  204 205 259200
204:4  204 205 153600
204:11  204 205 57600
204:12  204 205 115200
206:0  206 207 745472
208:0  208 209 425984
208:1  208 209 745472
208:2  208 209 114688
208:3  208 209 179712
208:4  208 209 106496
208:11  208 209 39936
208:12  208 209 79872
209:0  209 210 917504
211:0  211 212 57344
213:0  213 214 49152
213:1  213 214 57344
213:2  213 214 704
213:3  213 1624 64
213:4  213 214 98304
215:0  215 216 576
229:0  229 230 704
229:1  229 230 65536
229:2  229 230 49152
229:3  229 230 1344
232:0  232 233 640
232:1  232 233 49152
232:2  232 233 65536
232:3  232 233 960
242:0  242 243 114688
242:1  242 243 745472
242:2  242 243 425984
242:3  242 243 182784
242:4  242 243 28672
242:11  242 243 10752
242:12  242 243 21504
248:0  248 249 114688
248:1  248 249 1075200
248:2  248 249 614400
248:3  248 249 268800
248:4  248 249 28672
248:11  248 249 10752
251:0  251 252 114688
251:1  251 252 614400
251:2  251 252 1075200
251:3  251 252 12288
259:0  259 260 43008
259:1  259 260 745472
259:2  259 260 159744
259:3  259 260 21504
265:0  265 266 344064
265:1  265 266 1548288
265:2  265 266 2654208
265:3  265 266 663552
265:4  265 266 86016
265:11  265 266 10752
268:0  268 269 344064
268:1  268 269 2654208
268:2  268 269 1548288
268:3  268 269 663552
268:4  268 269 86016
268:11  268 269 18432
276:0  276 277 172032
276:1  276 277 745472
276:2  276 277 638976
276:3  276 277 182784
276:4  276 277 43008
276:11  276 277 10752
276:12  276 277 21504
282:0  282 283 344064
282:1  282 283 745472
282:2  282 283 1277952
282:3  282 283 313344
282:4  282 283 86016
282:11  282 283 10752
282:12  282 283 21504
285:0  285 286 114688
285:1  285 286 425984
285:2  285 286 745472
285:3  285 286 12288
291:0  291 292 745472
337:0  337 338 43008
337:1  337 338 159744
337:2  337 338 745472
337:3  337 338 4608
340:0  340 341 745472
344:0  344 345 172032
344:1  344 345 638976
344:2  344 345 745472
344:3  344 345 182784
344:4  344 345 43008
344:11  344 345 9216
344:12  344 345 18432
347:0  347 348 745472
351:0  351 352 344064
351:1  351 352 1277952
351:2  351 352 745472
351:3  351 352 313344
351:4  351 352 86016
351:11  351 352 18432
351:12  351 352 36864
354:0  354 355 745472
356:0  356 357 745472
360:0  360 361 745472
361:0  361 362 114688
361:1  361 362 745472
361:2  361 362 425984
361:3  361 362 182784
361:4  361 362 28672
361:11  361 362 10752
361:12  361 362 21504
362:0  362 363 745472
366:0  366 367 745472
367:0  367 368 114688
367:1  367 368 716800
367:2  367 368 409600
367:3  367 368 177408
367:4  367 368 28672
367:11  367 368 10752
367:12  367 368 21504
369:0  369 370 745472
370:0  370 371 114688
370:1  370 371 409600
370:2  370 371 716800
370:3  370 371 12288
378:0  378 379 28672
378:1  378 379 745472
378:2  378 379 106496
378:3  378 379 21504
379:0  379 380 745472
383:0  383 384 745472
384:0  384 385 286720
384:1  384 385 1290240
384:2  384 385 1843200
384:3  384 385 460800
384:4  384 385 71680
384:11  384 385 10752
386:0  386 387 745472
387:0  387 388 286720
387:1  387 388 1843200
387:2  387 388 1290240
387:3  387 388 460800
387:4  387 388 71680
387:11  387 388 15360
395:0  395 396 143360
395:1  395 396 745472
395:2  395 396 532480
395:3  395 396 182784
395:4  395 396 35840
395:11  395 396 10752
395:12  395 396 21504
396:0  396 397 745472
400:0  400 401 745472
401:0  401 402 229376
401:1  401 402 745472
401:2  401 402 851968
401:3  401 402 208896
401:4  401 402 57344
401:11  401 402 10752
401:12  401 402 21504
403:0  403 404 745472
404:0  404 405 114688
404:1  404 405 425984
404:2  404 405 745472
404:3  404 405 12288
410:0  410 411 745472
456:0  456 457 28672
456:1  456 457 106496
456:2  456 457 745472
456:3  456 457 3072
459:0  459 460 745472
463:0  463 464 143360
463:1  463 464 532480
463:2  463 464 745472
463:3  463 464 182784
463:4  463 464 35840
463:11  463 464 7680
463:12  463 464 15360
466:0  466 467 745472
469:0  469 470 745472
470:0  470 471 229376
470:1  470 471 851968
470:2  470 471 745472
470:3  470 471 208896
470:4  470 471 57344
470:11  470 471 12288
470:12  470 471 24576
473:0  473 474 745472
521:0  521 522 2283008
525:0  525 526 2283008
526:0  526 527 351232
526:1  526 527 1453056
526:2  526 527 270336
526:3  526 527 65856
527:0  527 528 2283008
531:0  531 532 2283008
532:0  532 533 351232
532:1  532 533 2201600
532:2  532 533 409600
532:3  532 533 65856
534:0  534 535 2283008
535:0  535 536 352256
535:1  535 536 409600
535:2  535 536 2201600
535:3  535 536 544896
535:4  535 536 88064
535:11  535 536 6144
535:12  535 536 12288
543:0  543 544 87808
543:1  543 544 1453056
543:2  543 544 67584
543:3  543 544 65856
544:0  544 545 2283008
548:0  548 549 2283008
549:0  549 550 878080
549:1  549 550 3962880
549:2  549 550 1843200
549:3  549 550 65856
551:0  551 552 2283008
552:0  552 553 880640
552:1  552 553 1843200
552:2  552 553 3962880
552:3  552 553 990720
552:4  552 553 220160
552:59  552 553 247680
552:60  552 553 55040
552:67  552 553 7680
560:0  560 561 439040
560:1  560 561 1453056
560:2  560 561 337920
560:3  560 561 65856
561:0  561 562 2283008
565:0  565 566 2283008
566:0  566 567 702464
566:1  566 567 1453056
566:2  566 567 540672
566:3  566 567 65856
568:0  568 569 2283008
569:0  569 570 352256
569:1  569 570 270336
569:2  569 570 1453056
569:3  569 570 12288
575:0  575 576 1448832
621:0  621 622 88064
621:1  621 622 67584
621:2  621 622 1453056
621:3  621 622 3072
624:0  624 625 1448832
628:0  628 629 440320
628:1  628 629 337920
628:2  628 629 1453056
628:3  628 629 363264
628:4  628 629 110080
628:11  628 629 7680
631:0  631 632 1448832
634:0  634 635 2283008
635:0  635 636 704512
635:1  635 636 540672
635:2  635 636 1453056
635:3  635 636 363264
635:4  635 636 176128
635:11  635 636 12288
638:0  638 639 1448832
640:0  640 641 1448832
644:0  644 645 1448832
645:0  645 646 175616
645:1  645 646 1409024
645:2  645 646 131072
645:3  645 646 65856
646:0  646 647 1448832
650:0  650 651 1448832
651:0  651 652 175616
651:1  651 652 2201600
651:2  651 652 204800
651:3  651 652 65856
653:0  653 654 1448832
654:0  654 655 176128
654:1  654 655 204800
654:2  654 655 2201600
654:3  654 655 6144
662:0  662 663 87808
662:1  662 663 1409024
662:2  662 663 65536
662:3  662 663 65856
663:0  663 664 1448832
667:0  667 668 1448832
668:0  668 669 790272
668:1  668 669 3566592
668:2  668 669 1492992
668:3  668 669 65856
670:0  670 671 1448832
671:0  671 672 792576
671:1  671 672 1492992
671:2  671 672 3566592
671:3  671 672 891648
671:4  671 672 198144
671:59  671 672 222912
671:60  671 672 49536
671:67  671 672 6912
679:0  679 680 395136
679:1  679 680 1409024
679:2  679 680 294912
679:3  679 680 65856
680:0  680 681 1448832
684:0  684 685 1448832
685:0  685 686 307328
685:1  685 686 1409024
685:2  685 686 229376
685:3  685 686 65856
687:0  687 688 1448832
688:0  688 689 176128
688:1  688 689 131072
688:2  688 689 1409024
688:3  688 689 6144
694:0  694 695 1404928
740:0  740 741 88064
740:1  740 741 65536
740:2  740 741 1409024
740:3  740 741 3072
743:0  743 744 1404928
747:0  747 748 396288
747:1  747 748 294912
747:2  747 748 1409024
747:3  747 748 346752
747:4  747 748 99072
747:11  747 748 6912
747:12  747 748 13824
750:0  750 751 1404928
753:0  753 754 1448832
754:0  754 755 308224
754:1  754 755 229376
754:2  754 755 1409024
754:3  754 755 10752
757:0  757 758 1404928
759:0  759 760 1404928
763:0  763 764 1404928
764:0  764 765 175616
764:1  764 765 1409024
764:2  764 765 131072
764:3  764 765 65856
765:0  765 766 1404928
769:0  769 770 1404928
770:0  770 771 175616
770:1  770 771 1651200
770:2  770 771 153600
770:3  770 771 65856
772:0  772 773 1404928
773:0  773 774 176128
773:1  773 774 153600
773:2  773 774 1651200
773:3  773 774 6144
781:0  781 782 65856
781:1  781 782 1409024
781:2  781 782 49152
781:3  781 782 65856
782:0  782 783 1404928
786:0  786 787 1404928
787:0  787 788 702464
787:1  787 788 3170304
787:2  787 788 1179648
787:3  787 788 65856
789:0  789 790 1404928
790:0  790 791 704512
790:1  790 791 1179648
790:2  790 791 3170304
790:3  790 791 792576
790:4  790 791 176128
790:11  790 791 12288
798:0  798 799 351232
798:1  798 799 1409024
798:2  798 799 262144
798:3  798 799 65856
799:0  799 800 1404928
803:0  803 804 1404928
804:0  804 805 351232
804:1  804 805 1409024
804:2  804 805 262144
804:3  804 805 65856
806:0  806 807 1404928
807:0  807 808 176128
807:1  807 808 131072
807:2  807 808 1409024
807:3  807 808 6144
813:0  813 814 1404928
859:0  859 860 66048
859:1  859 860 49152
859:2  859 860 1409024
859:3  859 860 2304
862:0  862 863 1404928
866:0  866 867 352256
866:1  866 867 262144
866:2  866 867 1409024
866:3  866 867 12288
869:0  869 870 1404928
872:0  872 873 1404928
873:0  873 874 352256
873:1  873 874 262144
873:2  873 874 1409024
873:3  873 874 12288
876:0  876 877 1404928
878:0  878 879 1404928
882:0  882 883 1404928
883:0  883 884 175616
883:1  883 884 1409024
883:2  883 884 131072
883:3  883 884 65856
884:0  884 885 1404928
888:0  888 889 1404928
889:0  889 890 175616
889:1  889 890 1651200
889:2  889 890 153600
889:3  889 890 65856
891:0  891 892 1404928
892:0  892 893 176128
892:1  892 893 153600
892:2  892 893 1651200
892:3  892 893 6144
900:0  900 901 65856
900:1  900 901 1409024
900:2  900 901 49152
900:3  900 901 65856
901:0  901 902 1404928
905:0  905 906 1404928
906:0  906 907 614656
906:1  906 907 2774016
906:2  906 907 903168
906:3  906 907 65856
908:0  908 909 1404928
909:0  909 910 616448
909:1  909 910 903168
909:2  909 910 2774016
909:3  909 910 693504
909:4  909 910 154112
909:11  909 910 10752
917:0  917 918 307328
917:1  917 918 1409024
917:2  917 918 229376
917:3  917 918 65856
918:0  918 919 1404928
922:0  922 923 1404928
923:0  923 924 439040
923:1  923 924 1409024
923:2  923 924 327680
923:3  923 924 65856
925:0  925 926 1404928
926:0  926 927 176128
926:1  926 927 131072
926:2  926 927 1409024
926:3  926 927 6144
932:0  932 933 1404928
978:0  978 979 66048
978:1  978 979 49152
978:2  978 979 1409024
978:3  978 979 2304
981:0  981 982 1404928
985:0  985 986 308224
985:1  985 986 229376
985:2  985 986 1409024
985:3  985 986 10752
988:0  988 989 1404928
991:0  991 992 1404928
992:0  992 993 440320
992:1  992 993 327680
992:2  992 993 1409024
992:3  992 993 346752
992:4  992 993 110080
992:11  992 993 7680
992:12  992 993 15360
995:0  995 996 1404928
997:0  997 998 1404928
1001:0  1001 1002 1404928
1002:0  1002 1003 175616
1002:1  1002 1003 1320960
1002:2  1002 1003 122880
1002:3  1002 1003 65856
1003:0  1003 1004 1404928
1007:0  1007 1008 1404928
1008:0  1008 1009 131712
1008:1  1008 1009 1100800
1008:2  1008 1009 76800
1008:3  1008 1009 65856
1010:0  1010 1011 1404928
1011:0  1011 1012 132096
1011:1  1011 1012 76800
1011:2  1011 1012 1100800
1011:3  1011 1012 4608
1019:0  1019 1020 43904
1019:1  1019 1020 1320960
1019:2  1019 1020 30720
1019:3  1019 1020 65856
1020:0  1020 1021 1404928
1024:0  1024 1025 1404928
1025:0  1025 1026 570752
1025:1  1025 1026 2377728
1025:2  1025 1026 718848
1025:3  1025 1026 65856
1027:0  1027 1028 1404928
1028:0  1028 1029 572416
1028:1  1028 1029 718848
1028:2  1028 1029 2377728
1028:3  1028 1029 594432
1028:4  1028 1029 143104
1028:11  1028 1029 9984
1036:0  1036 1037 263424
1036:1  1036 1037 1320960
1036:2  1036 1037 184320
1036:3  1036 1037 65856
1037:0  1037 1038 1404928
1041:0  1041 1042 1404928
1042:0  1042 1043 526848
1042:1  1042 1043 1320960
1042:2  1042 1043 368640
1042:3  1042 1043 65856
1044:0  1044 1045 1404928
1045:0  1045 1046 176128
1045:1  1045 1046 122880
1045:2  1045 1046 1320960
1045:3  1045 1046 6144
1051:0  1051 1052 1317120
1097:0  1097 1098 44032
1097:1  1097 1098 30720
1097:2  1097 1098 1320960
1097:3  1097 1098 1536
1100:0  1100 1101 1317120
1104:0  1104 1105 264192
1104:1  1104 1105 184320
1104:2  1104 1105 1320960
1104:3  1104 1105 9216
1107:0  1107 1108 1317120
1110:0  1110 1111 1404928
1111:0  1111 1112 528384
1111:1  1111 1112 368640
1111:2  1111 1112 1320960
1111:3  1111 1112 330240
1111:4  1111 1112 132096
1111:11  1111 1112 9216
1114:0  1114 1115 1317120
1162:0  1162 1163 5268480
1166:0  1166 1167 5268480
1167:0  1167 1168 702464
1167:1  1167 1168 2809856
1167:2  1167 1168 65536
1167:3  1167 1168 263424
1168:0  1168 1169 5268480
1172:0  1172 1173 5268480
1173:0  1173 1174 1053696
1173:1  1173 1174 8780800
1173:2  1173 1174 307200
1173:3  1173 1174 2173248
1173:4  1173 1174 263424
1173:11  1173 1174 131712
1173:12  1173 1174 263424
1175:0  1175 1176 5268480
1176:0  1176 1177 1053696
1176:1  1176 1177 307200
1176:2  1176 1177 8780800
1176:3  1176 1177 9216
1184:0  1184 1185 351232
1184:1  1184 1185 2809856
1184:2  1184 1185 32768
1184:3  1184 1185 263424
1185:0  1185 1186 5268480
1189:0  1189 1190 5268480
1190:0  1190 1191 2107392
1190:1  1190 1191 12644352
1190:2  1190 1191 884736
1190:3  1190 1191 3161088
1190:4  1190 1191 526848
1190:11  1190 1191 131712
1192:0  1192 1193 5268480
1193:0  1193 1194 2107392
1193:1  1193 1194 884736
1193:2  1193 1194 12644352
1193:3  1193 1194 3161088
1193:4  1193 1194 526848
1193:11  1193 1194 9216
1201:0  1201 1202 1404928
1201:1  1201 1202 2809856
1201:2  1201 1202 131072
1201:3  1201 1202 658560
1201:4  1201 1202 351232
1201:11  1201 1202 131712
1201:12  1201 1202 263424
1202:0  1202 1203 5268480
1206:0  1206 1207 5268480
1207:0  1207 1208 1404928
1207:1  1207 1208 2809856
1207:2  1207 1208 131072
1207:3  1207 1208 658560
1207:4  1207 1208 351232
1207:11  1207 1208 131712
1207:12  1207 1208 263424
1209:0  1209 1210 5268480
1210:0  1210 1211 702464
1210:1  1210 1211 65536
1210:2  1210 1211 2809856
1210:3  1210 1211 6144
1216:0  1216 1217 2809856
1262:0  1262 1263 351232
1262:1  1262 1263 32768
1262:2  1262 1263 2809856
1262:3  1262 1263 3072
1265:0  1265 1266 2809856
1269:0  1269 1270 1404928
1269:1  1269 1270 131072
1269:2  1269 1270 2809856
1269:3  1269 1270 12288
1272:0  1272 1273 2809856
1275:0  1275 1276 5268480
1276:0  1276 1277 1404928
1276:1  1276 1277 131072
1276:2  1276 1277 2809856
1276:3  1276 1277 12288
1279:0  1279 1280 2809856
1281:0  1281 1282 2809856
1285:0  1285 1286 2809856
1286:0  1286 1287 351232
1286:1  1286 1287 2107392
1286:2  1286 1287 24576
1286:3  1286 1287 263424
1287:0  1287 1288 2809856
1291:0  1291 1292 2809856
1292:0  1292 1293 351232
1292:1  1292 1293 4390400
1292:2  1292 1293 51200
1292:3  1292 1293 263424
1294:0  1294 1295 2809856
1295:0  1295 1296 351232
1295:1  1295 1296 51200
1295:2  1295 1296 4390400
1295:3  1295 1296 3072
1303:0  1303 1304 175616
1303:1  1303 1304 2107392
1303:2  1303 1304 12288
1303:3  1303 1304 263424
1304:0  1304 1305 2809856
1308:0  1308 1309 2809856
1309:0  1309 1310 1404928
1309:1  1309 1310 9483264
1309:2  1309 1310 442368
1309:3  1309 1310 2370816
1309:4  1309 1310 351232
1309:11  1309 1310 131712
1311:0  1311 1312 2809856
1312:0  1312 1313 1404928
1312:1  1312 1313 442368
1312:2  1312 1313 9483264
1312:3  1312 1313 2370816
1312:4  1312 1313 351232
1312:11  1312 1313 6144
1320:0  1320 1321 1053696
1320:1  1320 1321 2107392
1320:2  1320 1321 73728
1320:3  1320 1321 526848
1320:4  1320 1321 263424
1320:11  1320 1321 131712
1321:0  1321 1322 2809856
1325:0  1325 1326 2809856
1326:0  1326 1327 702464
1326:1  1326 1327 2107392
1326:2  1326 1327 49152
1326:3  1326 1327 263424
1328:0  1328 1329 2809856
1329:0  1329 1330 351232
1329:1  1329 1330 24576
1329:2  1329 1330 2107392
1329:3  1329 1330 3072
1335:0  1335 1336 2107392
1381:0  1381 1382 175616
1381:1  1381 1382 12288
1381:2  1381 1382 2107392
1381:3  1381 1382 1536
1384:0  1384 1385 2107392
1388:0  1388 1389 1053696
1388:1  1388 1389 73728
1388:2  1388 1389 2107392
1388:3  1388 1389 9216
1391:0  1391 1392 2107392
1394:0  1394 1395 2809856
1395:0  1395 1396 702464
1395:1  1395 1396 49152
1395:2  1395 1396 2107392
1395:3  1395 1396 6144
1398:0  1398 1399 2107392
1446:0  1446 1447 8429568
1450:0  1450 1451 8429568
1451:0  1451 1452 8429568
1451:1  1451 1452 25288704
1451:2  1451 1452 442368
1451:3  1451 1452 6322176
1451:4  1451 1452 2107392
1451:59  1451 1452 1580544
1451:60  1451 1452 526848
1451:67  1451 1452 263424
1453:0  1453 1454 8429568
1454:0  1454 1455 8429568
1454:1  1454 1455 442368
1454:2  1454 1455 25288704
1454:3  1454 1455 6322176
1454:4  1454 1455 2107392
1454:11  1454 1455 9216
1460:0  1460 1461 11239424
1504:0  1504 1505 44957696
1508:0  1508 1509 44957696
1509:0  1509 1510 44957696
1509:1  1509 1510 103262208
1509:2  1509 1510 37632
1509:3  1509 1510 16859136
0  0 2 64
1  1 4 64
2  2 5 64
3  3 5 64
4  4 7 64
5  5 9 704
6  6 8 256
7  7 9 704
8  8 16 704
9  9 11 64
10  10 12 64
11  11 13 64
12  12 14 64
13  13 15 576
14  14 16 704
15  15 218 704
16  16 18 8429568
17  17 19 11239424
18  18 1510 103262208
19  19 21 37632
20  20 22 44957696
21  21 1491 44957696
22  22 1492 11239424
23  23 1452 25288704
24  24 26 442368
25  25 27 8429568
26  26 1433 8429568
27  27 1434 2107392
28  28 1327 2107392
29  29 31 49152
30  30 48 702464
31  31 33 73728
32  32 34 1053696
33  33 35 1053696
34  34 1310 9483264
35  35 37 442368
36  36 48 1404928
37  37 39 12288
38  38 40 175616
39  39 41 175616
40  40 1293 4390400
41  41 43 51200
42  42 48 351232
43  43 1367 2107392
44  44 1287 2107392
45  45 47 24576
46  46 48 351232
47  47 1247 2809856
48  48 1208 2809856
49  49 51 131072
50  50 68 1404928
51  51 53 131072
52  52 54 1404928
53  53 55 1404928
54  54 1191 12644352
55  55 57 884736
56  56 68 2107392
57  57 59 32768
58  58 60 351232
59  59 61 351232
60  60 1174 8780800
61  61 63 307200
62  62 68 1053696
63  63 1248 2809856
64  64 1168 2809856
65  65 67 65536
66  66 68 702464
67  67 1149 5268480
68  68 1150 1317120
69  69 1043 1317120
70  70 72 368640
71  71 89 526848
72  72 74 184320
73  73 75 263424
74  74 76 263424
75  75 1026 2370816
76  76 78 718848
77  77 89 570752
78  78 80 30720
79  79 81 43904
80  80 82 43904
81  81 1009 1097600
82  82 84 76800
83  83 89 131712
84  84 1083 1317120
85  85 1003 1317120
86  86 88 122880
87  87 89 175616
88  88 963 1404928
89  89 924 1404928
90  90 92 327680
91  91 109 439040
92  92 94 229376
93  93 95 307328
94  94 96 307328
95  95 907 2765952
96  96 98 903168
97  97 109 614656
98  98 100 49152
99  99 101 65856
100  100 102 65856
101  101 890 1646400
102  102 104 153600
103  103 109 175616
104  104 964 1404928
105  105 884 1404928
106  106 108 131072
107  107 109 175616
108  108 844 1404928
109  109 805 1404928
110  110 112 262144
111  111 129 351232
112  112 114 262144
113  113 115 351232
114  114 116 351232
115  115 788 3161088
116  116 118 1179648
117  117 129 702464
118  118 120 49152
119  119 121 65856
120  120 122 65856
121  121 771 1646400
122  122 124 153600
123  123 129 175616
124  124 845 1404928
125  125 765 1404928
126  126 128 131072
127  127 129 175616
128  128 725 1404928
129  129 686 1404928
130  130 132 229376
131  131 149 307328
132  132 134 294912
133  133 135 395136
134  134 136 395136
135  135 669 3556224
136  136 138 1492992
137  137 149 790272
138  138 140 65536
139  139 141 87808
140  140 142 87808
141  141 652 2195200
142  142 144 204800
143  143 149 175616
144  144 726 1404928
145  145 646 1404928
146  146 148 131072
147  147 149 175616
148  148 606 1448832
149  149 567 1448832
150  150 152 540672
151  151 169 702464
152  152 154 337920
153  153 155 439040
154  154 156 439040
155  155 550 3951360
156  156 158 1843200
157  157 169 878080
158  158 160 67584
159  159 161 87808
160  160 162 87808
161  161 533 2195200
162  162 164 409600
163  163 169 351232
164  164 607 1448832
165  165 527 1448832
166  166 168 270336
167  167 169 351232
168  168 508 2283008
169  169 509 745472
170  170 402 745472
171  171 173 851968
172  172 190 229376
173  173 175 532480
174  174 176 143360
175  175 177 143360
176  176 385 1290240
177  177 179 1843200
178  178 190 286720
179  179 181 106496
180  180 182 28672
181  181 183 28672
182  182 368 716800
183  183 185 409600
184  184 190 114688
185  185 442 745472
186  186 362 745472
187  187 189 425984
188  188 190 114688
189  189 322 745472
190  190 283 745472
191  191 193 1277952
192  192 210 344064
193  193 195 638976
194  194 196 172032
195  195 197 172032
196  196 266 1548288
197  197 199 2654208
198  198 210 344064
199  199 201 159744
200  200 202 43008
201  201 203 43008
202  202 249 1075200
203  203 205 614400
204  204 210 114688
205  205 323 745472
206  206 243 745472
207  207 209 425984
208  208 210 114688
209  209 211 917504
210  210 212 57344
211  211 230 57344
212  212 214 40960
213  213 215 576
214  214 216 704
215  215 219 704
216  216 218 704
217  217 220 704
218  218 226 576
219  219 225 576
220  220 222 576
221  221 223 576
222  222 224 576
223  223 225 576
224  224 226 576
225  225 232 576
226  226 228 576
227  227 1511 64
228  228 230 576
229  229 1512 40960
230  230 233 40960
231  231 233 576
232  232 234 57344
233  233 235 57344
234  234 236 57344
235  235 237 44957696
236  236 351 917504
237  237 239 114688
238  238 240 8192
239  239 241 8192
240  240 1513 512
241  241 243 114688
242  242 1514 425984
243  243 245 114688
244  244 246 8192
245  245 247 8192
246  246 1515 512
247  247 249 114688
248  248 1516 614400
249  249 252 614400
250  250 252 114688
251  251 253 1075200
252  252 254 1075200
253  253 337 43008
254  254 256 43008
255  255 257 3072
256  256 258 3072
257  257 1517 192
258  258 260 43008
259  259 1518 159744
260  260 262 344064
261  261 263 24576
262  262 264 24576
263  263 1519 1536
264  264 266 344064
265  265 1520 2654208
266  266 269 2654208
267  267 269 344064
268  268 270 1548288
269  269 271 1548288
270  270 344 172032
271  271 273 172032
272  272 274 12288
273  273 275 12288
274  274 1521 768
275  275 277 172032
276  276 1522 638976
277  277 279 344064
278  278 280 24576
279  279 281 24576
280  280 1523 1536
281  281 283 344064
282  282 1524 1277952
283  283 286 425984
284  284 286 114688
285  285 287 745472
286  286 288 745472
287  287 292 745472
288  288 290 745472
289  289 291 745472
290  290 293 745472
291  291 325 745472
292  292 326 745472
293  293 295 745472
294  294 296 745472
295  295 297 745472
296  296 327 745472
297  297 299 745472
298  298 300 745472
299  299 301 745472
300  300 328 745472
301  301 303 745472
302  302 304 745472
303  303 305 745472
304  304 329 745472
305  305 307 745472
306  306 308 745472
307  307 309 745472
308  308 330 745472
309  309 311 745472
310  310 312 745472
311  311 313 745472
312  312 331 745472
313  313 315 745472
314  314 316 745472
315  315 317 745472
316  316 332 745472
317  317 319 745472
318  318 320 745472
319  319 321 745472
320  320 333 745472
321  321 323 745472
322  322 324 745472
323  323 325 745472
324  324 334 745472
325  325 335 745472
326  326 335 745472
327  327 335 745472
328  328 335 745472
329  329 335 745472
330  330 335 745472
331  331 335 745472
332  332 335 745472
333  333 335 745472
334  334 342 745472
335  335 338 159744
336  336 338 43008
337  337 339 745472
338  338 340 745472
339  339 341 745472
340  340 342 745472
341  341 349 745472
342  342 345 638976
343  343 345 172032
344  344 346 745472
345  345 347 745472
346  346 348 745472
347  347 349 745472
348  348 356 745472
349  349 352 1277952
350  350 352 344064
351  351 353 745472
352  352 354 745472
353  353 355 745472
354  354 356 745472
355  355 470 745472
356  356 358 114688
357  357 359 8192
358  358 360 8192
359  359 1525 512
360  360 362 114688
361  361 1526 425984
362  362 364 114688
363  363 365 8192
364  364 366 8192
365  365 1527 512
366  366 368 114688
367  367 1528 409600
368  368 371 409600
369  369 371 114688
370  370 372 716800
371  371 373 716800
372  372 456 28672
373  373 375 28672
374  374 376 2048
375  375 377 2048
376  376 1529 128
377  377 379 28672
378  378 1530 106496
379  379 381 286720
380  380 382 20480
381  381 383 20480
382  382 1531 1280
383  383 385 286720
384  384 1532 1843200
385  385 388 1843200
386  386 388 286720
387  387 389 1290240
388  388 390 1290240
389  389 463 143360
390  390 392 143360
391  391 393 10240
392  392 394 10240
393  393 1533 640
394  394 396 143360
395  395 1534 532480
396  396 398 229376
397  397 399 16384
398  398 400 16384
399  399 1535 1024
400  400 402 229376
401  401 1536 851968
402  402 405 425984
403  403 405 114688
404  404 406 745472
405  405 407 745472
406  406 411 745472
407  407 409 745472
408  408 410 745472
409  409 412 745472
410  410 444 745472
411  411 445 745472
412  412 414 745472
413  413 415 745472
414  414 416 745472
415  415 446 745472
416  416 418 745472
417  417 419 745472
418  418 420 745472
419  419 447 745472
420  420 422 745472
421  421 423 745472
422  422 424 745472
423  423 448 745472
424  424 426 745472
425  425 427 745472
426  426 428 745472
427  427 449 745472
428  428 430 745472
429  429 431 745472
430  430 432 745472
431  431 450 745472
432  432 434 745472
433  433 435 745472
434  434 436 745472
435  435 451 745472
436  436 438 745472
437  437 439 745472
438  438 440 745472
439  439 452 745472
440  440 442 745472
441  441 443 745472
442  442 444 745472
443  443 453 745472
444  444 454 745472
445  445 454 745472
446  446 454 745472
447  447 454 745472
448  448 454 745472
449  449 454 745472
450  450 454 745472
451  451 454 745472
452  452 454 745472
453  453 461 745472
454  454 457 106496
455  455 457 28672
456  456 458 745472
457  457 459 745472
458  458 460 745472
459  459 461 745472
460  460 468 745472
461  461 464 532480
462  462 464 143360
463  463 465 745472
464  464 466 745472
465  465 467 745472
466  466 468 745472
467  467 475 745472
468  468 471 851968
469  469 471 229376
470  470 472 745472
471  471 473 745472
472  472 474 745472
473  473 475 745472
474  474 511 745472
475  475 477 745472
476  476 478 745472
477  477 479 745472
478  478 512 745472
479  479 481 745472
480  480 482 745472
481  481 483 745472
482  482 513 745472
483  483 485 745472
484  484 486 745472
485  485 487 745472
486  486 514 745472
487  487 489 745472
488  488 490 745472
489  489 491 745472
490  490 515 745472
491  491 493 745472
492  492 494 745472
493  493 495 745472
494  494 516 745472
495  495 497 745472
496  496 498 745472
497  497 499 745472
498  498 517 745472
499  499 501 745472
500  500 502 745472
501  501 503 745472
502  502 518 745472
503  503 505 745472
504  504 506 745472
505  505 507 745472
506  506 519 745472
507  507 509 745472
508  508 510 745472
509  509 511 745472
510  510 520 745472
511  511 521 2283008
512  512 521 2283008
513  513 521 2283008
514  514 521 2283008
515  515 521 2283008
516  516 521 2283008
517  517 521 2283008
518  518 521 2283008
519  519 521 2283008
520  520 635 2283008
521  521 523 351232
522  522 524 25088
523  523 525 25088
524  524 1537 512
525  525 527 351232
526  526 1538 270336
527  527 529 351232
528  528 530 25088
529  529 531 25088
530  530 1539 512
531  531 533 351232
532  532 1540 409600
533  533 536 409600
534  534 536 351232
535  535 537 2195200
536  536 538 2195200
537  537 621 87808
538  538 540 87808
539  539 541 6272
540  540 542 6272
541  541 1541 128
542  542 544 87808
543  543 1542 67584
544  544 546 878080
545  545 547 62720
546  546 548 62720
547  547 1543 1280
548  548 550 878080
549  549 1544 1843200
550  550 553 1843200
551  551 553 878080
552  552 554 3951360
553  553 555 3951360
554  554 628 439040
555  555 557 439040
556  556 558 31360
557  557 559 31360
558  558 1545 640
559  559 561 439040
560  560 1546 337920
561  561 563 702464
562  562 564 50176
563  563 565 50176
564  564 1547 1024
565  565 567 702464
566  566 1548 540672
567  567 570 270336
568  568 570 351232
569  569 571 1448832
570  570 572 1448832
571  571 576 1448832
572  572 574 1448832
573  573 575 1448832
574  574 577 1448832
575  575 609 1448832
576  576 610 1448832
577  577 579 1448832
578  578 580 1448832
579  579 581 1448832
580  580 611 1448832
581  581 583 1448832
582  582 584 1448832
583  583 585 1448832
584  584 612 1448832
585  585 587 1448832
586  586 588 1448832
587  587 589 1448832
588  588 613 1448832
589  589 591 1448832
590  590 592 1448832
591  591 593 1448832
592  592 614 1448832
593  593 595 1448832
594  594 596 1448832
595  595 597 1448832
596  596 615 1448832
597  597 599 1448832
598  598 600 1448832
599  599 601 1448832
600  600 616 1448832
601  601 603 1448832
602  602 604 1448832
603  603 605 1448832
604  604 617 1448832
605  605 607 1448832
606  606 608 1448832
607  607 609 1448832
608  608 618 1448832
609  609 619 1448832
610  610 619 1448832
611  611 619 1448832
612  612 619 1448832
613  613 619 1448832
614  614 619 1448832
615  615 619 1448832
616  616 619 1448832
617  617 619 1448832
618  618 626 1448832
619  619 622 67584
620  620 622 87808
621  621 623 1448832
622  622 624 1448832
623  623 625 1448832
624  624 626 1448832
625  625 633 1448832
626  626 629 337920
627  627 629 439040
628  628 630 1448832
629  629 631 1448832
630  630 632 1448832
631  631 633 1448832
632  632 640 1448832
633  633 636 540672
634  634 636 702464
635  635 637 1448832
636  636 638 1448832
637  637 639 1448832
638  638 640 1448832
639  639 754 1448832
640  640 642 175616
641  641 643 12544
642  642 644 12544
643  643 1549 256
644  644 646 175616
645  645 1550 131072
646  646 648 175616
647  647 649 12544
648  648 650 12544
649  649 1551 256
650  650 652 175616
651  651 1552 204800
652  652 655 204800
653  653 655 175616
654  654 656 2195200
655  655 657 2195200
656  656 740 87808
657  657 659 87808
658  658 660 6272
659  659 661 6272
660  660 1553 128
661  661 663 87808
662  662 1554 65536
663  663 665 790272
664  664 666 56448
665  665 667 56448
666  666 1555 1152
667  667 669 790272
668  668 1556 1492992
669  669 672 1492992
670  670 672 790272
671  671 673 3556224
672  672 674 3556224
673  673 747 395136
674  674 676 395136
675  675 677 28224
676  676 678 28224
677  677 1557 576
678  678 680 395136
679  679 1558 294912
680  680 682 307328
681  681 683 21952
682  682 684 21952
683  683 1559 448
684  684 686 307328
685  685 1560 229376
686  686 689 131072
687  687 689 175616
688  688 690 1404928
689  689 691 1404928
690  690 695 1404928
691  691 693 1404928
692  692 694 1404928
693  693 696 1404928
694  694 728 1404928
695  695 729 1404928
696  696 698 1404928
697  697 699 1404928
698  698 700 1404928
699  699 730 1404928
700  700 702 1404928
701  701 703 1404928
702  702 704 1404928
703  703 731 1404928
704  704 706 1404928
705  705 707 1404928
706  706 708 1404928
707  707 732 1404928
708  708 710 1404928
709  709 711 1404928
710  710 712 1404928
711  711 733 1404928
712  712 714 1404928
713  713 715 1404928
714  714 716 1404928
715  715 734 1404928
716  716 718 1404928
717  717 719 1404928
718  718 720 1404928
719  719 735 1404928
720  720 722 1404928
721  721 723 1404928
722  722 724 1404928
723  723 736 1404928
724  724 726 1404928
725  725 727 1404928
726  726 728 1404928
727  727 737 1404928
728  728 738 1404928
729  729 738 1404928
730  730 738 1404928
731  731 738 1404928
732  732 738 1404928
733  733 738 1404928
734  734 738 1404928
735  735 738 1404928
736  736 738 1404928
737  737 745 1404928
738  738 741 65536
739  739 741 87808
740  740 742 1404928
741  741 743 1404928
742  742 744 1404928
743  743 745 1404928
744  744 752 1404928
745  745 748 294912
746  746 748 395136
747  747 749 1404928
748  748 750 1404928
749  749 751 1404928
750  750 752 1404928
751  751 759 1404928
752  752 755 229376
753  753 755 307328
754  754 756 1404928
755  755 757 1404928
756  756 758 1404928
757  757 759 1404928
758  758 873 1404928
759  759 761 175616
760  760 762 12544
761  761 763 12544
762  762 1561 256
763  763 765 175616
764  764 1562 131072
765  765 767 175616
766  766 768 12544
767  767 769 12544
768  768 1563 256
769  769 771 175616
770  770 1564 153600
771  771 774 153600
772  772 774 175616
773  773 775 1646400
774  774 776 1646400
775  775 859 65856
776  776 778 65856
777  777 779 4736
778  778 780 4736
779  779 1565 128
780  780 782 65856
781  781 1566 49152
782  782 784 702464
783  783 785 50176
784  784 786 50176
785  785 1567 1024
786  786 788 702464
787  787 1568 1179648
788  788 791 1179648
789  789 791 702464
790  790 792 3161088
791  791 793 3161088
792  792 866 351232
793  793 795 351232
794  794 796 25088
795  795 797 25088
796  796 1569 512
797  797 799 351232
798  798 1570 262144
799  799 801 351232
800  800 802 25088
801  801 803 25088
802  802 1571 512
803  803 805 351232
804  804 1572 262144
805  805 808 131072
806  806 808 175616
807  807 809 1404928
808  808 810 1404928
809  809 814 1404928
810  810 812 1404928
811  811 813 1404928
812  812 815 1404928
813  813 847 1404928
814  814 848 1404928
815  815 817 1404928
816  816 818 1404928
817  817 819 1404928
818  818 849 1404928
819  819 821 1404928
820  820 822 1404928
821  821 823 1404928
822  822 850 1404928
823  823 825 1404928
824  824 826 1404928
825  825 827 1404928
826  826 851 1404928
827  827 829 1404928
828  828 830 1404928
829  829 831 1404928
830  830 852 1404928
831  831 833 1404928
832  832 834 1404928
833  833 835 1404928
834  834 853 1404928
835  835 837 1404928
836  836 838 1404928
837  837 839 1404928
838  838 854 1404928
839  839 841 1404928
840  840 842 1404928
841  841 843 1404928
842  842 855 1404928
843  843 845 1404928
844  844 846 1404928
845  845 847 1404928
846  846 856 1404928
847  847 857 1404928
848  848 857 1404928
849  849 857 1404928
850  850 857 1404928
851  851 857 1404928
852  852 857 1404928
853  853 857 1404928
854  854 857 1404928
855  855 857 1404928
856  856 864 1404928
857  857 860 49152
858  858 860 65856
859  859 861 1404928
860  860 862 1404928
861  861 863 1404928
862  862 864 1404928
863  863 871 1404928
864  864 867 262144
865  865 867 351232
866  866 868 1404928
867  867 869 1404928
868  868 870 1404928
869  869 871 1404928
870  870 878 1404928
871  871 874 262144
872  872 874 351232
873  873 875 1404928
874  874 876 1404928
875  875 877 1404928
876  876 878 1404928
877  877 992 1404928
878  878 880 175616
879  879 881 12544
880  880 882 12544
881  881 1573 256
882  882 884 175616
883  883 1574 131072
884  884 886 175616
885  885 887 12544
886  886 888 12544
887  887 1575 256
888  888 890 175616
889  889 1576 153600
890  890 893 153600
891  891 893 175616
892  892 894 1646400
893  893 895 1646400
894  894 978 65856
895  895 897 65856
896  896 898 4736
897  897 899 4736
898  898 1577 128
899  899 901 65856
900  900 1578 49152
901  901 903 614656
902  902 904 43904
903  903 905 43904
904  904 1579 896
905  905 907 614656
906  906 1580 903168
907  907 910 903168
908  908 910 614656
909  909 911 2765952
910  910 912 2765952
911  911 985 307328
912  912 914 307328
913  913 915 21952
914  914 916 21952
915  915 1581 448
916  916 918 307328
917  917 1582 229376
918  918 920 439040
919  919 921 31360
920  920 922 31360
921  921 1583 640
922  922 924 439040
923  923 1584 327680
924  924 927 131072
925  925 927 175616
926  926 928 1404928
927  927 929 1404928
928  928 933 1404928
929  929 931 1404928
930  930 932 1404928
931  931 934 1404928
932  932 966 1404928
933  933 967 1404928
934  934 936 1404928
935  935 937 1404928
936  936 938 1404928
937  937 968 1404928
938  938 940 1404928
939  939 941 1404928
940  940 942 1404928
941  941 969 1404928
942  942 944 1404928
943  943 945 1404928
944  944 946 1404928
945  945 970 1404928
946  946 948 1404928
947  947 949 1404928
948  948 950 1404928
949  949 971 1404928
950  950 952 1404928
951  951 953 1404928
952  952 954 1404928
953  953 972 1404928
954  954 956 1404928
955  955 957 1404928
956  956 958 1404928
957  957 973 1404928
958  958 960 1404928
959  959 961 1404928
960  960 962 1404928
961  961 974 1404928
962  962 964 1404928
963  963 965 1404928
964  964 966 1404928
965  965 975 1404928
966  966 976 1404928
967  967 976 1404928
968  968 976 1404928
969  969 976 1404928
970  970 976 1404928
971  971 976 1404928
972  972 976 1404928
973  973 976 1404928
974  974 976 1404928
975  975 983 1404928
976  976 979 49152
977  977 979 65856
978  978 980 1404928
979  979 981 1404928
980  980 982 1404928
981  981 983 1404928
982  982 990 1404928
983  983 986 229376
984  984 986 307328
985  985 987 1404928
986  986 988 1404928
987  987 989 1404928
988  988 990 1404928
989  989 997 1404928
990  990 993 327680
991  991 993 439040
992  992 994 1404928
993  993 995 1404928
994  994 996 1404928
995  995 997 1404928
996  996 1111 1404928
997  997 999 175616
998  998 1000 12544
999  999 1001 12544
1000  1000 1585 256
1001  1001 1003 175616
1002  1002 1586 122880
1003  1003 1005 131712
1004  1004 1006 9408
1005  1005 1007 9408
1006  1006 1587 192
1007  1007 1009 131712
1008  1008 1588 76800
1009  1009 1012 76800
1010  1010 1012 131712
1011  1011 1013 1097600
1012  1012 1014 1097600
1013  1013 1097 43904
1014  1014 1016 43904
1015  1015 1017 3136
1016  1016 1018 3136
1017  1017 1589 64
1018  1018 1020 43904
1019  1019 1590 30720
1020  1020 1022 570752
1021  1021 1023 40768
1022  1022 1024 40768
1023  1023 1591 832
1024  1024 1026 570752
1025  1025 1592 718848
1026  1026 1029 718848
1027  1027 1029 570752
1028  1028 1030 2370816
1029  1029 1031 2370816
1030  1030 1104 263424
1031  1031 1033 263424
1032  1032 1034 18816
1033  1033 1035 18816
1034  1034 1593 384
1035  1035 1037 263424
1036  1036 1594 184320
1037  1037 1039 526848
1038  1038 1040 37632
1039  1039 1041 37632
1040  1040 1595 768
1041  1041 1043 526848
1042  1042 1596 368640
1043  1043 1046 122880
1044  1044 1046 175616
1045  1045 1047 1317120
1046  1046 1048 1317120
1047  1047 1052 1317120
1048  1048 1050 1317120
1049  1049 1051 1317120
1050  1050 1053 1317120
1051  1051 1085 1317120
1052  1052 1086 1317120
1053  1053 1055 1317120
1054  1054 1056 1317120
1055  1055 1057 1317120
1056  1056 1087 1317120
1057  1057 1059 1317120
1058  1058 1060 1317120
1059  1059 1061 1317120
1060  1060 1088 1317120
1061  1061 1063 1317120
1062  1062 1064 1317120
1063  1063 1065 1317120
1064  1064 1089 1317120
1065  1065 1067 1317120
1066  1066 1068 1317120
1067  1067 1069 1317120
1068  1068 1090 1317120
1069  1069 1071 1317120
1070  1070 1072 1317120
1071  1071 1073 1317120
1072  1072 1091 1317120
1073  1073 1075 1317120
1074  1074 1076 1317120
1075  1075 1077 1317120
1076  1076 1092 1317120
1077  1077 1079 1317120
1078  1078 1080 1317120
1079  1079 1081 1317120
1080  1080 1093 1317120
1081  1081 1083 1317120
1082  1082 1084 1317120
1083  1083 1085 1317120
1084  1084 1094 1317120
1085  1085 1095 1317120
1086  1086 1095 1317120
1087  1087 1095 1317120
1088  1088 1095 1317120
1089  1089 1095 1317120
1090  1090 1095 1317120
1091  1091 1095 1317120
1092  1092 1095 1317120
1093  1093 1095 1317120
1094  1094 1102 1317120
1095  1095 1098 30720
1096  1096 1098 43904
1097  1097 1099 1317120
1098  1098 1100 1317120
1099  1099 1101 1317120
1100  1100 1102 1317120
1101  1101 1109 1317120
1102  1102 1105 184320
1103  1103 1105 263424
1104  1104 1106 1317120
1105  1105 1107 1317120
1106  1106 1108 1317120
1107  1107 1109 1317120
1108  1108 1116 1317120
1109  1109 1112 368640
1110  1110 1112 526848
1111  1111 1113 1317120
1112  1112 1114 1317120
1113  1113 1115 1317120
1114  1114 1116 1317120
1115  1115 1152 1317120
1116  1116 1118 1317120
1117  1117 1119 1317120
1118  1118 1120 1317120
1119  1119 1153 1317120
1120  1120 1122 1317120
1121  1121 1123 1317120
1122  1122 1124 1317120
1123  1123 1154 1317120
1124  1124 1126 1317120
1125  1125 1127 1317120
1126  1126 1128 1317120
1127  1127 1155 1317120
1128  1128 1130 1317120
1129  1129 1131 1317120
1130  1130 1132 1317120
1131  1131 1156 1317120
1132  1132 1134 1317120
1133  1133 1135 1317120
1134  1134 1136 1317120
1135  1135 1157 1317120
1136  1136 1138 1317120
1137  1137 1139 1317120
1138  1138 1140 1317120
1139  1139 1158 1317120
1140  1140 1142 1317120
1141  1141 1143 1317120
1142  1142 1144 1317120
1143  1143 1159 1317120
1144  1144 1146 1317120
1145  1145 1147 1317120
1146  1146 1148 1317120
1147  1147 1160 1317120
1148  1148 1150 1317120
1149  1149 1151 1317120
1150  1150 1152 1317120
1151  1151 1161 1317120
1152  1152 1162 5268480
1153  1153 1162 5268480
1154  1154 1162 5268480
1155  1155 1162 5268480
1156  1156 1162 5268480
1157  1157 1162 5268480
1158  1158 1162 5268480
1159  1159 1162 5268480
1160  1160 1162 5268480
1161  1161 1276 5268480
1162  1162 1164 702464
1163  1163 1165 50176
1164  1164 1166 50176
1165  1165 1597 256
1166  1166 1168 702464
1167  1167 1598 65536
1168  1168 1170 1053696
1169  1169 1171 75264
1170  1170 1172 75264
1171  1171 1599 384
1172  1172 1174 1053696
1173  1173 1600 307200
1174  1174 1177 307200
1175  1175 1177 1053696
1176  1176 1178 8780800
1177  1177 1179 8780800
1178  1178 1262 351232
1179  1179 1181 351232
1180  1180 1182 25088
1181  1181 1183 25088
1182  1182 1601 128
1183  1183 1185 351232
1184  1184 1602 32768
1185  1185 1187 2107392
1186  1186 1188 150528
1187  1187 1189 150528
1188  1188 1603 768
1189  1189 1191 2107392
1190  1190 1604 884736
1191  1191 1194 884736
1192  1192 1194 2107392
1193  1193 1195 12644352
1194  1194 1196 12644352
1195  1195 1269 1404928
1196  1196 1198 1404928
1197  1197 1199 100352
1198  1198 1200 100352
1199  1199 1605 512
1200  1200 1202 1404928
1201  1201 1606 131072
1202  1202 1204 1404928
1203  1203 1205 100352
1204  1204 1206 100352
1205  1205 1607 512
1206  1206 1208 1404928
1207  1207 1608 131072
1208  1208 1211 65536
1209  1209 1211 702464
1210  1210 1212 2809856
1211  1211 1213 2809856
1212  1212 1217 2809856
1213  1213 1215 2809856
1214  1214 1216 2809856
1215  1215 1218 2809856
1216  1216 1250 2809856
1217  1217 1251 2809856
1218  1218 1220 2809856
1219  1219 1221 2809856
1220  1220 1222 2809856
1221  1221 1252 2809856
1222  1222 1224 2809856
1223  1223 1225 2809856
1224  1224 1226 2809856
1225  1225 1253 2809856
1226  1226 1228 2809856
1227  1227 1229 2809856
1228  1228 1230 2809856
1229  1229 1254 2809856
1230  1230 1232 2809856
1231  1231 1233 2809856
1232  1232 1234 2809856
1233  1233 1255 2809856
1234  1234 1236 2809856
1235  1235 1237 2809856
1236  1236 1238 2809856
1237  1237 1256 2809856
1238  1238 1240 2809856
1239  1239 1241 2809856
1240  1240 1242 2809856
1241  1241 1257 2809856
1242  1242 1244 2809856
1243  1243 1245 2809856
1244  1244 1246 2809856
1245  1245 1258 2809856
1246  1246 1248 2809856
1247  1247 1249 2809856
1248  1248 1250 2809856
1249  1249 1259 2809856
1250  1250 1260 2809856
1251  1251 1260 2809856
1252  1252 1260 2809856
1253  1253 1260 2809856
1254  1254 1260 2809856
1255  1255 1260 2809856
1256  1256 1260 2809856
1257  1257 1260 2809856
1258  1258 1260 2809856
1259  1259 1267 2809856
1260  1260 1263 32768
1261  1261 1263 351232
1262  1262 1264 2809856
1263  1263 1265 2809856
1264  1264 1266 2809856
1265  1265 1267 2809856
1266  1266 1274 2809856
1267  1267 1270 131072
1268  1268 1270 1404928
1269  1269 1271 2809856
1270  1270 1272 2809856
1271  1271 1273 2809856
1272  1272 1274 2809856
1273  1273 1281 2809856
1274  1274 1277 131072
1275  1275 1277 1404928
1276  1276 1278 2809856
1277  1277 1279 2809856
1278  1278 1280 2809856
1279  1279 1281 2809856
1280  1280 1395 2809856
1281  1281 1283 351232
1282  1282 1284 25088
1283  1283 1285 25088
1284  1284 1609 128
1285  1285 1287 351232
1286  1286 1610 24576
1287  1287 1289 351232
1288  1288 1290 25088
1289  1289 1291 25088
1290  1290 1611 128
1291  1291 1293 351232
1292  1292 1612 51200
1293  1293 1296 51200
1294  1294 1296 351232
1295  1295 1297 4390400
1296  1296 1298 4390400
1297  1297 1381 175616
1298  1298 1300 175616
1299  1299 1301 12544
1300  1300 1302 12544
1301  1301 1613 64
1302  1302 1304 175616
1303  1303 1614 12288
1304  1304 1306 1404928
1305  1305 1307 100352
1306  1306 1308 100352
1307  1307 1615 512
1308  1308 1310 1404928
1309  1309 1616 442368
1310  1310 1313 442368
1311  1311 1313 1404928
1312  1312 1314 9483264
1313  1313 1315 9483264
1314  1314 1388 1053696
1315  1315 1317 1053696
1316  1316 1318 75264
1317  1317 1319 75264
1318  1318 1617 384
1319  1319 1321 1053696
1320  1320 1618 73728
1321  1321 1323 702464
1322  1322 1324 50176
1323  1323 1325 50176
1324  1324 1619 256
1325  1325 1327 702464
1326  1326 1620 49152
1327  1327 1330 24576
1328  1328 1330 351232
1329  1329 1331 2107392
1330  1330 1332 2107392
1331  1331 1336 2107392
1332  1332 1334 2107392
1333  1333 1335 2107392
1334  1334 1337 2107392
1335  1335 1369 2107392
1336  1336 1370 2107392
1337  1337 1339 2107392
1338  1338 1340 2107392
1339  1339 1341 2107392
1340  1340 1371 2107392
1341  1341 1343 2107392
1342  1342 1344 2107392
1343  1343 1345 2107392
1344  1344 1372 2107392
1345  1345 1347 2107392
1346  1346 1348 2107392
1347  1347 1349 2107392
1348  1348 1373 2107392
1349  1349 1351 2107392
1350  1350 1352 2107392
1351  1351 1353 2107392
1352  1352 1374 2107392
1353  1353 1355 2107392
1354  1354 1356 2107392
1355  1355 1357 2107392
1356  1356 1375 2107392
1357  1357 1359 2107392
1358  1358 1360 2107392
1359  1359 1361 2107392
1360  1360 1376 2107392
1361  1361 1363 2107392
1362  1362 1364 2107392
1363  1363 1365 2107392
1364  1364 1377 2107392
1365  1365 1367 2107392
1366  1366 1368 2107392
1367  1367 1369 2107392
1368  1368 1378 2107392
1369  1369 1379 2107392
1370  1370 1379 2107392
1371  1371 1379 2107392
1372  1372 1379 2107392
1373  1373 1379 2107392
1374  1374 1379 2107392
1375  1375 1379 2107392
1376  1376 1379 2107392
1377  1377 1379 2107392
1378  1378 1386 2107392
1379  1379 1382 12288
1380  1380 1382 175616
1381  1381 1383 2107392
1382  1382 1384 2107392
1383  1383 1385 2107392
1384  1384 1386 2107392
1385  1385 1393 2107392
1386  1386 1389 73728
1387  1387 1389 1053696
1388  1388 1390 2107392
1389  1389 1391 2107392
1390  1390 1392 2107392
1391  1391 1393 2107392
1392  1392 1400 2107392
1393  1393 1396 49152
1394  1394 1396 702464
1395  1395 1397 2107392
1396  1396 1398 2107392
1397  1397 1399 2107392
1398  1398 1400 2107392
1399  1399 1436 2107392
1400  1400 1402 2107392
1401  1401 1403 2107392
1402  1402 1404 2107392
1403  1403 1437 2107392
1404  1404 1406 2107392
1405  1405 1407 2107392
1406  1406 1408 2107392
1407  1407 1438 2107392
1408  1408 1410 2107392
1409  1409 1411 2107392
1410  1410 1412 2107392
1411  1411 1439 2107392
1412  1412 1414 2107392
1413  1413 1415 2107392
1414  1414 1416 2107392
1415  1415 1440 2107392
1416  1416 1418 2107392
1417  1417 1419 2107392
1418  1418 1420 2107392
1419  1419 1441 2107392
1420  1420 1422 2107392
1421  1421 1423 2107392
1422  1422 1424 2107392
1423  1423 1442 2107392
1424  1424 1426 2107392
1425  1425 1427 2107392
1426  1426 1428 2107392
1427  1427 1443 2107392
1428  1428 1430 2107392
1429  1429 1431 2107392
1430  1430 1432 2107392
1431  1431 1444 2107392
1432  1432 1434 2107392
1433  1433 1435 2107392
1434  1434 1436 2107392
1435  1435 1445 2107392
1436  1436 1446 8429568
1437  1437 1446 8429568
1438  1438 1446 8429568
1439  1439 1446 8429568
1440  1440 1446 8429568
1441  1441 1446 8429568
1442  1442 1446 8429568
1443  1443 1446 8429568
1444  1444 1446 8429568
1445  1445 1454 8429568
1446  1446 1448 8429568
1447  1447 1449 602112
1448  1448 1450 602112
1449  1449 1621 768
1450  1450 1452 8429568
1451  1451 1622 442368
1452  1452 1455 442368
1453  1453 1455 8429568
1454  1454 1456 25288704
1455  1455 1457 101154816
1456  1456 1461 11239424
1457  1457 1459 11239424
1458  1458 1460 11239424
1459  1459 1462 11239424
1460  1460 1494 11239424
1461  1461 1495 11239424
1462  1462 1464 11239424
1463  1463 1465 11239424
1464  1464 1466 11239424
1465  1465 1496 11239424
1466  1466 1468 11239424
1467  1467 1469 11239424
1468  1468 1470 11239424
1469  1469 1497 11239424
1470  1470 1472 11239424
1471  1471 1473 11239424
1472  1472 1474 11239424
1473  1473 1498 11239424
1474  1474 1476 11239424
1475  1475 1477 11239424
1476  1476 1478 11239424
1477  1477 1499 11239424
1478  1478 1480 11239424
1479  1479 1481 11239424
1480  1480 1482 11239424
1481  1481 1500 11239424
1482  1482 1484 11239424
1483  1483 1485 11239424
1484  1484 1486 11239424
1485  1485 1501 11239424
1486  1486 1488 11239424
1487  1487 1489 11239424
1488  1488 1490 11239424
1489  1489 1502 11239424
1490  1490 1492 11239424
1491  1491 1493 11239424
1492  1492 1494 11239424
1493  1493 1503 11239424
1494  1494 1504 44957696
1495  1495 1504 44957696
1496  1496 1504 44957696
1497  1497 1504 44957696
1498  1498 1504 44957696
1499  1499 1504 44957696
1500  1500 1504 44957696
1501  1501 1504 44957696
1502  1502 1504 44957696
1503  1503 1509 44957696
1504  1504 1506 44957696
1505  1505 1507 3211264
1506  1506 1508 3211264
1507  1507 1623 256
1508  1508 1510 44957696
1509  1509 1624 37632
1510  1510 1624 64
1511  1511 1624 40960
1512  1512 1624 512
1513  1513 1624 425984
1514  1514 1624 512
1515  1515 1624 614400
1516  1516 1624 192
1517  1517 1624 159744
1518  1518 1624 1536
1519  1519 1624 2654208
1520  1520 1624 768
1521  1521 1624 638976
1522  1522 1624 1536
1523  1523 1624 1277952
1524  1524 1624 512
1525  1525 1624 425984
1526  1526 1624 512
1527  1527 1624 409600
1528  1528 1624 128
1529  1529 1624 106496
1530  1530 1624 1280
1531  1531 1624 1843200
1532  1532 1624 640
1533  1533 1624 532480
1534  1534 1624 1024
1535  1535 1624 851968
1536  1536 1624 512
1537  1537 1624 270336
1538  1538 1624 512
1539  1539 1624 409600
1540  1540 1624 128
1541  1541 1624 67584
1542  1542 1624 1280
1543  1543 1624 1843200
1544  1544 1624 640
1545  1545 1624 337920
1546  1546 1624 1024
1547  1547 1624 540672
1548  1548 1624 256
1549  1549 1624 131072
1550  1550 1624 256
1551  1551 1624 204800
1552  1552 1624 128
1553  1553 1624 65536
1554  1554 1624 1152
1555  1555 1624 1492992
1556  1556 1624 576
1557  1557 1624 294912
1558  1558 1624 448
1559  1559 1624 229376
1560  1560 1624 256
1561  1561 1624 131072
1562  1562 1624 256
1563  1563 1624 153600
1564  1564 1624 128
1565  1565 1624 49152
1566  1566 1624 1024
1567  1567 1624 1179648
1568  1568 1624 512
1569  1569 1624 262144
1570  1570 1624 512
1571  1571 1624 262144
1572  1572 1624 256
1573  1573 1624 131072
1574  1574 1624 256
1575  1575 1624 153600
1576  1576 1624 128
1577  1577 1624 49152
1578  1578 1624 896
1579  1579 1624 903168
1580  1580 1624 448
1581  1581 1624 229376
1582  1582 1624 640
1583  1583 1624 327680
1584  1584 1624 256
1585  1585 1624 122880
1586  1586 1624 192
1587  1587 1624 76800
1588  1588 1624 64
1589  1589 1624 30720
1590  1590 1624 832
1591  1591 1624 718848
1592  1592 1624 384
1593  1593 1624 184320
1594  1594 1624 768
1595  1595 1624 368640
1596  1596 1624 256
1597  1597 1624 65536
1598  1598 1624 384
1599  1599 1624 307200
1600  1600 1624 128
1601  1601 1624 32768
1602  1602 1624 768
1603  1603 1624 884736
1604  1604 1624 512
1605  1605 1624 131072
1606  1606 1624 512
1607  1607 1624 131072
1608  1608 1624 128
1609  1609 1624 24576
1610  1610 1624 128
1611  1611 1624 51200
1612  1612 1624 64
1613  1613 1624 12288
1614  1614 1624 512
1615  1615 1624 442368
1616  1616 1624 384
1617  1617 1624 73728
1618  1618 1624 256
1619  1619 1624 49152
1620  1620 1624 768
1621  1621 1624 442368
1622  1622 1624 256
1623  1623 1624 37632
