7:0  7 8 640
7:1  7 8 64
18:0  18 19 9031680
20:0  20 21 37632
20:1  20 21 111390720
20:2  20 21 48168960
20:3  20 21 14144
21:0  21 22 48168960
23:0  23 24 12042240
25:0  25 26 442368
25:1  25 26 27095040
25:2  25 26 9031680
25:3  25 26 6773760
25:4  25 26 110592
25:59  25 26 1693440
25:60  25 26 27648
25:67  25 26 13824
26:0  26 27 9031680
28:0  28 29 2257920
30:0  30 31 49152
30:1  30 31 2257920
30:2  30 31 752640
30:3  30 31 18432
32:0  32 33 73728
32:1  32 33 2257920
32:2  32 33 1128960
32:3  32 33 18432
33:0  33 34 1128960
34:0  34 35 1128960
36:0  36 37 442368
36:1  36 37 10160640
36:2  36 37 1505280
36:3  36 37 2529792
36:4  36 37 110592
36:11  36 37 41472
36:12  36 37 82944
38:0  38 39 12288
38:1  38 39 2257920
38:2  38 39 188160
38:3  38 39 18432
39:0  39 40 188160
40:0  40 41 188160
42:0  42 43 51200
42:1  42 43 4704000
42:2  42 43 376320
42:3  42 43 38400
44:0  44 45 2257920
46:0  46 47 24576
46:1  46 47 2257920
46:2  46 47 376320
46:3  46 47 18432
47:0  47 48 3010560
48:0  48 49 3010560
50:0  50 51 131072
50:1  50 51 3010560
50:2  50 51 1505280
50:3  50 51 749568
50:4  50 51 32768
50:11  50 51 12288
50:12  50 51 24576
52:0  52 53 131072
52:1  52 53 3010560
52:2  52 53 1505280
52:3  52 53 749568
52:4  52 53 32768
52:11  52 53 12288
52:12  52 53 24576
53:0  53 54 1505280
54:0  54 55 1505280
56:0  56 57 884736
56:1  56 57 13547520
56:2  56 57 2257920
56:3  56 57 3373056
56:4  56 57 221184
56:59  56 57 843264
56:60  56 57 55296
56:67  56 57 27648
56:68  56 57 110592
58:0  58 59 32768
58:1  58 59 3010560
58:2  58 59 376320
58:3  58 59 24576
59:0  59 60 376320
60:0  60 61 376320
62:0  62 63 307200
62:1  62 63 9408000
62:2  62 63 1128960
62:3  62 63 2342400
62:4  62 63 76800
62:11  62 63 38400
62:12  62 63 76800
64:0  64 65 3010560
66:0  66 67 65536
66:1  66 67 3010560
66:2  66 67 752640
66:3  66 67 24576
67:0  67 68 5644800
69:0  69 70 1411200
71:0  71 72 368640
71:1  71 72 1411200
71:2  71 72 564480
71:3  71 72 345600
71:4  71 72 92160
71:11  71 72 23040
71:12  71 72 46080
73:0  73 74 184320
73:1  73 74 1411200
73:2  73 74 282240
73:3  73 74 345600
73:4  73 74 46080
73:11  73 74 23040
73:12  73 74 46080
74:0  74 75 282240
75:0  75 76 282240
77:0  77 78 718848
77:1  77 78 2540160
77:2  77 78 611520
77:3  77 78 622080
77:4  77 78 179712
77:59  77 78 155520
77:60  77 78 44928
77:67  77 78 20736
77:68  77 78 82944
79:0  79 80 30720
79:1  79 80 1411200
79:2  79 80 47040
79:3  79 80 46080
80:0  80 81 47040
81:0  81 82 47040
83:0  83 84 76800
83:1  83 84 1176000
83:2  83 84 141120
83:3  83 84 38400
85:0  85 86 1411200
87:0  87 88 122880
87:1  87 88 1411200
87:2  87 88 188160
87:3  87 88 46080
88:0  88 89 1505280
89:0  89 90 1505280
91:0  91 92 327680
91:1  91 92 1505280
91:2  91 92 470400
91:3  91 92 368640
91:4  91 92 81920
91:11  91 92 24576
91:12  91 92 49152
93:0  93 94 229376
93:1  93 94 1505280
93:2  93 94 329280
93:3  93 94 368640
93:4  93 94 57344
93:11  93 94 24576
93:12  93 94 49152
94:0  94 95 329280
95:0  95 96 329280
97:0  97 98 903168
97:1  97 98 2963520
97:2  97 98 658560
97:3  97 98 725760
97:4  97 98 225792
97:59  97 98 181440
97:60  97 98 56448
97:67  97 98 24192
97:68  97 98 96768
99:0  99 100 49152
99:1  99 100 1505280
99:2  99 100 70592
99:3  99 100 49152
100:0  100 101 70592
101:0  101 102 70592
103:0  103 104 153600
103:1  103 104 1764032
103:2  103 104 188160
103:3  103 104 432000
103:4  103 104 38400
103:11  103 104 28800
103:12  103 104 57600
105:0  105 106 1505280
107:0  107 108 131072
107:1  107 108 1505280
107:2  107 108 188160
107:3  107 108 49152
108:0  108 109 1505280
109:0  109 110 1505280
111:0  111 112 262144
111:1  111 112 1505280
111:2  111 112 376320
111:3  111 112 368640
111:4  111 112 65536
111:11  111 112 24576
111:12  111 112 49152
113:0  113 114 262144
113:1  113 114 1505280
113:2  113 114 376320
113:3  113 114 368640
113:4  113 114 65536
113:11  113 114 24576
113:12  113 114 49152
114:0  114 115 376320
115:0  115 116 376320
117:0  117 118 1179648
117:1  117 118 3386880
117:2  117 118 752640
117:3  117 118 829440
117:4  117 118 294912
117:59  117 118 207360
117:60  117 118 73728
117:67  117 118 27648
117:68  117 118 110592
119:0  119 120 49152
119:1  119 120 1505280
119:2  119 120 70592
119:3  119 120 49152
120:0  120 121 70592
121:0  121 122 70592
123:0  123 124 153600
123:1  123 124 1764032
123:2  123 124 188160
123:3  123 124 432000
123:4  123 124 38400
123:11  123 124 28800
123:12  123 124 57600
125:0  125 126 1505280
127:0  127 128 131072
127:1  127 128 1505280
127:2  127 128 188160
127:3  127 128 49152
128:0  128 129 1505280
129:0  129 130 1505280
131:0  131 132 229376
131:1  131 132 1505280
131:2  131 132 329280
131:3  131 132 368640
131:4  131 132 57344
131:11  131 132 24576
131:12  131 132 49152
133:0  133 134 294912
133:1  133 134 1505280
133:2  133 134 423360
133:3  133 134 368640
133:4  133 134 73728
133:11  133 134 24576
133:12  133 134 49152
134:0  134 135 423360
135:0  135 136 423360
137:0  137 138 1492992
137:1  137 138 3810240
137:2  137 138 846720
137:3  137 138 933120
137:4  137 138 373248
137:59  137 138 233280
137:60  137 138 93312
137:67  137 138 31104
137:68  137 138 124416
139:0  139 140 65536
139:1  139 140 1505280
139:2  139 140 94080
139:3  139 140 49152
140:0  140 141 94080
141:0  141 142 94080
143:0  143 144 204800
143:1  143 144 2352000
143:2  143 144 188160
143:3  143 144 576000
143:4  143 144 51200
143:11  143 144 38400
143:12  143 144 76800
145:0  145 146 1505280
147:0  147 148 131072
147:1  147 148 1505280
147:2  147 148 188160
147:3  147 148 49152
148:0  148 149 1552320
149:0  149 150 1552320
151:0  151 152 540672
151:1  151 152 1552320
151:2  151 152 752640
151:3  151 152 380160
151:4  151 152 135168
151:59  151 152 95040
151:60  151 152 33792
151:67  151 152 12672
151:68  151 152 50688
153:0  153 154 337920
153:1  153 154 1552320
153:2  153 154 470400
153:3  153 154 380160
153:4  153 154 84480
153:11  153 154 25344
153:12  153 154 50688
154:0  154 155 470400
155:0  155 156 470400
157:0  157 158 1843200
157:1  157 158 4233600
157:2  157 158 940800
157:3  157 158 1036800
157:4  157 158 460800
157:59  157 158 259200
157:60  157 158 115200
157:67  157 158 34560
157:68  157 158 138240
159:0  159 160 67584
159:1  159 160 1552320
159:2  159 160 94080
159:3  159 160 50688
160:0  160 161 94080
161:0  161 162 94080
163:0  163 164 409600
163:1  163 164 2352000
163:2  163 164 376320
163:3  163 164 576000
163:4  163 164 102400
163:11  163 164 38400
163:12  163 164 76800
165:0  165 166 1552320
167:0  167 168 270336
167:1  167 168 1552320
167:2  167 168 376320
167:3  167 168 380160
167:4  167 168 67584
167:11  167 168 25344
167:12  167 168 50688
168:0  168 169 2446080
170:0  170 171 798720
172:0  172 173 851968
172:1  172 173 798720
172:2  172 173 245760
172:3  172 173 199680
172:4  172 173 212992
172:11  172 173 39936
174:0  174 175 532480
174:1  174 175 798720
174:2  174 175 153600
174:3  174 175 199680
174:4  174 175 133120
174:11  174 175 39936
175:0  175 176 153600
176:0  176 177 153600
178:0  178 179 1843200
178:1  178 179 1382400
178:2  178 179 307200
178:3  178 179 345600
178:4  178 179 460800
178:11  178 179 69120
180:0  180 181 106496
180:1  180 181 798720
180:2  180 181 30720
180:3  180 181 79872
181:0  181 182 30720
182:0  182 183 30720
184:0  184 185 409600
184:1  184 185 768000
184:2  184 185 122880
184:3  184 185 192000
184:4  184 185 102400
184:11  184 185 38400
186:0  186 187 798720
188:0  188 189 425984
188:1  188 189 798720
188:2  188 189 122880
188:3  188 189 199680
188:4  188 189 106496
188:11  188 189 39936
189:0  189 190 798720
190:0  190 191 798720
192:0  192 193 1277952
192:1  192 193 798720
192:2  192 193 368640
192:3  192 193 199680
192:4  192 193 319488
192:11  192 193 39936
194:0  194 195 638976
194:1  194 195 798720
194:2  194 195 184320
194:3  194 195 199680
194:4  194 195 159744
194:11  194 195 39936
195:0  195 196 184320
196:0  196 197 184320
198:0  198 199 2654208
198:1  198 199 1658880
198:2  198 199 368640
198:3  198 199 414720
198:4  198 199 663552
198:59  198 199 103680
198:60  198 199 165888
198:67  198 199 41472
200:0  200 201 159744
200:1  200 201 798720
200:2  200 201 46080
200:3  200 201 79872
201:0  201 202 46080
202:0  202 203 46080
204:0  204 205 614400
204:1  204 205 1152000
204:2  204 205 122880
204:3  204 205 288000
204:4  204 205 153600
204:11  204 205 57600
206:0  206 207 798720
208:0  208 209 425984
208:1  208 209 798720
208:2  208 209 122880
208:3  208 209 199680
208:4  208 209 106496
208:11  208 209 39936
209:0  209 210 983040
211:0  211 212 61440
213:0  213 214 49152
213:1  213 214 61440
213:2  213 214 768
213:3  213 1624 64
213:4  213 214 98304
215:0  215 216 640
229:0  229 230 768
229:1  229 230 65536
229:2  229 230 49152
229:3  229 230 1472
232:0  232 233 640
232:1  232 233 49152
232:2  232 233 65536
232:3  232 233 960
242:0  242 243 122880
242:1  242 243 798720
242:2  242 243 425984
242:3  242 243 195840
242:4  242 243 30720
242:11  242 243 11520
242:12  242 243 23040
248:0  248 249 122880
248:1  248 249 1152000
248:2  248 249 614400
248:3  248 249 288000
248:4  248 249 30720
248:11  248 249 11520
251:0  251 252 122880
251:1  251 252 614400
251:2  251 252 1152000
251:3  251 252 12288
259:0  259 260 46080
259:1  259 260 798720
259:2  259 260 159744
259:3  259 260 23040
265:0  265 266 368640
265:1  265 266 1658880
265:2  265 266 2654208
265:3  265 266 663552
265:4  265 266 92160
265:11  265 266 11520
268:0  268 269 368640
268:1  268 269 2654208
268:2  268 269 1658880
268:3  268 269 663552
268:4  268 269 92160
268:11  268 269 18432
276:0  276 277 184320
276:1  276 277 798720
276:2  276 277 638976
276:3  276 277 195840
276:4  276 277 46080
276:11  276 277 11520
276:12  276 277 23040
282:0  282 283 368640
282:1  282 283 798720
282:2  282 283 1277952
282:3  282 283 313344
282:4  282 283 92160
282:11  282 283 11520
282:12  282 283 23040
285:0  285 286 122880
285:1  285 286 425984
285:2  285 286 798720
285:3  285 286 12288
291:0  291 292 798720
337:0  337 338 46080
337:1  337 338 159744
337:2  337 338 798720
337:3  337 338 4608
340:0  340 341 798720
344:0  344 345 184320
344:1  344 345 638976
344:2  344 345 798720
344:3  344 345 195840
344:4  344 345 46080
344:11  344 345 9216
344:12  344 345 18432
347:0  347 348 798720
351:0  351 352 368640
351:1  351 352 1277952
351:2  351 352 798720
351:3  351 352 313344
351:4  351 352 92160
351:11  351 352 18432
351:12  351 352 36864
354:0  354 355 798720
356:0  356 357 798720
360:0  360 361 798720
361:0  361 362 122880
361:1  361 362 798720
361:2  361 362 425984
361:3  361 362 195840
361:4  361 362 30720
361:11  361 362 11520
361:12  361 362 23040
362:0  362 363 798720
366:0  366 367 798720
367:0  367 368 122880
367:1  367 368 768000
367:2  367 368 409600
367:3  367 368 190080
367:4  367 368 30720
367:11  367 368 11520
367:12  367 368 23040
369:0  369 370 798720
370:0  370 371 122880
370:1  370 371 409600
370:2  370 371 768000
370:3  370 371 12288
378:0  378 379 30720
378:1  378 379 798720
378:2  378 379 106496
378:3  378 379 23040
379:0  379 380 798720
383:0  383 384 798720
384:0  384 385 307200
384:1  384 385 1382400
384:2  384 385 1843200
384:3  384 385 460800
384:4  384 385 76800
384:11  384 385 11520
386:0  386 387 798720
387:0  387 388 307200
387:1  387 388 1843200
387:2  387 388 1382400
387:3  387 388 460800
387:4  387 388 76800
387:11  387 388 15360
395:0  395 396 153600
395:1  395 396 798720
395:2  395 396 532480
395:3  395 396 195840
395:4  395 396 38400
395:11  395 396 11520
395:12  395 396 23040
396:0  396 397 798720
400:0  400 401 798720
401:0  401 402 245760
401:1  401 402 798720
401:2  401 402 851968
401:3  401 402 208896
401:4  401 402 61440
401:11  401 402 11520
401:12  401 402 23040
403:0  403 404 798720
404:0  404 405 122880
404:1  404 405 425984
404:2  404 405 798720
404:3  404 405 12288
410:0  410 411 798720
456:0  456 457 30720
456:1  456 457 106496
456:2  456 457 798720
456:3  456 457 3072
459:0  459 460 798720
463:0  463 464 153600
463:1  463 464 532480
463:2  463 464 798720
463:3  463 464 195840
463:4  463 464 38400
463:11  463 464 7680
463:12  463 464 15360
466:0  466 467 798720
469:0  469 470 798720
470:0  470 471 245760
470:1  470 471 851968
470:2  470 471 798720
470:3  470 471 208896
470:4  470 471 61440
470:11  470 471 12288
470:12  470 471 24576
473:0  473 474 798720
521:0  521 522 2446080
525:0  525 526 2446080
526:0  526 527 376320
526:1  526 527 1554432
526:2  526 527 270336
526:3  526 527 70592
527:0  527 528 2446080
531:0  531 532 2446080
532:0  532 533 376320
532:1  532 533 2355200
532:2  532 533 409600
532:3  532 533 70592
534:0  534 535 2446080
535:0  535 536 376832
535:1  535 536 409600
535:2  535 536 2355200
535:3  535 536 582912
535:4  535 536 94208
535:11  535 536 6144
535:12  535 536 12288
543:0  543 544 94080
543:1  543 544 1554432
543:2  543 544 67584
543:3  543 544 70592
544:0  544 545 2446080
548:0  548 549 2446080
549:0  549 550 940800
549:1  549 550 4239360
549:2  549 550 1843200
549:3  549 550 70592
551:0  551 552 2446080
552:0  552 553 942080
552:1  552 553 1843200
552:2  552 553 4239360
552:3  552 553 1059840
552:4  552 553 235520
552:59  552 553 264960
552:60  552 553 58880
552:67  552 553 7680
560:0  560 561 470400
560:1  560 561 1554432
560:2  560 561 337920
560:3  560 561 70592
561:0  561 562 2446080
565:0  565 566 2446080
566:0  566 567 752640
566:1  566 567 1554432
566:2  566 567 540672
566:3  566 567 70592
568:0  568 569 2446080
569:0  569 570 376832
569:1  569 570 270336
569:2  569 570 1554432
569:3  569 570 388608
569:4  569 570 94208
569:11  569 570 6144
575:0  575 576 1552320
621:0  621 622 94208
621:1  621 622 67584
621:2  621 622 1554432
621:3  621 622 3072
624:0  624 625 1552320
628:0  628 629 471040
628:1  628 629 337920
628:2  628 629 1554432
628:3  628 629 388608
628:4  628 629 117760
628:11  628 629 7680
631:0  631 632 1552320
634:0  634 635 2446080
635:0  635 636 753664
635:1  635 636 540672
635:2  635 636 1554432
635:3  635 636 388608
635:4  635 636 188416
635:11  635 636 12288
638:0  638 639 1552320
640:0  640 641 1552320
644:0  644 645 1552320
645:0  645 646 188160
645:1  645 646 1507328
645:2  645 646 131072
645:3  645 646 70592
646:0  646 647 1552320
650:0  650 651 1552320
651:0  651 652 188160
651:1  651 652 2355200
651:2  651 652 204800
651:3  651 652 70592
653:0  653 654 1552320
654:0  654 655 188416
654:1  654 655 204800
654:2  654 655 2355200
654:3  654 655 6144
662:0  662 663 94080
662:1  662 663 1507328
662:2  662 663 65536
662:3  662 663 70592
663:0  663 664 1552320
667:0  667 668 1552320
668:0  668 669 846720
668:1  668 669 3815424
668:2  668 669 1492992
668:3  668 669 70592
670:0  670 671 1552320
671:0  671 672 847872
671:1  671 672 1492992
671:2  671 672 3815424
671:3  671 672 953856
671:4  671 672 211968
671:59  671 672 238464
671:60  671 672 52992
671:67  671 672 6912
679:0  679 680 423360
679:1  679 680 1507328
679:2  679 680 294912
679:3  679 680 70592
680:0  680 681 1552320
684:0  684 685 1552320
685:0  685 686 329280
685:1  685 686 1507328
685:2  685 686 229376
685:3  685 686 70592
687:0  687 688 1552320
688:0  688 689 188416
688:1  688 689 131072
688:2  688 689 1507328
688:3  688 689 6144
694:0  694 695 1505280
740:0  740 741 94208
740:1  740 741 65536
740:2  740 741 1507328
740:3  740 741 3072
743:0  743 744 1505280
747:0  747 748 423936
747:1  747 748 294912
747:2  747 748 1507328
747:3  747 748 370944
747:4  747 748 105984
747:11  747 748 6912
747:12  747 748 13824
750:0  750 751 1505280
753:0  753 754 1552320
754:0  754 755 329728
754:1  754 755 229376
754:2  754 755 1507328
754:3  754 755 10752
757:0  757 758 1505280
759:0  759 760 1505280
763:0  763 764 1505280
764:0  764 765 188160
764:1  764 765 1507328
764:2  764 765 131072
764:3  764 765 70592
765:0  765 766 1505280
769:0  769 770 1505280
770:0  770 771 188160
770:1  770 771 1766400
770:2  770 771 153600
770:3  770 771 70592
772:0  772 773 1505280
773:0  773 774 188416
773:1  773 774 153600
773:2  773 774 1766400
773:3  773 774 6144
781:0  781 782 70592
781:1  781 782 1507328
781:2  781 782 49152
781:3  781 782 70592
782:0  782 783 1505280
786:0  786 787 1505280
787:0  787 788 752640
787:1  787 788 3391488
787:2  787 788 1179648
787:3  787 788 70592
789:0  789 790 1505280
790:0  790 791 753664
790:1  790 791 1179648
790:2  790 791 3391488
790:3  790 791 847872
790:4  790 791 188416
790:11  790 791 12288
798:0  798 799 376320
798:1  798 799 1507328
798:2  798 799 262144
798:3  798 799 70592
799:0  799 800 1505280
803:0  803 804 1505280
804:0  804 805 376320
804:1  804 805 1507328
804:2  804 805 262144
804:3  804 805 70592
806:0  806 807 1505280
807:0  807 808 188416
807:1  807 808 131072
807:2  807 808 1507328
807:3  807 808 6144
813:0  813 814 1505280
859:0  859 860 70656
859:1  859 860 49152
859:2  859 860 1507328
859:3  859 860 2304
862:0  862 863 1505280
866:0  866 867 376832
866:1  866 867 262144
866:2  866 867 1507328
866:3  866 867 12288
869:0  869 870 1505280
872:0  872 873 1505280
873:0  873 874 376832
873:1  873 874 262144
873:2  873 874 1507328
873:3  873 874 12288
876:0  876 877 1505280
878:0  878 879 1505280
882:0  882 883 1505280
883:0  883 884 188160
883:1  883 884 1507328
883:2  883 884 131072
883:3  883 884 70592
884:0  884 885 1505280
888:0  888 889 1505280
889:0  889 890 188160
889:1  889 890 1766400
889:2  889 890 153600
889:3  889 890 70592
891:0  891 892 1505280
892:0  892 893 188416
892:1  892 893 153600
892:2  892 893 1766400
892:3  892 893 6144
900:0  900 901 70592
900:1  900 901 1507328
900:2  900 901 49152
900:3  900 901 70592
901:0  901 902 1505280
905:0  905 906 1505280
906:0  906 907 658560
906:1  906 907 2967552
906:2  906 907 903168
906:3  906 907 70592
908:0  908 909 1505280
909:0  909 910 659456
909:1  909 910 903168
909:2  909 910 2967552
909:3  909 910 741888
909:4  909 910 164864
909:11  909 910 10752
917:0  917 918 329280
917:1  917 918 1507328
917:2  917 918 229376
917:3  917 918 70592
918:0  918 919 1505280
922:0  922 923 1505280
923:0  923 924 470400
923:1  923 924 1507328
923:2  923 924 327680
923:3  923 924 70592
925:0  925 926 1505280
926:0  926 927 188416
926:1  926 927 131072
926:2  926 927 1507328
926:3  926 927 6144
932:0  932 933 1505280
978:0  978 979 70656
978:1  978 979 49152
978:2  978 979 1507328
978:3  978 979 2304
981:0  981 982 1505280
985:0  985 986 329728
985:1  985 986 229376
985:2  985 986 1507328
985:3  985 986 10752
988:0  988 989 1505280
991:0  991 992 1505280
992:0  992 993 471040
992:1  992 993 327680
992:2  992 993 1507328
992:3  992 993 370944
992:4  992 993 117760
992:11  992 993 7680
992:12  992 993 15360
995:0  995 996 1505280
997:0  997 998 1505280
1001:0  1001 1002 1505280
1002:0  1002 1003 188160
1002:1  1002 1003 1413120
1002:2  1002 1003 122880
1002:3  1002 1003 70592
1003:0  1003 1004 1505280
1007:0  1007 1008 1505280
1008:0  1008 1009 141120
1008:1  1008 1009 1177600
1008:2  1008 1009 76800
1008:3  1008 1009 70592
1010:0  1010 1011 1505280
1011:0  1011 1012 141312
1011:1  1011 1012 76800
1011:2  1011 1012 1177600
1011:3  1011 1012 4608
1019:0  1019 1020 47040
1019:1  1019 1020 1413120
1019:2  1019 1020 30720
1019:3  1019 1020 70592
1020:0  1020 1021 1505280
1024:0  1024 1025 1505280
1025:0  1025 1026 611520
1025:1  1025 1026 2543616
1025:2  1025 1026 718848
1025:3  1025 1026 70592
1027:0  1027 1028 1505280
1028:0  1028 1029 612352
1028:1  1028 1029 718848
1028:2  1028 1029 2543616
1028:3  1028 1029 635904
1028:4  1028 1029 153088
1028:11  1028 1029 9984
1036:0  1036 1037 282240
1036:1  1036 1037 1413120
1036:2  1036 1037 184320
1036:3  1036 1037 70592
1037:0  1037 1038 1505280
1041:0  1041 1042 1505280
1042:0  1042 1043 564480
1042:1  1042 1043 1413120
1042:2  1042 1043 368640
1042:3  1042 1043 70592
1044:0  1044 1045 1505280
1045:0  1045 1046 188416
1045:1  1045 1046 122880
1045:2  1045 1046 1413120
1045:3  1045 1046 6144
1051:0  1051 1052 1411200
1097:0  1097 1098 47104
1097:1  1097 1098 30720
1097:2  1097 1098 1413120
1097:3  1097 1098 1536
1100:0  1100 1101 1411200
1104:0  1104 1105 282624
1104:1  1104 1105 184320
1104:2  1104 1105 1413120
1104:3  1104 1105 9216
1107:0  1107 1108 1411200
1110:0  1110 1111 1505280
1111:0  1111 1112 565248
1111:1  1111 1112 368640
1111:2  1111 1112 1413120
1111:3  1111 1112 353280
1111:4  1111 1112 141312
1111:11  1111 1112 9216
1114:0  1114 1115 1411200
1162:0  1162 1163 5644800
1166:0  1166 1167 5644800
1167:0  1167 1168 752640
1167:1  1167 1168 3010560
1167:2  1167 1168 65536
1167:3  1167 1168 282240
1168:0  1168 1169 5644800
1172:0  1172 1173 5644800
1173:0  1173 1174 1128960
1173:1  1173 1174 9408000
1173:2  1173 1174 307200
1173:3  1173 1174 282240
1175:0  1175 1176 5644800
1176:0  1176 1177 1128960
1176:1  1176 1177 307200
1176:2  1176 1177 9408000
1176:3  1176 1177 9216
1184:0  1184 1185 376320
1184:1  1184 1185 3010560
1184:2  1184 1185 32768
1184:3  1184 1185 282240
1185:0  1185 1186 5644800
1189:0  1189 1190 5644800
1190:0  1190 1191 2257920
1190:1  1190 1191 13547520
1190:2  1190 1191 884736
1190:3  1190 1191 282240
1192:0  1192 1193 5644800
1193:0  1193 1194 2257920
1193:1  1193 1194 884736
1193:2  1193 1194 13547520
1193:3  1193 1194 3382272
1193:4  1193 1194 563712
1193:11  1193 1194 9216
1193:12  1193 1194 18432
1201:0  1201 1202 1505280
1201:1  1201 1202 3010560
1201:2  1201 1202 131072
1201:3  1201 1202 282240
1202:0  1202 1203 5644800
1206:0  1206 1207 5644800
1207:0  1207 1208 1505280
1207:1  1207 1208 3010560
1207:2  1207 1208 131072
1207:3  1207 1208 282240
1209:0  1209 1210 5644800
1210:0  1210 1211 752640
1210:1  1210 1211 65536
1210:2  1210 1211 3010560
1210:3  1210 1211 6144
1216:0  1216 1217 3010560
1262:0  1262 1263 376320
1262:1  1262 1263 32768
1262:2  1262 1263 3010560
1262:3  1262 1263 3072
1265:0  1265 1266 3010560
1269:0  1269 1270 1505280
1269:1  1269 1270 131072
1269:2  1269 1270 3010560
1269:3  1269 1270 12288
1272:0  1272 1273 3010560
1275:0  1275 1276 5644800
1276:0  1276 1277 1505280
1276:1  1276 1277 131072
1276:2  1276 1277 3010560
1276:3  1276 1277 12288
1279:0  1279 1280 3010560
1281:0  1281 1282 3010560
1285:0  1285 1286 3010560
1286:0  1286 1287 376320
1286:1  1286 1287 2257920
1286:2  1286 1287 24576
1286:3  1286 1287 282240
1287:0  1287 1288 3010560
1291:0  1291 1292 3010560
1292:0  1292 1293 376320
1292:1  1292 1293 4704000
1292:2  1292 1293 51200
1292:3  1292 1293 282240
1294:0  1294 1295 3010560
1295:0  1295 1296 376320
1295:1  1295 1296 51200
1295:2  1295 1296 4704000
1295:3  1295 1296 3072
1303:0  1303 1304 188160
1303:1  1303 1304 2257920
1303:2  1303 1304 12288
1303:3  1303 1304 282240
1304:0  1304 1305 3010560
1308:0  1308 1309 3010560
1309:0  1309 1310 1505280
1309:1  1309 1310 10160640
1309:2  1309 1310 442368
1309:3  1309 1310 282240
1311:0  1311 1312 3010560
1312:0  1312 1313 1505280
1312:1  1312 1313 442368
1312:2  1312 1313 10160640
1312:3  1312 1313 2536704
1312:4  1312 1313 375808
1312:11  1312 1313 6144
1312:12  1312 1313 12288
1320:0  1320 1321 1128960
1320:1  1320 1321 2257920
1320:2  1320 1321 73728
1320:3  1320 1321 282240
1321:0  1321 1322 3010560
1325:0  1325 1326 3010560
1326:0  1326 1327 752640
1326:1  1326 1327 2257920
1326:2  1326 1327 49152
1326:3  1326 1327 282240
1328:0  1328 1329 3010560
1329:0  1329 1330 376320
1329:1  1329 1330 24576
1329:2  1329 1330 2257920
1329:3  1329 1330 3072
1335:0  1335 1336 2257920
1381:0  1381 1382 188160
1381:1  1381 1382 12288
1381:2  1381 1382 2257920
1381:3  1381 1382 1536
1384:0  1384 1385 2257920
1388:0  1388 1389 1128960
1388:1  1388 1389 73728
1388:2  1388 1389 2257920
1388:3  1388 1389 9216
1391:0  1391 1392 2257920
1394:0  1394 1395 3010560
1395:0  1395 1396 752640
1395:1  1395 1396 49152
1395:2  1395 1396 2257920
1395:3  1395 1396 6144
1398:0  1398 1399 2257920
1446:0  1446 1447 9031680
1450:0  1450 1451 9031680
1451:0  1451 1452 9031680
1451:1  1451 1452 27095040
1451:2  1451 1452 442368
1451:3  1451 1452 6773760
1451:4  1451 1452 2257920
1451:59  1451 1452 1693440
1451:60  1451 1452 564480
1451:67  1451 1452 282240
1453:0  1453 1454 9031680
1454:0  1454 1455 9031680
1454:1  1454 1455 442368
1454:2  1454 1455 27095040
1454:3  1454 1455 6773760
1454:4  1454 1455 2257920
1454:11  1454 1455 9216
1460:0  1460 1461 12042240
1504:0  1504 1505 48168960
1508:0  1508 1509 48168960
1509:0  1509 1510 48168960
1509:1  1509 1510 110638080
1509:2  1509 1510 37632
1509:3  1509 1510 18063360
0  0 2 64
1  1 4 64
2  2 5 64
3  3 5 64
4  4 7 64
5  5 9 768
6  6 8 256
7  7 9 768
8  8 16 768
9  9 11 64
10  10 12 64
11  11 13 64
12  12 14 64
13  13 15 640
14  14 16 768
15  15 218 768
16  16 18 9031680
17  17 19 12042240
18  18 1510 110638080
19  19 21 37632
20  20 22 48168960
21  21 1491 48168960
22  22 1492 12042240
23  23 1452 27095040
24  24 26 442368
25  25 27 9031680
26  26 1433 9031680
27  27 1434 2257920
28  28 1327 2257920
29  29 31 49152
30  30 48 752640
31  31 33 73728
32  32 34 1128960
33  33 35 1128960
34  34 1310 10160640
35  35 37 442368
36  36 48 1505280
37  37 39 12288
38  38 40 188160
39  39 41 188160
40  40 1293 4704000
41  41 43 51200
42  42 48 376320
43  43 1367 2257920
44  44 1287 2257920
45  45 47 24576
46  46 48 376320
47  47 1247 3010560
48  48 1208 3010560
49  49 51 131072
50  50 68 1505280
51  51 53 131072
52  52 54 1505280
53  53 55 1505280
54  54 1191 13547520
55  55 57 884736
56  56 68 2257920
57  57 59 32768
58  58 60 376320
59  59 61 376320
60  60 1174 9408000
61  61 63 307200
62  62 68 1128960
63  63 1248 3010560
64  64 1168 3010560
65  65 67 65536
66  66 68 752640
67  67 1149 5644800
68  68 1150 1411200
69  69 1043 1411200
70  70 72 368640
71  71 89 564480
72  72 74 184320
73  73 75 282240
74  74 76 282240
75  75 1026 2540160
76  76 78 718848
77  77 89 611520
78  78 80 30720
79  79 81 47040
80  80 82 47040
81  81 1009 1176000
82  82 84 76800
83  83 89 141120
84  84 1083 1411200
85  85 1003 1411200
86  86 88 122880
87  87 89 188160
88  88 963 1505280
89  89 924 1505280
90  90 92 327680
91  91 109 470400
92  92 94 229376
93  93 95 329280
94  94 96 329280
95  95 907 2963520
96  96 98 903168
97  97 109 658560
98  98 100 49152
99  99 101 70592
100  100 102 70592
101  101 890 1764032
102  102 104 153600
103  103 109 188160
104  104 964 1505280
105  105 884 1505280
106  106 108 131072
107  107 109 188160
108  108 844 1505280
109  109 805 1505280
110  110 112 262144
111  111 129 376320
112  112 114 262144
113  113 115 376320
114  114 116 376320
115  115 788 3386880
116  116 118 1179648
117  117 129 752640
118  118 120 49152
119  119 121 70592
120  120 122 70592
121  121 771 1764032
122  122 124 153600
123  123 129 188160
124  124 845 1505280
125  125 765 1505280
126  126 128 131072
127  127 129 188160
128  128 725 1505280
129  129 686 1505280
130  130 132 229376
131  131 149 329280
132  132 134 294912
133  133 135 423360
134  134 136 423360
135  135 669 3810240
136  136 138 1492992
137  137 149 846720
138  138 140 65536
139  139 141 94080
140  140 142 94080
141  141 652 2352000
142  142 144 204800
143  143 149 188160
144  144 726 1505280
145  145 646 1505280
146  146 148 131072
147  147 149 188160
148  148 606 1552320
149  149 567 1552320
150  150 152 540672
151  151 169 752640
152  152 154 337920
153  153 155 470400
154  154 156 470400
155  155 550 4233600
156  156 158 1843200
157  157 169 940800
158  158 160 67584
159  159 161 94080
160  160 162 94080
161  161 533 2352000
162  162 164 409600
163  163 169 376320
164  164 607 1552320
165  165 527 1552320
166  166 168 270336
167  167 169 376320
168  168 508 2446080
169  169 509 798720
170  170 402 798720
171  171 173 851968
172  172 190 245760
173  173 175 532480
174  174 176 153600
175  175 177 153600
176  176 385 1382400
177  177 179 1843200
178  178 190 307200
179  179 181 106496
180  180 182 30720
181  181 183 30720
182  182 368 768000
183  183 185 409600
184  184 190 122880
185  185 442 798720
186  186 362 798720
187  187 189 425984
188  188 190 122880
189  189 322 798720
190  190 283 798720
191  191 193 1277952
192  192 210 368640
193  193 195 638976
194  194 196 184320
195  195 197 184320
196  196 266 1658880
197  197 199 2654208
198  198 210 368640
199  199 201 159744
200  200 202 46080
201  201 203 46080
202  202 249 1152000
203  203 205 614400
204  204 210 122880
205  205 323 798720
206  206 243 798720
207  207 209 425984
208  208 210 122880
209  209 211 983040
210  210 212 61440
211  211 230 61440
212  212 214 40960
213  213 215 640
214  214 216 768
215  215 219 768
216  216 218 768
217  217 220 768
218  218 226 640
219  219 225 640
220  220 222 640
221  221 223 640
222  222 224 640
223  223 225 640
224  224 226 640
225  225 232 640
226  226 228 640
227  227 1511 64
228  228 230 640
229  229 1512 40960
230  230 233 40960
231  231 233 640
232  232 234 61440
233  233 235 61440
234  234 236 61440
235  235 237 48168960
236  236 351 983040
237  237 239 122880
238  238 240 8192
239  239 241 8192
240  240 1513 512
241  241 243 122880
242  242 1514 425984
243  243 245 122880
244  244 246 8192
245  245 247 8192
246  246 1515 512
247  247 249 122880
248  248 1516 614400
249  249 252 614400
250  250 252 122880
251  251 253 1152000
252  252 254 1152000
253  253 337 46080
254  254 256 46080
255  255 257 3072
256  256 258 3072
257  257 1517 192
258  258 260 46080
259  259 1518 159744
260  260 262 368640
261  261 263 24576
262  262 264 24576
263  263 1519 1536
264  264 266 368640
265  265 1520 2654208
266  266 269 2654208
267  267 269 368640
268  268 270 1658880
269  269 271 1658880
270  270 344 184320
271  271 273 184320
272  272 274 12288
273  273 275 12288
274  274 1521 768
275  275 277 184320
276  276 1522 638976
277  277 279 368640
278  278 280 24576
279  279 281 24576
280  280 1523 1536
281  281 283 368640
282  282 1524 1277952
283  283 286 425984
284  284 286 122880
285  285 287 798720
286  286 288 798720
287  287 292 798720
288  288 290 798720
289  289 291 798720
290  290 293 798720
291  291 325 798720
292  292 326 798720
293  293 295 798720
294  294 296 798720
295  295 297 798720
296  296 327 798720
297  297 299 798720
298  298 300 798720
299  299 301 798720
300  300 328 798720
301  301 303 798720
302  302 304 798720
303  303 305 798720
304  304 329 798720
305  305 307 798720
306  306 308 798720
307  307 309 798720
308  308 330 798720
309  309 311 798720
310  310 312 798720
311  311 313 798720
312  312 331 798720
313  313 315 798720
314  314 316 798720
315  315 317 798720
316  316 332 798720
317  317 319 798720
318  318 320 798720
319  319 321 798720
320  320 333 798720
321  321 323 798720
322  322 324 798720
323  323 325 798720
324  324 334 798720
325  325 335 798720
326  326 335 798720
327  327 335 798720
328  328 335 798720
329  329 335 798720
330  330 335 798720
331  331 335 798720
332  332 335 798720
333  333 335 798720
334  334 342 798720
335  335 338 159744
336  336 338 46080
337  337 339 798720
338  338 340 798720
339  339 341 798720
340  340 342 798720
341  341 349 798720
342  342 345 638976
343  343 345 184320
344  344 346 798720
345  345 347 798720
346  346 348 798720
347  347 349 798720
348  348 356 798720
349  349 352 1277952
350  350 352 368640
351  351 353 798720
352  352 354 798720
353  353 355 798720
354  354 356 798720
355  355 470 798720
356  356 358 122880
357  357 359 8192
358  358 360 8192
359  359 1525 512
360  360 362 122880
361  361 1526 425984
362  362 364 122880
363  363 365 8192
364  364 366 8192
365  365 1527 512
366  366 368 122880
367  367 1528 409600
368  368 371 409600
369  369 371 122880
370  370 372 768000
371  371 373 768000
372  372 456 30720
373  373 375 30720
374  374 376 2048
375  375 377 2048
376  376 1529 128
377  377 379 30720
378  378 1530 106496
379  379 381 307200
380  380 382 20480
381  381 383 20480
382  382 1531 1280
383  383 385 307200
384  384 1532 1843200
385  385 388 1843200
386  386 388 307200
387  387 389 1382400
388  388 390 1382400
389  389 463 153600
390  390 392 153600
391  391 393 10240
392  392 394 10240
393  393 1533 640
394  394 396 153600
395  395 1534 532480
396  396 398 245760
397  397 399 16384
398  398 400 16384
399  399 1535 1024
400  400 402 245760
401  401 1536 851968
402  402 405 425984
403  403 405 122880
404  404 406 798720
405  405 407 798720
406  406 411 798720
407  407 409 798720
408  408 410 798720
409  409 412 798720
410  410 444 798720
411  411 445 798720
412  412 414 798720
413  413 415 798720
414  414 416 798720
415  415 446 798720
416  416 418 798720
417  417 419 798720
418  418 420 798720
419  419 447 798720
420  420 422 798720
421  421 423 798720
422  422 424 798720
423  423 448 798720
424  424 426 798720
425  425 427 798720
426  426 428 798720
427  427 449 798720
428  428 430 798720
429  429 431 798720
430  430 432 798720
431  431 450 798720
432  432 434 798720
433  433 435 798720
434  434 436 798720
435  435 451 798720
436  436 438 798720
437  437 439 798720
438  438 440 798720
439  439 452 798720
440  440 442 798720
441  441 443 798720
442  442 444 798720
443  443 453 798720
444  444 454 798720
445  445 454 798720
446  446 454 798720
447  447 454 798720
448  448 454 798720
449  449 454 798720
450  450 454 798720
451  451 454 798720
452  452 454 798720
453  453 461 798720
454  454 457 106496
455  455 457 30720
456  456 458 798720
457  457 459 798720
458  458 460 798720
459  459 461 798720
460  460 468 798720
461  461 464 532480
462  462 464 153600
463  463 465 798720
464  464 466 798720
465  465 467 798720
466  466 468 798720
467  467 475 798720
468  468 471 851968
469  469 471 245760
470  470 472 798720
471  471 473 798720
472  472 474 798720
473  473 475 798720
474  474 511 798720
475  475 477 798720
476  476 478 798720
477  477 479 798720
478  478 512 798720
479  479 481 798720
480  480 482 798720
481  481 483 798720
482  482 513 798720
483  483 485 798720
484  484 486 798720
485  485 487 798720
486  486 514 798720
487  487 489 798720
488  488 490 798720
489  489 491 798720
490  490 515 798720
491  491 493 798720
492  492 494 798720
493  493 495 798720
494  494 516 798720
495  495 497 798720
496  496 498 798720
497  497 499 798720
498  498 517 798720
499  499 501 798720
500  500 502 798720
501  501 503 798720
502  502 518 798720
503  503 505 798720
504  504 506 798720
505  505 507 798720
506  506 519 798720
507  507 509 798720
508  508 510 798720
509  509 511 798720
510  510 520 798720
511  511 521 2446080
512  512 521 2446080
513  513 521 2446080
514  514 521 2446080
515  515 521 2446080
516  516 521 2446080
517  517 521 2446080
518  518 521 2446080
519  519 521 2446080
520  520 635 2446080
521  521 523 376320
522  522 524 25088
523  523 525 25088
524  524 1537 512
525  525 527 376320
526  526 1538 270336
527  527 529 376320
528  528 530 25088
529  529 531 25088
530  530 1539 512
531  531 533 376320
532  532 1540 409600
533  533 536 409600
534  534 536 376320
535  535 537 2352000
536  536 538 2352000
537  537 621 94080
538  538 540 94080
539  539 541 6272
540  540 542 6272
541  541 1541 128
542  542 544 94080
543  543 1542 67584
544  544 546 940800
545  545 547 62720
546  546 548 62720
547  547 1543 1280
548  548 550 940800
549  549 1544 1843200
550  550 553 1843200
551  551 553 940800
552  552 554 4233600
553  553 555 4233600
554  554 628 470400
555  555 557 470400
556  556 558 31360
557  557 559 31360
558  558 1545 640
559  559 561 470400
560  560 1546 337920
561  561 563 752640
562  562 564 50176
563  563 565 50176
564  564 1547 1024
565  565 567 752640
566  566 1548 540672
567  567 570 270336
568  568 570 376320
569  569 571 1552320
570  570 572 1552320
571  571 576 1552320
572  572 574 1552320
573  573 575 1552320
574  574 577 1552320
575  575 609 1552320
576  576 610 1552320
577  577 579 1552320
578  578 580 1552320
579  579 581 1552320
580  580 611 1552320
581  581 583 1552320
582  582 584 1552320
583  583 585 1552320
584  584 612 1552320
585  585 587 1552320
586  586 588 1552320
587  587 589 1552320
588  588 613 1552320
589  589 591 1552320
590  590 592 1552320
591  591 593 1552320
592  592 614 1552320
593  593 595 1552320
594  594 596 1552320
595  595 597 1552320
596  596 615 1552320
597  597 599 1552320
598  598 600 1552320
599  599 601 1552320
600  600 616 1552320
601  601 603 1552320
602  602 604 1552320
603  603 605 1552320
604  604 617 1552320
605  605 607 1552320
606  606 608 1552320
607  607 609 1552320
608  608 618 1552320
609  609 619 1552320
610  610 619 1552320
611  611 619 1552320
612  612 619 1552320
613  613 619 1552320
614  614 619 1552320
615  615 619 1552320
616  616 619 1552320
617  617 619 1552320
618  618 626 1552320
619  619 622 67584
620  620 622 94080
621  621 623 1552320
622  622 624 1552320
623  623 625 1552320
624  624 626 1552320
625  625 633 1552320
626  626 629 337920
627  627 629 470400
628  628 630 1552320
629  629 631 1552320
630  630 632 1552320
631  631 633 1552320
632  632 640 1552320
633  633 636 540672
634  634 636 752640
635  635 637 1552320
636  636 638 1552320
637  637 639 1552320
638  638 640 1552320
639  639 754 1552320
640  640 642 188160
641  641 643 12544
642  642 644 12544
643  643 1549 256
644  644 646 188160
645  645 1550 131072
646  646 648 188160
647  647 649 12544
648  648 650 12544
649  649 1551 256
650  650 652 188160
651  651 1552 204800
652  652 655 204800
653  653 655 188160
654  654 656 2352000
655  655 657 2352000
656  656 740 94080
657  657 659 94080
658  658 660 6272
659  659 661 6272
660  660 1553 128
661  661 663 94080
662  662 1554 65536
663  663 665 846720
664  664 666 56448
665  665 667 56448
666  666 1555 1152
667  667 669 846720
668  668 1556 1492992
669  669 672 1492992
670  670 672 846720
671  671 673 3810240
672  672 674 3810240
673  673 747 423360
674  674 676 423360
675  675 677 28224
676  676 678 28224
677  677 1557 576
678  678 680 423360
679  679 1558 294912
680  680 682 329280
681  681 683 21952
682  682 684 21952
683  683 1559 448
684  684 686 329280
685  685 1560 229376
686  686 689 131072
687  687 689 188160
688  688 690 1505280
689  689 691 1505280
690  690 695 1505280
691  691 693 1505280
692  692 694 1505280
693  693 696 1505280
694  694 728 1505280
695  695 729 1505280
696  696 698 1505280
697  697 699 1505280
698  698 700 1505280
699  699 730 1505280
700  700 702 1505280
701  701 703 1505280
702  702 704 1505280
703  703 731 1505280
704  704 706 1505280
705  705 707 1505280
706  706 708 1505280
707  707 732 1505280
708  708 710 1505280
709  709 711 1505280
710  710 712 1505280
711  711 733 1505280
712  712 714 1505280
713  713 715 1505280
714  714 716 1505280
715  715 734 1505280
716  716 718 1505280
717  717 719 1505280
718  718 720 1505280
719  719 735 1505280
720  720 722 1505280
721  721 723 1505280
722  722 724 1505280
723  723 736 1505280
724  724 726 1505280
725  725 727 1505280
726  726 728 1505280
727  727 737 1505280
728  728 738 1505280
729  729 738 1505280
730  730 738 1505280
731  731 738 1505280
732  732 738 1505280
733  733 738 1505280
734  734 738 1505280
735  735 738 1505280
736  736 738 1505280
737  737 745 1505280
738  738 741 65536
739  739 741 94080
740  740 742 1505280
741  741 743 1505280
742  742 744 1505280
743  743 745 1505280
744  744 752 1505280
745  745 748 294912
746  746 748 423360
747  747 749 1505280
748  748 750 1505280
749  749 751 1505280
750  750 752 1505280
751  751 759 1505280
752  752 755 229376
753  753 755 329280
754  754 756 1505280
755  755 757 1505280
756  756 758 1505280
757  757 759 1505280
758  758 873 1505280
759  759 761 188160
760  760 762 12544
761  761 763 12544
762  762 1561 256
763  763 765 188160
764  764 1562 131072
765  765 767 188160
766  766 768 12544
767  767 769 12544
768  768 1563 256
769  769 771 188160
770  770 1564 153600
771  771 774 153600
772  772 774 188160
773  773 775 1764032
774  774 776 1764032
775  775 859 70592
776  776 778 70592
777  777 779 4736
778  778 780 4736
779  779 1565 128
780  780 782 70592
781  781 1566 49152
782  782 784 752640
783  783 785 50176
784  784 786 50176
785  785 1567 1024
786  786 788 752640
787  787 1568 1179648
788  788 791 1179648
789  789 791 752640
790  790 792 3386880
791  791 793 3386880
792  792 866 376320
793  793 795 376320
794  794 796 25088
795  795 797 25088
796  796 1569 512
797  797 799 376320
798  798 1570 262144
799  799 801 376320
800  800 802 25088
801  801 803 25088
802  802 1571 512
803  803 805 376320
804  804 1572 262144
805  805 808 131072
806  806 808 188160
807  807 809 1505280
808  808 810 1505280
809  809 814 1505280
810  810 812 1505280
811  811 813 1505280
812  812 815 1505280
813  813 847 1505280
814  814 848 1505280
815  815 817 1505280
816  816 818 1505280
817  817 819 1505280
818  818 849 1505280
819  819 821 1505280
820  820 822 1505280
821  821 823 1505280
822  822 850 1505280
823  823 825 1505280
824  824 826 1505280
825  825 827 1505280
826  826 851 1505280
827  827 829 1505280
828  828 830 1505280
829  829 831 1505280
830  830 852 1505280
831  831 833 1505280
832  832 834 1505280
833  833 835 1505280
834  834 853 1505280
835  835 837 1505280
836  836 838 1505280
837  837 839 1505280
838  838 854 1505280
839  839 841 1505280
840  840 842 1505280
841  841 843 1505280
842  842 855 1505280
843  843 845 1505280
844  844 846 1505280
845  845 847 1505280
846  846 856 1505280
847  847 857 1505280
848  848 857 1505280
849  849 857 1505280
850  850 857 1505280
851  851 857 1505280
852  852 857 1505280
853  853 857 1505280
854  854 857 1505280
855  855 857 1505280
856  856 864 1505280
857  857 860 49152
858  858 860 70592
859  859 861 1505280
860  860 862 1505280
861  861 863 1505280
862  862 864 1505280
863  863 871 1505280
864  864 867 262144
865  865 867 376320
866  866 868 1505280
867  867 869 1505280
868  868 870 1505280
869  869 871 1505280
870  870 878 1505280
871  871 874 262144
872  872 874 376320
873  873 875 1505280
874  874 876 1505280
875  875 877 1505280
876  876 878 1505280
877  877 992 1505280
878  878 880 188160
879  879 881 12544
880  880 882 12544
881  881 1573 256
882  882 884 188160
883  883 1574 131072
884  884 886 188160
885  885 887 12544
886  886 888 12544
887  887 1575 256
888  888 890 188160
889  889 1576 153600
890  890 893 153600
891  891 893 188160
892  892 894 1764032
893  893 895 1764032
894  894 978 70592
895  895 897 70592
896  896 898 4736
897  897 899 4736
898  898 1577 128
899  899 901 70592
900  900 1578 49152
901  901 903 658560
902  902 904 43904
903  903 905 43904
904  904 1579 896
905  905 907 658560
906  906 1580 903168
907  907 910 903168
908  908 910 658560
909  909 911 2963520
910  910 912 2963520
911  911 985 329280
912  912 914 329280
913  913 915 21952
914  914 916 21952
915  915 1581 448
916  916 918 329280
917  917 1582 229376
918  918 920 470400
919  919 921 31360
920  920 922 31360
921  921 1583 640
922  922 924 470400
923  923 1584 327680
924  924 927 131072
925  925 927 188160
926  926 928 1505280
927  927 929 1505280
928  928 933 1505280
929  929 931 1505280
930  930 932 1505280
931  931 934 1505280
932  932 966 1505280
933  933 967 1505280
934  934 936 1505280
935  935 937 1505280
936  936 938 1505280
937  937 968 1505280
938  938 940 1505280
939  939 941 1505280
940  940 942 1505280
941  941 969 1505280
942  942 944 1505280
943  943 945 1505280
944  944 946 1505280
945  945 970 1505280
946  946 948 1505280
947  947 949 1505280
948  948 950 1505280
949  949 971 1505280
950  950 952 1505280
951  951 953 1505280
952  952 954 1505280
953  953 972 1505280
954  954 956 1505280
955  955 957 1505280
956  956 958 1505280
957  957 973 1505280
958  958 960 1505280
959  959 961 1505280
960  960 962 1505280
961  961 974 1505280
962  962 964 1505280
963  963 965 1505280
964  964 966 1505280
965  965 975 1505280
966  966 976 1505280
967  967 976 1505280
968  968 976 1505280
969  969 976 1505280
970  970 976 1505280
971  971 976 1505280
972  972 976 1505280
973  973 976 1505280
974  974 976 1505280
975  975 983 1505280
976  976 979 49152
977  977 979 70592
978  978 980 1505280
979  979 981 1505280
980  980 982 1505280
981  981 983 1505280
982  982 990 1505280
983  983 986 229376
984  984 986 329280
985  985 987 1505280
986  986 988 1505280
987  987 989 1505280
988  988 990 1505280
989  989 997 1505280
990  990 993 327680
991  991 993 470400
992  992 994 1505280
993  993 995 1505280
994  994 996 1505280
995  995 997 1505280
996  996 1111 1505280
997  997 999 188160
998  998 1000 12544
999  999 1001 12544
1000  1000 1585 256
1001  1001 1003 188160
1002  1002 1586 122880
1003  1003 1005 141120
1004  1004 1006 9408
1005  1005 1007 9408
1006  1006 1587 192
1007  1007 1009 141120
1008  1008 1588 76800
1009  1009 1012 76800
1010  1010 1012 141120
1011  1011 1013 1176000
1012  1012 1014 1176000
1013  1013 1097 47040
1014  1014 1016 47040
1015  1015 1017 3136
1016  1016 1018 3136
1017  1017 1589 64
1018  1018 1020 47040
1019  1019 1590 30720
1020  1020 1022 611520
1021  1021 1023 40768
1022  1022 1024 40768
1023  1023 1591 832
1024  1024 1026 611520
1025  1025 1592 718848
1026  1026 1029 718848
1027  1027 1029 611520
1028  1028 1030 2540160
1029  1029 1031 2540160
1030  1030 1104 282240
1031  1031 1033 282240
1032  1032 1034 18816
1033  1033 1035 18816
1034  1034 1593 384
1035  1035 1037 282240
1036  1036 1594 184320
1037  1037 1039 564480
1038  1038 1040 37632
1039  1039 1041 37632
1040  1040 1595 768
1041  1041 1043 564480
1042  1042 1596 368640
1043  1043 1046 122880
1044  1044 1046 188160
1045  1045 1047 1411200
1046  1046 1048 1411200
1047  1047 1052 1411200
1048  1048 1050 1411200
1049  1049 1051 1411200
1050  1050 1053 1411200
1051  1051 1085 1411200
1052  1052 1086 1411200
1053  1053 1055 1411200
1054  1054 1056 1411200
1055  1055 1057 1411200
1056  1056 1087 1411200
1057  1057 1059 1411200
1058  1058 1060 1411200
1059  1059 1061 1411200
1060  1060 1088 1411200
1061  1061 1063 1411200
1062  1062 1064 1411200
1063  1063 1065 1411200
1064  1064 1089 1411200
1065  1065 1067 1411200
1066  1066 1068 1411200
1067  1067 1069 1411200
1068  1068 1090 1411200
1069  1069 1071 1411200
1070  1070 1072 1411200
1071  1071 1073 1411200
1072  1072 1091 1411200
1073  1073 1075 1411200
1074  1074 1076 1411200
1075  1075 1077 1411200
1076  1076 1092 1411200
1077  1077 1079 1411200
1078  1078 1080 1411200
1079  1079 1081 1411200
1080  1080 1093 1411200
1081  1081 1083 1411200
1082  1082 1084 1411200
1083  1083 1085 1411200
1084  1084 1094 1411200
1085  1085 1095 1411200
1086  1086 1095 1411200
1087  1087 1095 1411200
1088  1088 1095 1411200
1089  1089 1095 1411200
1090  1090 1095 1411200
1091  1091 1095 1411200
1092  1092 1095 1411200
1093  1093 1095 1411200
1094  1094 1102 1411200
1095  1095 1098 30720
1096  1096 1098 47040
1097  1097 1099 1411200
1098  1098 1100 1411200
1099  1099 1101 1411200
1100  1100 1102 1411200
1101  1101 1109 1411200
1102  1102 1105 184320
1103  1103 1105 282240
1104  1104 1106 1411200
1105  1105 1107 1411200
1106  1106 1108 1411200
1107  1107 1109 1411200
1108  1108 1116 1411200
1109  1109 1112 368640
1110  1110 1112 564480
1111  1111 1113 1411200
1112  1112 1114 1411200
1113  1113 1115 1411200
1114  1114 1116 1411200
1115  1115 1152 1411200
1116  1116 1118 1411200
1117  1117 1119 1411200
1118  1118 1120 1411200
1119  1119 1153 1411200
1120  1120 1122 1411200
1121  1121 1123 1411200
1122  1122 1124 1411200
1123  1123 1154 1411200
1124  1124 1126 1411200
1125  1125 1127 1411200
1126  1126 1128 1411200
1127  1127 1155 1411200
1128  1128 1130 1411200
1129  1129 1131 1411200
1130  1130 1132 1411200
1131  1131 1156 1411200
1132  1132 1134 1411200
1133  1133 1135 1411200
1134  1134 1136 1411200
1135  1135 1157 1411200
1136  1136 1138 1411200
1137  1137 1139 1411200
1138  1138 1140 1411200
1139  1139 1158 1411200
1140  1140 1142 1411200
1141  1141 1143 1411200
1142  1142 1144 1411200
1143  1143 1159 1411200
1144  1144 1146 1411200
1145  1145 1147 1411200
1146  1146 1148 1411200
1147  1147 1160 1411200
1148  1148 1150 1411200
1149  1149 1151 1411200
1150  1150 1152 1411200
1151  1151 1161 1411200
1152  1152 1162 5644800
1153  1153 1162 5644800
1154  1154 1162 5644800
1155  1155 1162 5644800
1156  1156 1162 5644800
1157  1157 1162 5644800
1158  1158 1162 5644800
1159  1159 1162 5644800
1160  1160 1162 5644800
1161  1161 1276 5644800
1162  1162 1164 752640
1163  1163 1165 50176
1164  1164 1166 50176
1165  1165 1597 256
1166  1166 1168 752640
1167  1167 1598 65536
1168  1168 1170 1128960
1169  1169 1171 75264
1170  1170 1172 75264
1171  1171 1599 384
1172  1172 1174 1128960
1173  1173 1600 307200
1174  1174 1177 307200
1175  1175 1177 1128960
1176  1176 1178 9408000
1177  1177 1179 9408000
1178  1178 1262 376320
1179  1179 1181 376320
1180  1180 1182 25088
1181  1181 1183 25088
1182  1182 1601 128
1183  1183 1185 376320
1184  1184 1602 32768
1185  1185 1187 2257920
1186  1186 1188 150528
1187  1187 1189 150528
1188  1188 1603 768
1189  1189 1191 2257920
1190  1190 1604 884736
1191  1191 1194 884736
1192  1192 1194 2257920
1193  1193 1195 13547520
1194  1194 1196 13547520
1195  1195 1269 1505280
1196  1196 1198 1505280
1197  1197 1199 100352
1198  1198 1200 100352
1199  1199 1605 512
1200  1200 1202 1505280
1201  1201 1606 131072
1202  1202 1204 1505280
1203  1203 1205 100352
1204  1204 1206 100352
1205  1205 1607 512
1206  1206 1208 1505280
1207  1207 1608 131072
1208  1208 1211 65536
1209  1209 1211 752640
1210  1210 1212 3010560
1211  1211 1213 3010560
1212  1212 1217 3010560
1213  1213 1215 3010560
1214  1214 1216 3010560
1215  1215 1218 3010560
1216  1216 1250 3010560
1217  1217 1251 3010560
1218  1218 1220 3010560
1219  1219 1221 3010560
1220  1220 1222 3010560
1221  1221 1252 3010560
1222  1222 1224 3010560
1223  1223 1225 3010560
1224  1224 1226 3010560
1225  1225 1253 3010560
1226  1226 1228 3010560
1227  1227 1229 3010560
1228  1228 1230 3010560
1229  1229 1254 3010560
1230  1230 1232 3010560
1231  1231 1233 3010560
1232  1232 1234 3010560
1233  1233 1255 3010560
1234  1234 1236 3010560
1235  1235 1237 3010560
1236  1236 1238 3010560
1237  1237 1256 3010560
1238  1238 1240 3010560
1239  1239 1241 3010560
1240  1240 1242 3010560
1241  1241 1257 3010560
1242  1242 1244 3010560
1243  1243 1245 3010560
1244  1244 1246 3010560
1245  1245 1258 3010560
1246  1246 1248 3010560
1247  1247 1249 3010560
1248  1248 1250 3010560
1249  1249 1259 3010560
1250  1250 1260 3010560
1251  1251 1260 3010560
1252  1252 1260 3010560
1253  1253 1260 3010560
1254  1254 1260 3010560
1255  1255 1260 3010560
1256  1256 1260 3010560
1257  1257 1260 3010560
1258  1258 1260 3010560
1259  1259 1267 3010560
1260  1260 1263 32768
1261  1261 1263 376320
1262  1262 1264 3010560
1263  1263 1265 3010560
1264  1264 1266 3010560
1265  1265 1267 3010560
1266  1266 1274 3010560
1267  1267 1270 131072
1268  1268 1270 1505280
1269  1269 1271 3010560
1270  1270 1272 3010560
1271  1271 1273 3010560
1272  1272 1274 3010560
1273  1273 1281 3010560
1274  1274 1277 131072
1275  1275 1277 1505280
1276  1276 1278 3010560
1277  1277 1279 3010560
1278  1278 1280 3010560
1279  1279 1281 3010560
1280  1280 1395 3010560
1281  1281 1283 376320
1282  1282 1284 25088
1283  1283 1285 25088
1284  1284 1609 128
1285  1285 1287 376320
1286  1286 1610 24576
1287  1287 1289 376320
1288  1288 1290 25088
1289  1289 1291 25088
1290  1290 1611 128
1291  1291 1293 376320
1292  1292 1612 51200
1293  1293 1296 51200
1294  1294 1296 376320
1295  1295 1297 4704000
1296  1296 1298 4704000
1297  1297 1381 188160
1298  1298 1300 188160
1299  1299 1301 12544
1300  1300 1302 12544
1301  1301 1613 64
1302  1302 1304 188160
1303  1303 1614 12288
1304  1304 1306 1505280
1305  1305 1307 100352
1306  1306 1308 100352
1307  1307 1615 512
1308  1308 1310 1505280
1309  1309 1616 442368
1310  1310 1313 442368
1311  1311 1313 1505280
1312  1312 1314 10160640
1313  1313 1315 10160640
1314  1314 1388 1128960
1315  1315 1317 1128960
1316  1316 1318 75264
1317  1317 1319 75264
1318  1318 1617 384
1319  1319 1321 1128960
1320  1320 1618 73728
1321  1321 1323 752640
1322  1322 1324 50176
1323  1323 1325 50176
1324  1324 1619 256
1325  1325 1327 752640
1326  1326 1620 49152
1327  1327 1330 24576
1328  1328 1330 376320
1329  1329 1331 2257920
1330  1330 1332 2257920
1331  1331 1336 2257920
1332  1332 1334 2257920
1333  1333 1335 2257920
1334  1334 1337 2257920
1335  1335 1369 2257920
1336  1336 1370 2257920
1337  1337 1339 2257920
1338  1338 1340 2257920
1339  1339 1341 2257920
1340  1340 1371 2257920
1341  1341 1343 2257920
1342  1342 1344 2257920
1343  1343 1345 2257920
1344  1344 1372 2257920
1345  1345 1347 2257920
1346  1346 1348 2257920
1347  1347 1349 2257920
1348  1348 1373 2257920
1349  1349 1351 2257920
1350  1350 1352 2257920
1351  1351 1353 2257920
1352  1352 1374 2257920
1353  1353 1355 2257920
1354  1354 1356 2257920
1355  1355 1357 2257920
1356  1356 1375 2257920
1357  1357 1359 2257920
1358  1358 1360 2257920
1359  1359 1361 2257920
1360  1360 1376 2257920
1361  1361 1363 2257920
1362  1362 1364 2257920
1363  1363 1365 2257920
1364  1364 1377 2257920
1365  1365 1367 2257920
1366  1366 1368 2257920
1367  1367 1369 2257920
1368  1368 1378 2257920
1369  1369 1379 2257920
1370  1370 1379 2257920
1371  1371 1379 2257920
1372  1372 1379 2257920
1373  1373 1379 2257920
1374  1374 1379 2257920
1375  1375 1379 2257920
1376  1376 1379 2257920
1377  1377 1379 2257920
1378  1378 1386 2257920
1379  1379 1382 12288
1380  1380 1382 188160
1381  1381 1383 2257920
1382  1382 1384 2257920
1383  1383 1385 2257920
1384  1384 1386 2257920
1385  1385 1393 2257920
1386  1386 1389 73728
1387  1387 1389 1128960
1388  1388 1390 2257920
1389  1389 1391 2257920
1390  1390 1392 2257920
1391  1391 1393 2257920
1392  1392 1400 2257920
1393  1393 1396 49152
1394  1394 1396 752640
1395  1395 1397 2257920
1396  1396 1398 2257920
1397  1397 1399 2257920
1398  1398 1400 2257920
1399  1399 1436 2257920
1400  1400 1402 2257920
1401  1401 1403 2257920
1402  1402 1404 2257920
1403  1403 1437 2257920
1404  1404 1406 2257920
1405  1405 1407 2257920
1406  1406 1408 2257920
1407  1407 1438 2257920
1408  1408 1410 2257920
1409  1409 1411 2257920
1410  1410 1412 2257920
1411  1411 1439 2257920
1412  1412 1414 2257920
1413  1413 1415 2257920
1414  1414 1416 2257920
1415  1415 1440 2257920
1416  1416 1418 2257920
1417  1417 1419 2257920
1418  1418 1420 2257920
1419  1419 1441 2257920
1420  1420 1422 2257920
1421  1421 1423 2257920
1422  1422 1424 2257920
1423  1423 1442 2257920
1424  1424 1426 2257920
1425  1425 1427 2257920
1426  1426 1428 2257920
1427  1427 1443 2257920
1428  1428 1430 2257920
1429  1429 1431 2257920
1430  1430 1432 2257920
1431  1431 1444 2257920
1432  1432 1434 2257920
1433  1433 1435 2257920
1434  1434 1436 2257920
1435  1435 1445 2257920
1436  1436 1446 9031680
1437  1437 1446 9031680
1438  1438 1446 9031680
1439  1439 1446 9031680
1440  1440 1446 9031680
1441  1441 1446 9031680
1442  1442 1446 9031680
1443  1443 1446 9031680
1444  1444 1446 9031680
1445  1445 1454 9031680
1446  1446 1448 9031680
1447  1447 1449 602112
1448  1448 1450 602112
1449  1449 1621 768
1450  1450 1452 9031680
1451  1451 1622 442368
1452  1452 1455 442368
1453  1453 1455 9031680
1454  1454 1456 27095040
1455  1455 1457 108380160
1456  1456 1461 12042240
1457  1457 1459 12042240
1458  1458 1460 12042240
1459  1459 1462 12042240
1460  1460 1494 12042240
1461  1461 1495 12042240
1462  1462 1464 12042240
1463  1463 1465 12042240
1464  1464 1466 12042240
1465  1465 1496 12042240
1466  1466 1468 12042240
1467  1467 1469 12042240
1468  1468 1470 12042240
1469  1469 1497 12042240
1470  1470 1472 12042240
1471  1471 1473 12042240
1472  1472 1474 12042240
1473  1473 1498 12042240
1474  1474 1476 12042240
1475  1475 1477 12042240
1476  1476 1478 12042240
1477  1477 1499 12042240
1478  1478 1480 12042240
1479  1479 1481 12042240
1480  1480 1482 12042240
1481  1481 1500 12042240
1482  1482 1484 12042240
1483  1483 1485 12042240
1484  1484 1486 12042240
1485  1485 1501 12042240
1486  1486 1488 12042240
1487  1487 1489 12042240
1488  1488 1490 12042240
1489  1489 1502 12042240
1490  1490 1492 12042240
1491  1491 1493 12042240
1492  1492 1494 12042240
1493  1493 1503 12042240
1494  1494 1504 48168960
1495  1495 1504 48168960
1496  1496 1504 48168960
1497  1497 1504 48168960
1498  1498 1504 48168960
1499  1499 1504 48168960
1500  1500 1504 48168960
1501  1501 1504 48168960
1502  1502 1504 48168960
1503  1503 1509 48168960
1504  1504 1506 48168960
1505  1505 1507 3211264
1506  1506 1508 3211264
1507  1507 1623 256
1508  1508 1510 48168960
1509  1509 1624 37632
1510  1510 1624 64
1511  1511 1624 40960
1512  1512 1624 512
1513  1513 1624 425984
1514  1514 1624 512
1515  1515 1624 614400
1516  1516 1624 192
1517  1517 1624 159744
1518  1518 1624 1536
1519  1519 1624 2654208
1520  1520 1624 768
1521  1521 1624 638976
1522  1522 1624 1536
1523  1523 1624 1277952
1524  1524 1624 512
1525  1525 1624 425984
1526  1526 1624 512
1527  1527 1624 409600
1528  1528 1624 128
1529  1529 1624 106496
1530  1530 1624 1280
1531  1531 1624 1843200
1532  1532 1624 640
1533  1533 1624 532480
1534  1534 1624 1024
1535  1535 1624 851968
1536  1536 1624 512
1537  1537 1624 270336
1538  1538 1624 512
1539  1539 1624 409600
1540  1540 1624 128
1541  1541 1624 67584
1542  1542 1624 1280
1543  1543 1624 1843200
1544  1544 1624 640
1545  1545 1624 337920
1546  1546 1624 1024
1547  1547 1624 540672
1548  1548 1624 256
1549  1549 1624 131072
1550  1550 1624 256
1551  1551 1624 204800
1552  1552 1624 128
1553  1553 1624 65536
1554  1554 1624 1152
1555  1555 1624 1492992
1556  1556 1624 576
1557  1557 1624 294912
1558  1558 1624 448
1559  1559 1624 229376
1560  1560 1624 256
1561  1561 1624 131072
1562  1562 1624 256
1563  1563 1624 153600
1564  1564 1624 128
1565  1565 1624 49152
1566  1566 1624 1024
1567  1567 1624 1179648
1568  1568 1624 512
1569  1569 1624 262144
1570  1570 1624 512
1571  1571 1624 262144
1572  1572 1624 256
1573  1573 1624 131072
1574  1574 1624 256
1575  1575 1624 153600
1576  1576 1624 128
1577  1577 1624 49152
1578  1578 1624 896
1579  1579 1624 903168
1580  1580 1624 448
1581  1581 1624 229376
1582  1582 1624 640
1583  1583 1624 327680
1584  1584 1624 256
1585  1585 1624 122880
1586  1586 1624 192
1587  1587 1624 76800
1588  1588 1624 64
1589  1589 1624 30720
1590  1590 1624 832
1591  1591 1624 718848
1592  1592 1624 384
1593  1593 1624 184320
1594  1594 1624 768
1595  1595 1624 368640
1596  1596 1624 256
1597  1597 1624 65536
1598  1598 1624 384
1599  1599 1624 307200
1600  1600 1624 128
1601  1601 1624 32768
1602  1602 1624 768
1603  1603 1624 884736
1604  1604 1624 512
1605  1605 1624 131072
1606  1606 1624 512
1607  1607 1624 131072
1608  1608 1624 128
1609  1609 1624 24576
1610  1610 1624 128
1611  1611 1624 51200
1612  1612 1624 64
1613  1613 1624 12288
1614  1614 1624 512
1615  1615 1624 442368
1616  1616 1624 384
1617  1617 1624 73728
1618  1618 1624 256
1619  1619 1624 49152
1620  1620 1624 768
1621  1621 1624 442368
1622  1622 1624 256
1623  1623 1624 37632
