7:0  7 8 640
7:1  7 8 64
18:0  18 19 9633792
20:0  20 21 37632
20:1  20 21 118816768
20:2  20 21 51380224
20:3  20 21 14144
21:0  21 22 51380224
23:0  23 24 12845056
25:0  25 26 442368
25:1  25 26 28901376
25:2  25 26 9633792
25:3  25 26 7216128
25:4  25 26 110592
25:59  25 26 1804032
25:60  25 26 27648
25:67  25 26 13824
25:68  25 26 55296
26:0  26 27 9633792
28:0  28 29 2408448
30:0  30 31 49152
30:1  30 31 2408448
30:2  30 31 802816
30:3  30 31 18432
32:0  32 33 73728
32:1  32 33 2408448
32:2  32 33 1204224
32:3  32 33 18432
33:0  33 34 1204224
34:0  34 35 1204224
36:0  36 37 442368
36:1  36 37 10838016
36:2  36 37 1605632
36:3  36 37 2695680
36:4  36 37 110592
36:11  36 37 41472
36:12  36 37 82944
38:0  38 39 12288
38:1  38 39 2408448
38:2  38 39 200704
38:3  38 39 18432
39:0  39 40 200704
40:0  40 41 200704
42:0  42 43 51200
42:1  42 43 5017600
42:2  42 43 401408
42:3  42 43 38400
44:0  44 45 2408448
46:0  46 47 24576
46:1  46 47 2408448
46:2  46 47 401408
46:3  46 47 18432
47:0  47 48 3211264
48:0  48 49 3211264
50:0  50 51 131072
50:1  50 51 3211264
50:2  50 51 1605632
50:3  50 51 798720
50:4  50 51 32768
50:11  50 51 12288
50:12  50 51 24576
52:0  52 53 131072
52:1  52 53 3211264
52:2  52 53 1605632
52:3  52 53 798720
52:4  52 53 32768
52:11  52 53 12288
52:12  52 53 24576
53:0  53 54 1605632
54:0  54 55 1605632
56:0  56 57 884736
56:1  56 57 14450688
56:2  56 57 2408448
56:3  56 57 3594240
56:4  56 57 221184
56:59  56 57 898560
56:60  56 57 55296
56:67  56 57 27648
56:68  56 57 110592
58:0  58 59 32768
58:1  58 59 3211264
58:2  58 59 401408
58:3  58 59 24576
59:0  59 60 401408
60:0  60 61 401408
62:0  62 63 307200
62:1  62 63 10035200
62:2  62 63 1204224
62:3  62 63 2496000
62:4  62 63 76800
62:11  62 63 38400
62:12  62 63 76800
64:0  64 65 3211264
66:0  66 67 65536
66:1  66 67 3211264
66:2  66 67 802816
66:3  66 67 24576
67:0  67 68 6021120
69:0  69 70 1505280
71:0  71 72 368640
71:1  71 72 1505280
71:2  71 72 602112
71:3  71 72 368640
71:4  71 72 92160
71:11  71 72 23040
71:12  71 72 46080
73:0  73 74 184320
73:1  73 74 1505280
73:2  73 74 301056
73:3  73 74 368640
73:4  73 74 46080
73:11  73 74 23040
73:12  73 74 46080
74:0  74 75 301056
75:0  75 76 301056
77:0  77 78 718848
77:1  77 78 2709504
77:2  77 78 652288
77:3  77 78 663552
77:4  77 78 179712
77:59  77 78 165888
77:60  77 78 44928
77:67  77 78 20736
77:68  77 78 82944
79:0  79 80 30720
79:1  79 80 1505280
79:2  79 80 50176
79:3  79 80 46080
80:0  80 81 50176
81:0  81 82 50176
83:0  83 84 76800
83:1  83 84 1254400
83:2  83 84 150528
83:3  83 84 38400
85:0  85 86 1505280
87:0  87 88 122880
87:1  87 88 1505280
87:2  87 88 200704
87:3  87 88 46080
88:0  88 89 1605632
89:0  89 90 1605632
91:0  91 92 327680
91:1  91 92 1605632
91:2  91 92 501760
91:3  91 92 393216
91:4  91 92 81920
91:11  91 92 24576
91:12  91 92 49152
93:0  93 94 229376
93:1  93 94 1605632
93:2  93 94 351232
93:3  93 94 393216
93:4  93 94 57344
93:11  93 94 24576
93:12  93 94 49152
94:0  94 95 351232
95:0  95 96 351232
97:0  97 98 903168
97:1  97 98 3161088
97:2  97 98 702464
97:3  97 98 774144
97:4  97 98 225792
97:59  97 98 193536
97:60  97 98 56448
97:67  97 98 24192
97:68  97 98 96768
99:0  99 100 49152
99:1  99 100 1605632
99:2  99 100 75264
99:3  99 100 49152
100:0  100 101 75264
101:0  101 102 75264
103:0  103 104 153600
103:1  103 104 1881600
103:2  103 104 200704
103:3  103 104 460800
103:4  103 104 38400
103:11  103 104 28800
103:12  103 104 57600
105:0  105 106 1605632
107:0  107 108 131072
107:1  107 108 1605632
107:2  107 108 200704
107:3  107 108 49152
108:0  108 109 1605632
109:0  109 110 1605632
111:0  111 112 262144
111:1  111 112 1605632
111:2  111 112 401408
111:3  111 112 393216
111:4  111 112 65536
111:11  111 112 24576
111:12  111 112 49152
113:0  113 114 262144
113:1  113 114 1605632
113:2  113 114 401408
113:3  113 114 393216
113:4  113 114 65536
113:11  113 114 24576
113:12  113 114 49152
114:0  114 115 401408
115:0  115 116 401408
117:0  117 118 1179648
117:1  117 118 3612672
117:2  117 118 802816
117:3  117 118 884736
117:4  117 118 294912
117:59  117 118 221184
117:60  117 118 73728
117:67  117 118 27648
117:68  117 118 110592
119:0  119 120 49152
119:1  119 120 1605632
119:2  119 120 75264
119:3  119 120 49152
120:0  120 121 75264
121:0  121 122 75264
123:0  123 124 153600
123:1  123 124 1881600
123:2  123 124 200704
123:3  123 124 460800
123:4  123 124 38400
123:11  123 124 28800
123:12  123 124 57600
125:0  125 126 1605632
127:0  127 128 131072
127:1  127 128 1605632
127:2  127 128 200704
127:3  127 128 49152
128:0  128 129 1605632
129:0  129 130 1605632
131:0  131 132 229376
131:1  131 132 1605632
131:2  131 132 351232
131:3  131 132 393216
131:4  131 132 57344
131:11  131 132 24576
131:12  131 132 49152
133:0  133 134 294912
133:1  133 134 1605632
133:2  133 134 451584
133:3  133 134 393216
133:4  133 134 73728
133:11  133 134 24576
133:12  133 134 49152
134:0  134 135 451584
135:0  135 136 451584
137:0  137 138 1492992
137:1  137 138 4064256
137:2  137 138 903168
137:3  137 138 995328
137:4  137 138 373248
137:59  137 138 248832
137:60  137 138 93312
137:67  137 138 31104
137:68  137 138 124416
139:0  139 140 65536
139:1  139 140 1605632
139:2  139 140 100352
139:3  139 140 49152
140:0  140 141 100352
141:0  141 142 100352
143:0  143 144 204800
143:1  143 144 2508800
143:2  143 144 200704
143:3  143 144 614400
143:4  143 144 51200
143:11  143 144 38400
143:12  143 144 76800
145:0  145 146 1605632
147:0  147 148 131072
147:1  147 148 1605632
147:2  147 148 200704
147:3  147 148 49152
148:0  148 149 1655808
149:0  149 150 1655808
151:0  151 152 540672
151:1  151 152 1655808
151:2  151 152 802816
151:3  151 152 405504
151:4  151 152 135168
151:59  151 152 101376
151:60  151 152 33792
151:67  151 152 12672
151:68  151 152 50688
153:0  153 154 337920
153:1  153 154 1655808
153:2  153 154 501760
153:3  153 154 405504
153:4  153 154 84480
153:11  153 154 25344
153:12  153 154 50688
154:0  154 155 501760
155:0  155 156 501760
157:0  157 158 1843200
157:1  157 158 4515840
157:2  157 158 1003520
157:3  157 158 1105920
157:4  157 158 460800
157:59  157 158 276480
157:60  157 158 115200
157:67  157 158 34560
157:68  157 158 138240
159:0  159 160 67584
159:1  159 160 1655808
159:2  159 160 100352
159:3  159 160 50688
160:0  160 161 100352
161:0  161 162 100352
163:0  163 164 409600
163:1  163 164 2508800
163:2  163 164 401408
163:3  163 164 614400
163:4  163 164 102400
163:11  163 164 38400
163:12  163 164 76800
165:0  165 166 1655808
167:0  167 168 270336
167:1  167 168 1655808
167:2  167 168 401408
167:3  167 168 405504
167:4  167 168 67584
167:11  167 168 25344
167:12  167 168 50688
168:0  168 169 2609152
170:0  170 171 851968
172:0  172 173 851968
172:1  172 173 851968
172:2  172 173 262144
172:3  172 173 199680
172:4  172 173 212992
172:11  172 173 39936
172:12  172 173 79872
174:0  174 175 532480
174:1  174 175 851968
174:2  174 175 163840
174:3  174 175 199680
174:4  174 175 133120
174:11  174 175 39936
174:12  174 175 79872
175:0  175 176 163840
176:0  176 177 163840
178:0  178 179 1843200
178:1  178 179 1474560
178:2  178 179 327680
178:3  178 179 345600
178:4  178 179 460800
178:11  178 179 69120
178:12  178 179 138240
180:0  180 181 106496
180:1  180 181 851968
180:2  180 181 32768
180:3  180 181 79872
181:0  181 182 32768
182:0  182 183 32768
184:0  184 185 409600
184:1  184 185 819200
184:2  184 185 131072
184:3  184 185 192000
184:4  184 185 102400
184:11  184 185 38400
184:12  184 185 76800
186:0  186 187 851968
188:0  188 189 425984
188:1  188 189 851968
188:2  188 189 131072
188:3  188 189 199680
188:4  188 189 106496
188:11  188 189 39936
188:12  188 189 79872
189:0  189 190 851968
190:0  190 191 851968
192:0  192 193 1277952
192:1  192 193 851968
192:2  192 193 393216
192:3  192 193 199680
192:4  192 193 319488
192:11  192 193 39936
192:12  192 193 79872
194:0  194 195 638976
194:1  194 195 851968
194:2  194 195 196608
194:3  194 195 199680
194:4  194 195 159744
194:11  194 195 39936
194:12  194 195 79872
195:0  195 196 196608
196:0  196 197 196608
198:0  198 199 2654208
198:1  198 199 1769472
198:2  198 199 393216
198:3  198 199 414720
198:4  198 199 663552
198:59  198 199 103680
198:67  198 199 41472
198:68  198 199 165888
200:0  200 201 159744
200:1  200 201 851968
200:2  200 201 49152
200:3  200 201 79872
201:0  201 202 49152
202:0  202 203 49152
204:0  204 205 614400
204:1  204 205 1228800
204:2  204 205 131072
204:3  204 205 288000
204:4  204 205 153600
204:11  204 205 57600
204:12  204 205 115200
206:0  206 207 851968
208:0  208 209 425984
208:1  208 209 851968
208:2  208 209 131072
208:3  208 209 199680
208:4  208 209 106496
208:11  208 209 39936
208:12  208 209 79872
209:0  209 210 1048576
211:0  211 212 65536
213:0  213 214 49152
213:1  213 214 65536
213:2  213 214 768
213:3  213 1624 64
213:4  213 214 98304
215:0  215 216 640
229:0  229 230 768
229:1  229 230 65536
229:2  229 230 49152
229:3  229 230 1536
232:0  232 233 640
232:1  232 233 49152
232:2  232 233 65536
232:3  232 233 960
242:0  242 243 131072
242:1  242 243 851968
242:2  242 243 425984
242:3  242 243 208896
242:4  242 243 32768
242:11  242 243 12288
242:12  242 243 24576
248:0  248 249 131072
248:1  248 249 1228800
248:2  248 249 614400
248:3  248 249 307200
248:4  248 249 32768
248:11  248 249 12288
251:0  251 252 131072
251:1  251 252 614400
251:2  251 252 1228800
251:3  251 252 12288
259:0  259 260 49152
259:1  259 260 851968
259:2  259 260 159744
259:3  259 260 24576
265:0  265 266 393216
265:1  265 266 1769472
265:2  265 266 2654208
265:3  265 266 663552
265:4  265 266 98304
265:11  265 266 12288
268:0  268 269 393216
268:1  268 269 2654208
268:2  268 269 1769472
268:3  268 269 663552
268:4  268 269 98304
268:59  268 269 165888
268:60  268 269 24576
268:67  268 269 9216
276:0  276 277 196608
276:1  276 277 851968
276:2  276 277 638976
276:3  276 277 208896
276:4  276 277 49152
276:11  276 277 12288
276:12  276 277 24576
282:0  282 283 393216
282:1  282 283 851968
282:2  282 283 1277952
282:3  282 283 313344
282:4  282 283 98304
282:11  282 283 12288
282:12  282 283 24576
285:0  285 286 131072
285:1  285 286 425984
285:2  285 286 851968
285:3  285 286 12288
291:0  291 292 851968
337:0  337 338 49152
337:1  337 338 159744
337:2  337 338 851968
337:3  337 338 4608
340:0  340 341 851968
344:0  344 345 196608
344:1  344 345 638976
344:2  344 345 851968
344:3  344 345 208896
344:4  344 345 49152
344:11  344 345 9216
344:12  344 345 18432
347:0  347 348 851968
351:0  351 352 393216
351:1  351 352 1277952
351:2  351 352 851968
351:3  351 352 313344
351:4  351 352 98304
351:11  351 352 18432
351:12  351 352 36864
354:0  354 355 851968
356:0  356 357 851968
360:0  360 361 851968
361:0  361 362 131072
361:1  361 362 851968
361:2  361 362 425984
361:3  361 362 208896
361:4  361 362 32768
361:11  361 362 12288
361:12  361 362 24576
362:0  362 363 851968
366:0  366 367 851968
367:0  367 368 131072
367:1  367 368 819200
367:2  367 368 409600
367:3  367 368 202752
367:4  367 368 32768
367:11  367 368 12288
367:12  367 368 24576
369:0  369 370 851968
370:0  370 371 131072
370:1  370 371 409600
370:2  370 371 819200
370:3  370 371 12288
378:0  378 379 32768
378:1  378 379 851968
378:2  378 379 106496
378:3  378 379 24576
379:0  379 380 851968
383:0  383 384 851968
384:0  384 385 327680
384:1  384 385 1474560
384:2  384 385 1843200
384:3  384 385 460800
384:4  384 385 81920
384:11  384 385 12288
386:0  386 387 851968
387:0  387 388 327680
387:1  387 388 1843200
387:2  387 388 1474560
387:3  387 388 460800
387:4  387 388 81920
387:11  387 388 15360
395:0  395 396 163840
395:1  395 396 851968
395:2  395 396 532480
395:3  395 396 208896
395:4  395 396 40960
395:11  395 396 12288
395:12  395 396 24576
396:0  396 397 851968
400:0  400 401 851968
401:0  401 402 262144
401:1  401 402 851968
401:2  401 402 851968
401:3  401 402 208896
401:4  401 402 65536
401:11  401 402 12288
401:12  401 402 24576
403:0  403 404 851968
404:0  404 405 131072
404:1  404 405 425984
404:2  404 405 851968
404:3  404 405 12288
410:0  410 411 851968
456:0  456 457 32768
456:1  456 457 106496
456:2  456 457 851968
456:3  456 457 3072
459:0  459 460 851968
463:0  463 464 163840
463:1  463 464 532480
463:2  463 464 851968
463:3  463 464 208896
463:4  463 464 40960
463:11  463 464 7680
463:12  463 464 15360
466:0  466 467 851968
469:0  469 470 851968
470:0  470 471 262144
470:1  470 471 851968
470:2  470 471 851968
470:3  470 471 208896
470:4  470 471 65536
470:11  470 471 12288
470:12  470 471 24576
473:0  473 474 851968
521:0  521 522 2609152
525:0  525 526 2609152
526:0  526 527 401408
526:1  526 527 1655808
526:2  526 527 270336
526:3  526 527 413952
526:4  526 527 100352
526:11  526 527 37632
527:0  527 528 2609152
531:0  531 532 2609152
532:0  532 533 401408
532:1  532 533 2508800
532:2  532 533 409600
532:3  532 533 620928
532:4  532 533 100352
532:11  532 533 37632
532:12  532 533 75264
534:0  534 535 2609152
535:0  535 536 401408
535:1  535 536 409600
535:2  535 536 2508800
535:3  535 536 620928
535:4  535 536 100352
535:11  535 536 6144
535:12  535 536 12288
543:0  543 544 100352
543:1  543 544 1655808
543:2  543 544 67584
543:3  543 544 75264
544:0  544 545 2609152
548:0  548 549 2609152
549:0  549 550 1003520
549:1  549 550 4515840
549:2  549 550 1843200
549:3  549 550 1128960
549:4  549 550 250880
549:59  549 550 282240
549:60  549 550 62720
549:67  549 550 18816
551:0  551 552 2609152
552:0  552 553 1003520
552:1  552 553 1843200
552:2  552 553 4515840
552:3  552 553 1128960
552:4  552 553 250880
552:59  552 553 282240
552:60  552 553 62720
552:67  552 553 7680
560:0  560 561 501760
560:1  560 561 1655808
560:2  560 561 337920
560:3  560 561 413952
560:4  560 561 125440
560:11  560 561 37632
561:0  561 562 2609152
565:0  565 566 2609152
566:0  566 567 802816
566:1  566 567 1655808
566:2  566 567 540672
566:3  566 567 413952
566:4  566 567 200704
566:59  566 567 103488
566:60  566 567 50176
566:67  566 567 18816
568:0  568 569 2609152
569:0  569 570 401408
569:1  569 570 270336
569:2  569 570 1655808
569:3  569 570 413952
569:4  569 570 100352
569:11  569 570 6144
575:0  575 576 1655808
621:0  621 622 100352
621:1  621 622 67584
621:2  621 622 1655808
621:3  621 622 3072
624:0  624 625 1655808
628:0  628 629 501760
628:1  628 629 337920
628:2  628 629 1655808
628:3  628 629 413952
628:4  628 629 125440
628:11  628 629 7680
631:0  631 632 1655808
634:0  634 635 2609152
635:0  635 636 802816
635:1  635 636 540672
635:2  635 636 1655808
635:3  635 636 413952
635:4  635 636 200704
635:11  635 636 12288
638:0  638 639 1655808
640:0  640 641 1655808
644:0  644 645 1655808
645:0  645 646 200704
645:1  645 646 1605632
645:2  645 646 131072
645:3  645 646 75264
646:0  646 647 1655808
650:0  650 651 1655808
651:0  651 652 200704
651:1  651 652 2508800
651:2  651 652 204800
651:3  651 652 620928
651:4  651 652 50176
651:11  651 652 37632
651:12  651 652 75264
653:0  653 654 1655808
654:0  654 655 200704
654:1  654 655 204800
654:2  654 655 2508800
654:3  654 655 6144
662:0  662 663 100352
662:1  662 663 1605632
662:2  662 663 65536
662:3  662 663 75264
663:0  663 664 1655808
667:0  667 668 1655808
668:0  668 669 903168
668:1  668 669 4064256
668:2  668 669 1492992
668:3  668 669 1016064
668:4  668 669 225792
668:59  668 669 254016
668:60  668 669 56448
668:67  668 669 18816
670:0  670 671 1655808
671:0  671 672 903168
671:1  671 672 1492992
671:2  671 672 4064256
671:3  671 672 1016064
671:4  671 672 225792
671:59  671 672 254016
671:60  671 672 56448
671:67  671 672 6912
679:0  679 680 451584
679:1  679 680 1605632
679:2  679 680 294912
679:3  679 680 395136
679:4  679 680 112896
679:11  679 680 37632
679:12  679 680 75264
680:0  680 681 1655808
684:0  684 685 1655808
685:0  685 686 351232
685:1  685 686 1605632
685:2  685 686 229376
685:3  685 686 395136
685:4  685 686 87808
685:11  685 686 37632
685:12  685 686 75264
687:0  687 688 1655808
688:0  688 689 200704
688:1  688 689 131072
688:2  688 689 1605632
688:3  688 689 6144
694:0  694 695 1605632
740:0  740 741 100352
740:1  740 741 65536
740:2  740 741 1605632
740:3  740 741 3072
743:0  743 744 1605632
747:0  747 748 451584
747:1  747 748 294912
747:2  747 748 1605632
747:3  747 748 395136
747:4  747 748 112896
747:11  747 748 6912
747:12  747 748 13824
750:0  750 751 1605632
753:0  753 754 1655808
754:0  754 755 351232
754:1  754 755 229376
754:2  754 755 1605632
754:3  754 755 10752
757:0  757 758 1605632
759:0  759 760 1605632
763:0  763 764 1605632
764:0  764 765 200704
764:1  764 765 1605632
764:2  764 765 131072
764:3  764 765 75264
765:0  765 766 1605632
769:0  769 770 1605632
770:0  770 771 200704
770:1  770 771 1881600
770:2  770 771 153600
770:3  770 771 75264
772:0  772 773 1605632
773:0  773 774 200704
773:1  773 774 153600
773:2  773 774 1881600
773:3  773 774 6144
781:0  781 782 75264
781:1  781 782 1605632
781:2  781 782 49152
781:3  781 782 75264
782:0  782 783 1605632
786:0  786 787 1605632
787:0  787 788 802816
787:1  787 788 3612672
787:2  787 788 1179648
787:3  787 788 903168
787:4  787 788 200704
787:59  787 788 225792
787:60  787 788 50176
787:67  787 788 18816
789:0  789 790 1605632
790:0  790 791 802816
790:1  790 791 1179648
790:2  790 791 3612672
790:3  790 791 903168
790:4  790 791 200704
790:11  790 791 12288
798:0  798 799 401408
798:1  798 799 1605632
798:2  798 799 262144
798:3  798 799 395136
798:4  798 799 100352
798:11  798 799 37632
798:12  798 799 75264
799:0  799 800 1605632
803:0  803 804 1605632
804:0  804 805 401408
804:1  804 805 1605632
804:2  804 805 262144
804:3  804 805 395136
804:4  804 805 100352
804:11  804 805 37632
804:12  804 805 75264
806:0  806 807 1605632
807:0  807 808 200704
807:1  807 808 131072
807:2  807 808 1605632
807:3  807 808 6144
813:0  813 814 1605632
859:0  859 860 75264
859:1  859 860 49152
859:2  859 860 1605632
859:3  859 860 2304
862:0  862 863 1605632
866:0  866 867 401408
866:1  866 867 262144
866:2  866 867 1605632
866:3  866 867 12288
869:0  869 870 1605632
872:0  872 873 1605632
873:0  873 874 401408
873:1  873 874 262144
873:2  873 874 1605632
873:3  873 874 12288
876:0  876 877 1605632
878:0  878 879 1605632
882:0  882 883 1605632
883:0  883 884 200704
883:1  883 884 1605632
883:2  883 884 131072
883:3  883 884 75264
884:0  884 885 1605632
888:0  888 889 1605632
889:0  889 890 200704
889:1  889 890 1881600
889:2  889 890 153600
889:3  889 890 75264
891:0  891 892 1605632
892:0  892 893 200704
892:1  892 893 153600
892:2  892 893 1881600
892:3  892 893 6144
900:0  900 901 75264
900:1  900 901 1605632
900:2  900 901 49152
900:3  900 901 75264
901:0  901 902 1605632
905:0  905 906 1605632
906:0  906 907 702464
906:1  906 907 3161088
906:2  906 907 903168
906:3  906 907 790272
906:4  906 907 175616
906:59  906 907 197568
906:60  906 907 43904
906:67  906 907 18816
908:0  908 909 1605632
909:0  909 910 702464
909:1  909 910 903168
909:2  909 910 3161088
909:3  909 910 790272
909:4  909 910 175616
909:11  909 910 10752
917:0  917 918 351232
917:1  917 918 1605632
917:2  917 918 229376
917:3  917 918 395136
917:4  917 918 87808
917:11  917 918 37632
917:12  917 918 75264
918:0  918 919 1605632
922:0  922 923 1605632
923:0  923 924 501760
923:1  923 924 1605632
923:2  923 924 327680
923:3  923 924 395136
923:4  923 924 125440
923:11  923 924 37632
923:12  923 924 75264
925:0  925 926 1605632
926:0  926 927 200704
926:1  926 927 131072
926:2  926 927 1605632
926:3  926 927 6144
932:0  932 933 1605632
978:0  978 979 75264
978:1  978 979 49152
978:2  978 979 1605632
978:3  978 979 2304
981:0  981 982 1605632
985:0  985 986 351232
985:1  985 986 229376
985:2  985 986 1605632
985:3  985 986 10752
988:0  988 989 1605632
991:0  991 992 1605632
992:0  992 993 501760
992:1  992 993 327680
992:2  992 993 1605632
992:3  992 993 395136
992:4  992 993 125440
992:11  992 993 7680
992:12  992 993 15360
995:0  995 996 1605632
997:0  997 998 1605632
1001:0  1001 1002 1605632
1002:0  1002 1003 200704
1002:1  1002 1003 1505280
1002:2  1002 1003 122880
1002:3  1002 1003 75264
1003:0  1003 1004 1605632
1007:0  1007 1008 1605632
1008:0  1008 1009 150528
1008:1  1008 1009 1254400
1008:2  1008 1009 76800
1008:3  1008 1009 75264
1010:0  1010 1011 1605632
1011:0  1011 1012 150528
1011:1  1011 1012 76800
1011:2  1011 1012 1254400
1011:3  1011 1012 4608
1019:0  1019 1020 50176
1019:1  1019 1020 1505280
1019:2  1019 1020 30720
1019:3  1019 1020 75264
1020:0  1020 1021 1605632
1024:0  1024 1025 1605632
1025:0  1025 1026 652288
1025:1  1025 1026 2709504
1025:2  1025 1026 718848
1025:3  1025 1026 677376
1025:4  1025 1026 163072
1025:59  1025 1026 169344
1025:60  1025 1026 40768
1025:67  1025 1026 18816
1027:0  1027 1028 1605632
1028:0  1028 1029 652288
1028:1  1028 1029 718848
1028:2  1028 1029 2709504
1028:3  1028 1029 677376
1028:4  1028 1029 163072
1028:11  1028 1029 9984
1036:0  1036 1037 301056
1036:1  1036 1037 1505280
1036:2  1036 1037 184320
1036:3  1036 1037 376320
1036:4  1036 1037 75264
1036:11  1036 1037 37632
1037:0  1037 1038 1605632
1041:0  1041 1042 1605632
1042:0  1042 1043 602112
1042:1  1042 1043 1505280
1042:2  1042 1043 368640
1042:3  1042 1043 376320
1042:4  1042 1043 150528
1042:11  1042 1043 37632
1044:0  1044 1045 1605632
1045:0  1045 1046 200704
1045:1  1045 1046 122880
1045:2  1045 1046 1505280
1045:3  1045 1046 6144
1051:0  1051 1052 1505280
1097:0  1097 1098 50176
1097:1  1097 1098 30720
1097:2  1097 1098 1505280
1097:3  1097 1098 1536
1100:0  1100 1101 1505280
1104:0  1104 1105 301056
1104:1  1104 1105 184320
1104:2  1104 1105 1505280
1104:3  1104 1105 9216
1107:0  1107 1108 1505280
1110:0  1110 1111 1605632
1111:0  1111 1112 602112
1111:1  1111 1112 368640
1111:2  1111 1112 1505280
1111:3  1111 1112 376320
1111:4  1111 1112 150528
1111:11  1111 1112 9216
1114:0  1114 1115 1505280
1162:0  1162 1163 6021120
1166:0  1166 1167 6021120
1167:0  1167 1168 802816
1167:1  1167 1168 3211264
1167:2  1167 1168 65536
1167:3  1167 1168 301056
1168:0  1168 1169 6021120
1172:0  1172 1173 6021120
1173:0  1173 1174 1204224
1173:1  1173 1174 10035200
1173:2  1173 1174 307200
1173:3  1173 1174 2483712
1173:4  1173 1174 301056
1173:11  1173 1174 150528
1173:12  1173 1174 301056
1175:0  1175 1176 6021120
1176:0  1176 1177 1204224
1176:1  1176 1177 307200
1176:2  1176 1177 10035200
1176:3  1176 1177 9216
1184:0  1184 1185 401408
1184:1  1184 1185 3211264
1184:2  1184 1185 32768
1184:3  1184 1185 301056
1185:0  1185 1186 6021120
1189:0  1189 1190 6021120
1190:0  1190 1191 2408448
1190:1  1190 1191 14450688
1190:2  1190 1191 884736
1190:3  1190 1191 3612672
1190:4  1190 1191 602112
1190:59  1190 1191 903168
1190:60  1190 1191 150528
1190:67  1190 1191 75264
1192:0  1192 1193 6021120
1193:0  1193 1194 2408448
1193:1  1193 1194 884736
1193:2  1193 1194 14450688
1193:3  1193 1194 3612672
1193:4  1193 1194 602112
1193:11  1193 1194 9216
1201:0  1201 1202 1605632
1201:1  1201 1202 3211264
1201:2  1201 1202 131072
1201:3  1201 1202 752640
1201:4  1201 1202 401408
1201:11  1201 1202 150528
1201:12  1201 1202 301056
1202:0  1202 1203 6021120
1206:0  1206 1207 6021120
1207:0  1207 1208 1605632
1207:1  1207 1208 3211264
1207:2  1207 1208 131072
1207:3  1207 1208 752640
1207:4  1207 1208 401408
1207:11  1207 1208 150528
1207:12  1207 1208 301056
1209:0  1209 1210 6021120
1210:0  1210 1211 802816
1210:1  1210 1211 65536
1210:2  1210 1211 3211264
1210:3  1210 1211 6144
1216:0  1216 1217 3211264
1262:0  1262 1263 401408
1262:1  1262 1263 32768
1262:2  1262 1263 3211264
1262:3  1262 1263 3072
1265:0  1265 1266 3211264
1269:0  1269 1270 1605632
1269:1  1269 1270 131072
1269:2  1269 1270 3211264
1269:3  1269 1270 12288
1272:0  1272 1273 3211264
1275:0  1275 1276 6021120
1276:0  1276 1277 1605632
1276:1  1276 1277 131072
1276:2  1276 1277 3211264
1276:3  1276 1277 12288
1279:0  1279 1280 3211264
1281:0  1281 1282 3211264
1285:0  1285 1286 3211264
1286:0  1286 1287 401408
1286:1  1286 1287 2408448
1286:2  1286 1287 24576
1286:3  1286 1287 301056
1287:0  1287 1288 3211264
1291:0  1291 1292 3211264
1292:0  1292 1293 401408
1292:1  1292 1293 5017600
1292:2  1292 1293 51200
1292:3  1292 1293 301056
1294:0  1294 1295 3211264
1295:0  1295 1296 401408
1295:1  1295 1296 51200
1295:2  1295 1296 5017600
1295:3  1295 1296 3072
1303:0  1303 1304 200704
1303:1  1303 1304 2408448
1303:2  1303 1304 12288
1303:3  1303 1304 301056
1304:0  1304 1305 3211264
1308:0  1308 1309 3211264
1309:0  1309 1310 1605632
1309:1  1309 1310 10838016
1309:2  1309 1310 442368
1309:3  1309 1310 2709504
1309:4  1309 1310 401408
1309:59  1309 1310 677376
1309:60  1309 1310 100352
1309:67  1309 1310 75264
1311:0  1311 1312 3211264
1312:0  1312 1313 1605632
1312:1  1312 1313 442368
1312:2  1312 1313 10838016
1312:3  1312 1313 2709504
1312:4  1312 1313 401408
1312:11  1312 1313 6144
1320:0  1320 1321 1204224
1320:1  1320 1321 2408448
1320:2  1320 1321 73728
1320:3  1320 1321 602112
1320:4  1320 1321 301056
1320:11  1320 1321 150528
1321:0  1321 1322 3211264
1325:0  1325 1326 3211264
1326:0  1326 1327 802816
1326:1  1326 1327 2408448
1326:2  1326 1327 49152
1326:3  1326 1327 301056
1328:0  1328 1329 3211264
1329:0  1329 1330 401408
1329:1  1329 1330 24576
1329:2  1329 1330 2408448
1329:3  1329 1330 3072
1335:0  1335 1336 2408448
1381:0  1381 1382 200704
1381:1  1381 1382 12288
1381:2  1381 1382 2408448
1381:3  1381 1382 1536
1384:0  1384 1385 2408448
1388:0  1388 1389 1204224
1388:1  1388 1389 73728
1388:2  1388 1389 2408448
1388:3  1388 1389 9216
1391:0  1391 1392 2408448
1394:0  1394 1395 3211264
1395:0  1395 1396 802816
1395:1  1395 1396 49152
1395:2  1395 1396 2408448
1395:3  1395 1396 6144
1398:0  1398 1399 2408448
1446:0  1446 1447 9633792
1450:0  1450 1451 9633792
1451:0  1451 1452 9633792
1451:1  1451 1452 28901376
1451:2  1451 1452 442368
1451:3  1451 1452 7225344
1451:4  1451 1452 2408448
1451:59  1451 1452 1806336
1451:60  1451 1452 602112
1451:67  1451 1452 301056
1453:0  1453 1454 9633792
1454:0  1454 1455 9633792
1454:1  1454 1455 442368
1454:2  1454 1455 28901376
1454:3  1454 1455 7225344
1454:4  1454 1455 2408448
1454:11  1454 1455 9216
1460:0  1460 1461 12845056
1504:0  1504 1505 51380224
1508:0  1508 1509 51380224
1509:0  1509 1510 51380224
1509:1  1509 1510 118013952
1509:2  1509 1510 37632
1509:3  1509 1510 19267584
0  0 2 64
1  1 4 64
2  2 5 64
3  3 5 64
4  4 7 64
5  5 9 768
6  6 8 256
7  7 9 768
8  8 16 768
9  9 11 64
10  10 12 64
11  11 13 64
12  12 14 64
13  13 15 640
14  14 16 768
15  15 218 768
16  16 18 9633792
17  17 19 12845056
18  18 1510 118013952
19  19 21 37632
20  20 22 51380224
21  21 1491 51380224
22  22 1492 12845056
23  23 1452 28901376
24  24 26 442368
25  25 27 9633792
26  26 1433 9633792
27  27 1434 2408448
28  28 1327 2408448
29  29 31 49152
30  30 48 802816
31  31 33 73728
32  32 34 1204224
33  33 35 1204224
34  34 1310 10838016
35  35 37 442368
36  36 48 1605632
37  37 39 12288
38  38 40 200704
39  39 41 200704
40  40 1293 5017600
41  41 43 51200
42  42 48 401408
43  43 1367 2408448
44  44 1287 2408448
45  45 47 24576
46  46 48 401408
47  47 1247 3211264
48  48 1208 3211264
49  49 51 131072
50  50 68 1605632
51  51 53 131072
52  52 54 1605632
53  53 55 1605632
54  54 1191 14450688
55  55 57 884736
56  56 68 2408448
57  57 59 32768
58  58 60 401408
59  59 61 401408
60  60 1174 10035200
61  61 63 307200
62  62 68 1204224
63  63 1248 3211264
64  64 1168 3211264
65  65 67 65536
66  66 68 802816
67  67 1149 6021120
68  68 1150 1505280
69  69 1043 1505280
70  70 72 368640
71  71 89 602112
72  72 74 184320
73  73 75 301056
74  74 76 301056
75  75 1026 2709504
76  76 78 718848
77  77 89 652288
78  78 80 30720
79  79 81 50176
80  80 82 50176
81  81 1009 1254400
82  82 84 76800
83  83 89 150528
84  84 1083 1505280
85  85 1003 1505280
86  86 88 122880
87  87 89 200704
88  88 963 1605632
89  89 924 1605632
90  90 92 327680
91  91 109 501760
92  92 94 229376
93  93 95 351232
94  94 96 351232
95  95 907 3161088
96  96 98 903168
97  97 109 702464
98  98 100 49152
99  99 101 75264
100  100 102 75264
101  101 890 1881600
102  102 104 153600
103  103 109 200704
104  104 964 1605632
105  105 884 1605632
106  106 108 131072
107  107 109 200704
108  108 844 1605632
109  109 805 1605632
110  110 112 262144
111  111 129 401408
112  112 114 262144
113  113 115 401408
114  114 116 401408
115  115 788 3612672
116  116 118 1179648
117  117 129 802816
118  118 120 49152
119  119 121 75264
120  120 122 75264
121  121 771 1881600
122  122 124 153600
123  123 129 200704
124  124 845 1605632
125  125 765 1605632
126  126 128 131072
127  127 129 200704
128  128 725 1605632
129  129 686 1605632
130  130 132 229376
131  131 149 351232
132  132 134 294912
133  133 135 451584
134  134 136 451584
135  135 669 4064256
136  136 138 1492992
137  137 149 903168
138  138 140 65536
139  139 141 100352
140  140 142 100352
141  141 652 2508800
142  142 144 204800
143  143 149 200704
144  144 726 1605632
145  145 646 1605632
146  146 148 131072
147  147 149 200704
148  148 606 1655808
149  149 567 1655808
150  150 152 540672
151  151 169 802816
152  152 154 337920
153  153 155 501760
154  154 156 501760
155  155 550 4515840
156  156 158 1843200
157  157 169 1003520
158  158 160 67584
159  159 161 100352
160  160 162 100352
161  161 533 2508800
162  162 164 409600
163  163 169 401408
164  164 607 1655808
165  165 527 1655808
166  166 168 270336
167  167 169 401408
168  168 508 2609152
169  169 509 851968
170  170 402 851968
171  171 173 851968
172  172 190 262144
173  173 175 532480
174  174 176 163840
175  175 177 163840
176  176 385 1474560
177  177 179 1843200
178  178 190 327680
179  179 181 106496
180  180 182 32768
181  181 183 32768
182  182 368 819200
183  183 185 409600
184  184 190 131072
185  185 442 851968
186  186 362 851968
187  187 189 425984
188  188 190 131072
189  189 322 851968
190  190 283 851968
191  191 193 1277952
192  192 210 393216
193  193 195 638976
194  194 196 196608
195  195 197 196608
196  196 266 1769472
197  197 199 2654208
198  198 210 393216
199  199 201 159744
200  200 202 49152
201  201 203 49152
202  202 249 1228800
203  203 205 614400
204  204 210 131072
205  205 323 851968
206  206 243 851968
207  207 209 425984
208  208 210 131072
209  209 211 1048576
210  210 212 65536
211  211 230 65536
212  212 214 40960
213  213 215 640
214  214 216 768
215  215 219 768
216  216 218 768
217  217 220 768
218  218 226 640
219  219 225 640
220  220 222 640
221  221 223 640
222  222 224 640
223  223 225 640
224  224 226 640
225  225 232 640
226  226 228 640
227  227 1511 64
228  228 230 640
229  229 1512 40960
230  230 233 40960
231  231 233 640
232  232 234 65536
233  233 235 65536
234  234 236 65536
235  235 237 51380224
236  236 351 1048576
237  237 239 131072
238  238 240 8192
239  239 241 8192
240  240 1513 512
241  241 243 131072
242  242 1514 425984
243  243 245 131072
244  244 246 8192
245  245 247 8192
246  246 1515 512
247  247 249 131072
248  248 1516 614400
249  249 252 614400
250  250 252 131072
251  251 253 1228800
252  252 254 1228800
253  253 337 49152
254  254 256 49152
255  255 257 3072
256  256 258 3072
257  257 1517 192
258  258 260 49152
259  259 1518 159744
260  260 262 393216
261  261 263 24576
262  262 264 24576
263  263 1519 1536
264  264 266 393216
265  265 1520 2654208
266  266 269 2654208
267  267 269 393216
268  268 270 1769472
269  269 271 1769472
270  270 344 196608
271  271 273 196608
272  272 274 12288
273  273 275 12288
274  274 1521 768
275  275 277 196608
276  276 1522 638976
277  277 279 393216
278  278 280 24576
279  279 281 24576
280  280 1523 1536
281  281 283 393216
282  282 1524 1277952
283  283 286 425984
284  284 286 131072
285  285 287 851968
286  286 288 851968
287  287 292 851968
288  288 290 851968
289  289 291 851968
290  290 293 851968
291  291 325 851968
292  292 326 851968
293  293 295 851968
294  294 296 851968
295  295 297 851968
296  296 327 851968
297  297 299 851968
298  298 300 851968
299  299 301 851968
300  300 328 851968
301  301 303 851968
302  302 304 851968
303  303 305 851968
304  304 329 851968
305  305 307 851968
306  306 308 851968
307  307 309 851968
308  308 330 851968
309  309 311 851968
310  310 312 851968
311  311 313 851968
312  312 331 851968
313  313 315 851968
314  314 316 851968
315  315 317 851968
316  316 332 851968
317  317 319 851968
318  318 320 851968
319  319 321 851968
320  320 333 851968
321  321 323 851968
322  322 324 851968
323  323 325 851968
324  324 334 851968
325  325 335 851968
326  326 335 851968
327  327 335 851968
328  328 335 851968
329  329 335 851968
330  330 335 851968
331  331 335 851968
332  332 335 851968
333  333 335 851968
334  334 342 851968
335  335 338 159744
336  336 338 49152
337  337 339 851968
338  338 340 851968
339  339 341 851968
340  340 342 851968
341  341 349 851968
342  342 345 638976
343  343 345 196608
344  344 346 851968
345  345 347 851968
346  346 348 851968
347  347 349 851968
348  348 356 851968
349  349 352 1277952
350  350 352 393216
351  351 353 851968
352  352 354 851968
353  353 355 851968
354  354 356 851968
355  355 470 851968
356  356 358 131072
357  357 359 8192
358  358 360 8192
359  359 1525 512
360  360 362 131072
361  361 1526 425984
362  362 364 131072
363  363 365 8192
364  364 366 8192
365  365 1527 512
366  366 368 131072
367  367 1528 409600
368  368 371 409600
369  369 371 131072
370  370 372 819200
371  371 373 819200
372  372 456 32768
373  373 375 32768
374  374 376 2048
375  375 377 2048
376  376 1529 128
377  377 379 32768
378  378 1530 106496
379  379 381 327680
380  380 382 20480
381  381 383 20480
382  382 1531 1280
383  383 385 327680
384  384 1532 1843200
385  385 388 1843200
386  386 388 327680
387  387 389 1474560
388  388 390 1474560
389  389 463 163840
390  390 392 163840
391  391 393 10240
392  392 394 10240
393  393 1533 640
394  394 396 163840
395  395 1534 532480
396  396 398 262144
397  397 399 16384
398  398 400 16384
399  399 1535 1024
400  400 402 262144
401  401 1536 851968
402  402 405 425984
403  403 405 131072
404  404 406 851968
405  405 407 851968
406  406 411 851968
407  407 409 851968
408  408 410 851968
409  409 412 851968
410  410 444 851968
411  411 445 851968
412  412 414 851968
413  413 415 851968
414  414 416 851968
415  415 446 851968
416  416 418 851968
417  417 419 851968
418  418 420 851968
419  419 447 851968
420  420 422 851968
421  421 423 851968
422  422 424 851968
423  423 448 851968
424  424 426 851968
425  425 427 851968
426  426 428 851968
427  427 449 851968
428  428 430 851968
429  429 431 851968
430  430 432 851968
431  431 450 851968
432  432 434 851968
433  433 435 851968
434  434 436 851968
435  435 451 851968
436  436 438 851968
437  437 439 851968
438  438 440 851968
439  439 452 851968
440  440 442 851968
441  441 443 851968
442  442 444 851968
443  443 453 851968
444  444 454 851968
445  445 454 851968
446  446 454 851968
447  447 454 851968
448  448 454 851968
449  449 454 851968
450  450 454 851968
451  451 454 851968
452  452 454 851968
453  453 461 851968
454  454 457 106496
455  455 457 32768
456  456 458 851968
457  457 459 851968
458  458 460 851968
459  459 461 851968
460  460 468 851968
461  461 464 532480
462  462 464 163840
463  463 465 851968
464  464 466 851968
465  465 467 851968
466  466 468 851968
467  467 475 851968
468  468 471 851968
469  469 471 262144
470  470 472 851968
471  471 473 851968
472  472 474 851968
473  473 475 851968
474  474 511 851968
475  475 477 851968
476  476 478 851968
477  477 479 851968
478  478 512 851968
479  479 481 851968
480  480 482 851968
481  481 483 851968
482  482 513 851968
483  483 485 851968
484  484 486 851968
485  485 487 851968
486  486 514 851968
487  487 489 851968
488  488 490 851968
489  489 491 851968
490  490 515 851968
491  491 493 851968
492  492 494 851968
493  493 495 851968
494  494 516 851968
495  495 497 851968
496  496 498 851968
497  497 499 851968
498  498 517 851968
499  499 501 851968
500  500 502 851968
501  501 503 851968
502  502 518 851968
503  503 505 851968
504  504 506 851968
505  505 507 851968
506  506 519 851968
507  507 509 851968
508  508 510 851968
509  509 511 851968
510  510 520 851968
511  511 521 2609152
512  512 521 2609152
513  513 521 2609152
514  514 521 2609152
515  515 521 2609152
516  516 521 2609152
517  517 521 2609152
518  518 521 2609152
519  519 521 2609152
520  520 635 2609152
521  521 523 401408
522  522 524 25088
523  523 525 25088
524  524 1537 512
525  525 527 401408
526  526 1538 270336
527  527 529 401408
528  528 530 25088
529  529 531 25088
530  530 1539 512
531  531 533 401408
532  532 1540 409600
533  533 536 409600
534  534 536 401408
535  535 537 2508800
536  536 538 2508800
537  537 621 100352
538  538 540 100352
539  539 541 6272
540  540 542 6272
541  541 1541 128
542  542 544 100352
543  543 1542 67584
544  544 546 1003520
545  545 547 62720
546  546 548 62720
547  547 1543 1280
548  548 550 1003520
549  549 1544 1843200
550  550 553 1843200
551  551 553 1003520
552  552 554 4515840
553  553 555 4515840
554  554 628 501760
555  555 557 501760
556  556 558 31360
557  557 559 31360
558  558 1545 640
559  559 561 501760
560  560 1546 337920
561  561 563 802816
562  562 564 50176
563  563 565 50176
564  564 1547 1024
565  565 567 802816
566  566 1548 540672
567  567 570 270336
568  568 570 401408
569  569 571 1655808
570  570 572 1655808
571  571 576 1655808
572  572 574 1655808
573  573 575 1655808
574  574 577 1655808
575  575 609 1655808
576  576 610 1655808
577  577 579 1655808
578  578 580 1655808
579  579 581 1655808
580  580 611 1655808
581  581 583 1655808
582  582 584 1655808
583  583 585 1655808
584  584 612 1655808
585  585 587 1655808
586  586 588 1655808
587  587 589 1655808
588  588 613 1655808
589  589 591 1655808
590  590 592 1655808
591  591 593 1655808
592  592 614 1655808
593  593 595 1655808
594  594 596 1655808
595  595 597 1655808
596  596 615 1655808
597  597 599 1655808
598  598 600 1655808
599  599 601 1655808
600  600 616 1655808
601  601 603 1655808
602  602 604 1655808
603  603 605 1655808
604  604 617 1655808
605  605 607 1655808
606  606 608 1655808
607  607 609 1655808
608  608 618 1655808
609  609 619 1655808
610  610 619 1655808
611  611 619 1655808
612  612 619 1655808
613  613 619 1655808
614  614 619 1655808
615  615 619 1655808
616  616 619 1655808
617  617 619 1655808
618  618 626 1655808
619  619 622 67584
620  620 622 100352
621  621 623 1655808
622  622 624 1655808
623  623 625 1655808
624  624 626 1655808
625  625 633 1655808
626  626 629 337920
627  627 629 501760
628  628 630 1655808
629  629 631 1655808
630  630 632 1655808
631  631 633 1655808
632  632 640 1655808
633  633 636 540672
634  634 636 802816
635  635 637 1655808
636  636 638 1655808
637  637 639 1655808
638  638 640 1655808
639  639 754 1655808
640  640 642 200704
641  641 643 12544
642  642 644 12544
643  643 1549 256
644  644 646 200704
645  645 1550 131072
646  646 648 200704
647  647 649 12544
648  648 650 12544
649  649 1551 256
650  650 652 200704
651  651 1552 204800
652  652 655 204800
653  653 655 200704
654  654 656 2508800
655  655 657 2508800
656  656 740 100352
657  657 659 100352
658  658 660 6272
659  659 661 6272
660  660 1553 128
661  661 663 100352
662  662 1554 65536
663  663 665 903168
664  664 666 56448
665  665 667 56448
666  666 1555 1152
667  667 669 903168
668  668 1556 1492992
669  669 672 1492992
670  670 672 903168
671  671 673 4064256
672  672 674 4064256
673  673 747 451584
674  674 676 451584
675  675 677 28224
676  676 678 28224
677  677 1557 576
678  678 680 451584
679  679 1558 294912
680  680 682 351232
681  681 683 21952
682  682 684 21952
683  683 1559 448
684  684 686 351232
685  685 1560 229376
686  686 689 131072
687  687 689 200704
688  688 690 1605632
689  689 691 1605632
690  690 695 1605632
691  691 693 1605632
692  692 694 1605632
693  693 696 1605632
694  694 728 1605632
695  695 729 1605632
696  696 698 1605632
697  697 699 1605632
698  698 700 1605632
699  699 730 1605632
700  700 702 1605632
701  701 703 1605632
702  702 704 1605632
703  703 731 1605632
704  704 706 1605632
705  705 707 1605632
706  706 708 1605632
707  707 732 1605632
708  708 710 1605632
709  709 711 1605632
710  710 712 1605632
711  711 733 1605632
712  712 714 1605632
713  713 715 1605632
714  714 716 1605632
715  715 734 1605632
716  716 718 1605632
717  717 719 1605632
718  718 720 1605632
719  719 735 1605632
720  720 722 1605632
721  721 723 1605632
722  722 724 1605632
723  723 736 1605632
724  724 726 1605632
725  725 727 1605632
726  726 728 1605632
727  727 737 1605632
728  728 738 1605632
729  729 738 1605632
730  730 738 1605632
731  731 738 1605632
732  732 738 1605632
733  733 738 1605632
734  734 738 1605632
735  735 738 1605632
736  736 738 1605632
737  737 745 1605632
738  738 741 65536
739  739 741 100352
740  740 742 1605632
741  741 743 1605632
742  742 744 1605632
743  743 745 1605632
744  744 752 1605632
745  745 748 294912
746  746 748 451584
747  747 749 1605632
748  748 750 1605632
749  749 751 1605632
750  750 752 1605632
751  751 759 1605632
752  752 755 229376
753  753 755 351232
754  754 756 1605632
755  755 757 1605632
756  756 758 1605632
757  757 759 1605632
758  758 873 1605632
759  759 761 200704
760  760 762 12544
761  761 763 12544
762  762 1561 256
763  763 765 200704
764  764 1562 131072
765  765 767 200704
766  766 768 12544
767  767 769 12544
768  768 1563 256
769  769 771 200704
770  770 1564 153600
771  771 774 153600
772  772 774 200704
773  773 775 1881600
774  774 776 1881600
775  775 859 75264
776  776 778 75264
777  777 779 4736
778  778 780 4736
779  779 1565 128
780  780 782 75264
781  781 1566 49152
782  782 784 802816
783  783 785 50176
784  784 786 50176
785  785 1567 1024
786  786 788 802816
787  787 1568 1179648
788  788 791 1179648
789  789 791 802816
790  790 792 3612672
791  791 793 3612672
792  792 866 401408
793  793 795 401408
794  794 796 25088
795  795 797 25088
796  796 1569 512
797  797 799 401408
798  798 1570 262144
799  799 801 401408
800  800 802 25088
801  801 803 25088
802  802 1571 512
803  803 805 401408
804  804 1572 262144
805  805 808 131072
806  806 808 200704
807  807 809 1605632
808  808 810 1605632
809  809 814 1605632
810  810 812 1605632
811  811 813 1605632
812  812 815 1605632
813  813 847 1605632
814  814 848 1605632
815  815 817 1605632
816  816 818 1605632
817  817 819 1605632
818  818 849 1605632
819  819 821 1605632
820  820 822 1605632
821  821 823 1605632
822  822 850 1605632
823  823 825 1605632
824  824 826 1605632
825  825 827 1605632
826  826 851 1605632
827  827 829 1605632
828  828 830 1605632
829  829 831 1605632
830  830 852 1605632
831  831 833 1605632
832  832 834 1605632
833  833 835 1605632
834  834 853 1605632
835  835 837 1605632
836  836 838 1605632
837  837 839 1605632
838  838 854 1605632
839  839 841 1605632
840  840 842 1605632
841  841 843 1605632
842  842 855 1605632
843  843 845 1605632
844  844 846 1605632
845  845 847 1605632
846  846 856 1605632
847  847 857 1605632
848  848 857 1605632
849  849 857 1605632
850  850 857 1605632
851  851 857 1605632
852  852 857 1605632
853  853 857 1605632
854  854 857 1605632
855  855 857 1605632
856  856 864 1605632
857  857 860 49152
858  858 860 75264
859  859 861 1605632
860  860 862 1605632
861  861 863 1605632
862  862 864 1605632
863  863 871 1605632
864  864 867 262144
865  865 867 401408
866  866 868 1605632
867  867 869 1605632
868  868 870 1605632
869  869 871 1605632
870  870 878 1605632
871  871 874 262144
872  872 874 401408
873  873 875 1605632
874  874 876 1605632
875  875 877 1605632
876  876 878 1605632
877  877 992 1605632
878  878 880 200704
879  879 881 12544
880  880 882 12544
881  881 1573 256
882  882 884 200704
883  883 1574 131072
884  884 886 200704
885  885 887 12544
886  886 888 12544
887  887 1575 256
888  888 890 200704
889  889 1576 153600
890  890 893 153600
891  891 893 200704
892  892 894 1881600
893  893 895 1881600
894  894 978 75264
895  895 897 75264
896  896 898 4736
897  897 899 4736
898  898 1577 128
899  899 901 75264
900  900 1578 49152
901  901 903 702464
902  902 904 43904
903  903 905 43904
904  904 1579 896
905  905 907 702464
906  906 1580 903168
907  907 910 903168
908  908 910 702464
909  909 911 3161088
910  910 912 3161088
911  911 985 351232
912  912 914 351232
913  913 915 21952
914  914 916 21952
915  915 1581 448
916  916 918 351232
917  917 1582 229376
918  918 920 501760
919  919 921 31360
920  920 922 31360
921  921 1583 640
922  922 924 501760
923  923 1584 327680
924  924 927 131072
925  925 927 200704
926  926 928 1605632
927  927 929 1605632
928  928 933 1605632
929  929 931 1605632
930  930 932 1605632
931  931 934 1605632
932  932 966 1605632
933  933 967 1605632
934  934 936 1605632
935  935 937 1605632
936  936 938 1605632
937  937 968 1605632
938  938 940 1605632
939  939 941 1605632
940  940 942 1605632
941  941 969 1605632
942  942 944 1605632
943  943 945 1605632
944  944 946 1605632
945  945 970 1605632
946  946 948 1605632
947  947 949 1605632
948  948 950 1605632
949  949 971 1605632
950  950 952 1605632
951  951 953 1605632
952  952 954 1605632
953  953 972 1605632
954  954 956 1605632
955  955 957 1605632
956  956 958 1605632
957  957 973 1605632
958  958 960 1605632
959  959 961 1605632
960  960 962 1605632
961  961 974 1605632
962  962 964 1605632
963  963 965 1605632
964  964 966 1605632
965  965 975 1605632
966  966 976 1605632
967  967 976 1605632
968  968 976 1605632
969  969 976 1605632
970  970 976 1605632
971  971 976 1605632
972  972 976 1605632
973  973 976 1605632
974  974 976 1605632
975  975 983 1605632
976  976 979 49152
977  977 979 75264
978  978 980 1605632
979  979 981 1605632
980  980 982 1605632
981  981 983 1605632
982  982 990 1605632
983  983 986 229376
984  984 986 351232
985  985 987 1605632
986  986 988 1605632
987  987 989 1605632
988  988 990 1605632
989  989 997 1605632
990  990 993 327680
991  991 993 501760
992  992 994 1605632
993  993 995 1605632
994  994 996 1605632
995  995 997 1605632
996  996 1111 1605632
997  997 999 200704
998  998 1000 12544
999  999 1001 12544
1000  1000 1585 256
1001  1001 1003 200704
1002  1002 1586 122880
1003  1003 1005 150528
1004  1004 1006 9408
1005  1005 1007 9408
1006  1006 1587 192
1007  1007 1009 150528
1008  1008 1588 76800
1009  1009 1012 76800
1010  1010 1012 150528
1011  1011 1013 1254400
1012  1012 1014 1254400
1013  1013 1097 50176
1014  1014 1016 50176
1015  1015 1017 3136
1016  1016 1018 3136
1017  1017 1589 64
1018  1018 1020 50176
1019  1019 1590 30720
1020  1020 1022 652288
1021  1021 1023 40768
1022  1022 1024 40768
1023  1023 1591 832
1024  1024 1026 652288
1025  1025 1592 718848
1026  1026 1029 718848
1027  1027 1029 652288
1028  1028 1030 2709504
1029  1029 1031 2709504
1030  1030 1104 301056
1031  1031 1033 301056
1032  1032 1034 18816
1033  1033 1035 18816
1034  1034 1593 384
1035  1035 1037 301056
1036  1036 1594 184320
1037  1037 1039 602112
1038  1038 1040 37632
1039  1039 1041 37632
1040  1040 1595 768
1041  1041 1043 602112
1042  1042 1596 368640
1043  1043 1046 122880
1044  1044 1046 200704
1045  1045 1047 1505280
1046  1046 1048 1505280
1047  1047 1052 1505280
1048  1048 1050 1505280
1049  1049 1051 1505280
1050  1050 1053 1505280
1051  1051 1085 1505280
1052  1052 1086 1505280
1053  1053 1055 1505280
1054  1054 1056 1505280
1055  1055 1057 1505280
1056  1056 1087 1505280
1057  1057 1059 1505280
1058  1058 1060 1505280
1059  1059 1061 1505280
1060  1060 1088 1505280
1061  1061 1063 1505280
1062  1062 1064 1505280
1063  1063 1065 1505280
1064  1064 1089 1505280
1065  1065 1067 1505280
1066  1066 1068 1505280
1067  1067 1069 1505280
1068  1068 1090 1505280
1069  1069 1071 1505280
1070  1070 1072 1505280
1071  1071 1073 1505280
1072  1072 1091 1505280
1073  1073 1075 1505280
1074  1074 1076 1505280
1075  1075 1077 1505280
1076  1076 1092 1505280
1077  1077 1079 1505280
1078  1078 1080 1505280
1079  1079 1081 1505280
1080  1080 1093 1505280
1081  1081 1083 1505280
1082  1082 1084 1505280
1083  1083 1085 1505280
1084  1084 1094 1505280
1085  1085 1095 1505280
1086  1086 1095 1505280
1087  1087 1095 1505280
1088  1088 1095 1505280
1089  1089 1095 1505280
1090  1090 1095 1505280
1091  1091 1095 1505280
1092  1092 1095 1505280
1093  1093 1095 1505280
1094  1094 1102 1505280
1095  1095 1098 30720
1096  1096 1098 50176
1097  1097 1099 1505280
1098  1098 1100 1505280
1099  1099 1101 1505280
1100  1100 1102 1505280
1101  1101 1109 1505280
1102  1102 1105 184320
1103  1103 1105 301056
1104  1104 1106 1505280
1105  1105 1107 1505280
1106  1106 1108 1505280
1107  1107 1109 1505280
1108  1108 1116 1505280
1109  1109 1112 368640
1110  1110 1112 602112
1111  1111 1113 1505280
1112  1112 1114 1505280
1113  1113 1115 1505280
1114  1114 1116 1505280
1115  1115 1152 1505280
1116  1116 1118 1505280
1117  1117 1119 1505280
1118  1118 1120 1505280
1119  1119 1153 1505280
1120  1120 1122 1505280
1121  1121 1123 1505280
1122  1122 1124 1505280
1123  1123 1154 1505280
1124  1124 1126 1505280
1125  1125 1127 1505280
1126  1126 1128 1505280
1127  1127 1155 1505280
1128  1128 1130 1505280
1129  1129 1131 1505280
1130  1130 1132 1505280
1131  1131 1156 1505280
1132  1132 1134 1505280
1133  1133 1135 1505280
1134  1134 1136 1505280
1135  1135 1157 1505280
1136  1136 1138 1505280
1137  1137 1139 1505280
1138  1138 1140 1505280
1139  1139 1158 1505280
1140  1140 1142 1505280
1141  1141 1143 1505280
1142  1142 1144 1505280
1143  1143 1159 1505280
1144  1144 1146 1505280
1145  1145 1147 1505280
1146  1146 1148 1505280
1147  1147 1160 1505280
1148  1148 1150 1505280
1149  1149 1151 1505280
1150  1150 1152 1505280
1151  1151 1161 1505280
1152  1152 1162 6021120
1153  1153 1162 6021120
1154  1154 1162 6021120
1155  1155 1162 6021120
1156  1156 1162 6021120
1157  1157 1162 6021120
1158  1158 1162 6021120
1159  1159 1162 6021120
1160  1160 1162 6021120
1161  1161 1276 6021120
1162  1162 1164 802816
1163  1163 1165 50176
1164  1164 1166 50176
1165  1165 1597 256
1166  1166 1168 802816
1167  1167 1598 65536
1168  1168 1170 1204224
1169  1169 1171 75264
1170  1170 1172 75264
1171  1171 1599 384
1172  1172 1174 1204224
1173  1173 1600 307200
1174  1174 1177 307200
1175  1175 1177 1204224
1176  1176 1178 10035200
1177  1177 1179 10035200
1178  1178 1262 401408
1179  1179 1181 401408
1180  1180 1182 25088
1181  1181 1183 25088
1182  1182 1601 128
1183  1183 1185 401408
1184  1184 1602 32768
1185  1185 1187 2408448
1186  1186 1188 150528
1187  1187 1189 150528
1188  1188 1603 768
1189  1189 1191 2408448
1190  1190 1604 884736
1191  1191 1194 884736
1192  1192 1194 2408448
1193  1193 1195 14450688
1194  1194 1196 14450688
1195  1195 1269 1605632
1196  1196 1198 1605632
1197  1197 1199 100352
1198  1198 1200 100352
1199  1199 1605 512
1200  1200 1202 1605632
1201  1201 1606 131072
1202  1202 1204 1605632
1203  1203 1205 100352
1204  1204 1206 100352
1205  1205 1607 512
1206  1206 1208 1605632
1207  1207 1608 131072
1208  1208 1211 65536
1209  1209 1211 802816
1210  1210 1212 3211264
1211  1211 1213 3211264
1212  1212 1217 3211264
1213  1213 1215 3211264
1214  1214 1216 3211264
1215  1215 1218 3211264
1216  1216 1250 3211264
1217  1217 1251 3211264
1218  1218 1220 3211264
1219  1219 1221 3211264
1220  1220 1222 3211264
1221  1221 1252 3211264
1222  1222 1224 3211264
1223  1223 1225 3211264
1224  1224 1226 3211264
1225  1225 1253 3211264
1226  1226 1228 3211264
1227  1227 1229 3211264
1228  1228 1230 3211264
1229  1229 1254 3211264
1230  1230 1232 3211264
1231  1231 1233 3211264
1232  1232 1234 3211264
1233  1233 1255 3211264
1234  1234 1236 3211264
1235  1235 1237 3211264
1236  1236 1238 3211264
1237  1237 1256 3211264
1238  1238 1240 3211264
1239  1239 1241 3211264
1240  1240 1242 3211264
1241  1241 1257 3211264
1242  1242 1244 3211264
1243  1243 1245 3211264
1244  1244 1246 3211264
1245  1245 1258 3211264
1246  1246 1248 3211264
1247  1247 1249 3211264
1248  1248 1250 3211264
1249  1249 1259 3211264
1250  1250 1260 3211264
1251  1251 1260 3211264
1252  1252 1260 3211264
1253  1253 1260 3211264
1254  1254 1260 3211264
1255  1255 1260 3211264
1256  1256 1260 3211264
1257  1257 1260 3211264
1258  1258 1260 3211264
1259  1259 1267 3211264
1260  1260 1263 32768
1261  1261 1263 401408
1262  1262 1264 3211264
1263  1263 1265 3211264
1264  1264 1266 3211264
1265  1265 1267 3211264
1266  1266 1274 3211264
1267  1267 1270 131072
1268  1268 1270 1605632
1269  1269 1271 3211264
1270  1270 1272 3211264
1271  1271 1273 3211264
1272  1272 1274 3211264
1273  1273 1281 3211264
1274  1274 1277 131072
1275  1275 1277 1605632
1276  1276 1278 3211264
1277  1277 1279 3211264
1278  1278 1280 3211264
1279  1279 1281 3211264
1280  1280 1395 3211264
1281  1281 1283 401408
1282  1282 1284 25088
1283  1283 1285 25088
1284  1284 1609 128
1285  1285 1287 401408
1286  1286 1610 24576
1287  1287 1289 401408
1288  1288 1290 25088
1289  1289 1291 25088
1290  1290 1611 128
1291  1291 1293 401408
1292  1292 1612 51200
1293  1293 1296 51200
1294  1294 1296 401408
1295  1295 1297 5017600
1296  1296 1298 5017600
1297  1297 1381 200704
1298  1298 1300 200704
1299  1299 1301 12544
1300  1300 1302 12544
1301  1301 1613 64
1302  1302 1304 200704
1303  1303 1614 12288
1304  1304 1306 1605632
1305  1305 1307 100352
1306  1306 1308 100352
1307  1307 1615 512
1308  1308 1310 1605632
1309  1309 1616 442368
1310  1310 1313 442368
1311  1311 1313 1605632
1312  1312 1314 10838016
1313  1313 1315 10838016
1314  1314 1388 1204224
1315  1315 1317 1204224
1316  1316 1318 75264
1317  1317 1319 75264
1318  1318 1617 384
1319  1319 1321 1204224
1320  1320 1618 73728
1321  1321 1323 802816
1322  1322 1324 50176
1323  1323 1325 50176
1324  1324 1619 256
1325  1325 1327 802816
1326  1326 1620 49152
1327  1327 1330 24576
1328  1328 1330 401408
1329  1329 1331 2408448
1330  1330 1332 2408448
1331  1331 1336 2408448
1332  1332 1334 2408448
1333  1333 1335 2408448
1334  1334 1337 2408448
1335  1335 1369 2408448
1336  1336 1370 2408448
1337  1337 1339 2408448
1338  1338 1340 2408448
1339  1339 1341 2408448
1340  1340 1371 2408448
1341  1341 1343 2408448
1342  1342 1344 2408448
1343  1343 1345 2408448
1344  1344 1372 2408448
1345  1345 1347 2408448
1346  1346 1348 2408448
1347  1347 1349 2408448
1348  1348 1373 2408448
1349  1349 1351 2408448
1350  1350 1352 2408448
1351  1351 1353 2408448
1352  1352 1374 2408448
1353  1353 1355 2408448
1354  1354 1356 2408448
1355  1355 1357 2408448
1356  1356 1375 2408448
1357  1357 1359 2408448
1358  1358 1360 2408448
1359  1359 1361 2408448
1360  1360 1376 2408448
1361  1361 1363 2408448
1362  1362 1364 2408448
1363  1363 1365 2408448
1364  1364 1377 2408448
1365  1365 1367 2408448
1366  1366 1368 2408448
1367  1367 1369 2408448
1368  1368 1378 2408448
1369  1369 1379 2408448
1370  1370 1379 2408448
1371  1371 1379 2408448
1372  1372 1379 2408448
1373  1373 1379 2408448
1374  1374 1379 2408448
1375  1375 1379 2408448
1376  1376 1379 2408448
1377  1377 1379 2408448
1378  1378 1386 2408448
1379  1379 1382 12288
1380  1380 1382 200704
1381  1381 1383 2408448
1382  1382 1384 2408448
1383  1383 1385 2408448
1384  1384 1386 2408448
1385  1385 1393 2408448
1386  1386 1389 73728
1387  1387 1389 1204224
1388  1388 1390 2408448
1389  1389 1391 2408448
1390  1390 1392 2408448
1391  1391 1393 2408448
1392  1392 1400 2408448
1393  1393 1396 49152
1394  1394 1396 802816
1395  1395 1397 2408448
1396  1396 1398 2408448
1397  1397 1399 2408448
1398  1398 1400 2408448
1399  1399 1436 2408448
1400  1400 1402 2408448
1401  1401 1403 2408448
1402  1402 1404 2408448
1403  1403 1437 2408448
1404  1404 1406 2408448
1405  1405 1407 2408448
1406  1406 1408 2408448
1407  1407 1438 2408448
1408  1408 1410 2408448
1409  1409 1411 2408448
1410  1410 1412 2408448
1411  1411 1439 2408448
1412  1412 1414 2408448
1413  1413 1415 2408448
1414  1414 1416 2408448
1415  1415 1440 2408448
1416  1416 1418 2408448
1417  1417 1419 2408448
1418  1418 1420 2408448
1419  1419 1441 2408448
1420  1420 1422 2408448
1421  1421 1423 2408448
1422  1422 1424 2408448
1423  1423 1442 2408448
1424  1424 1426 2408448
1425  1425 1427 2408448
1426  1426 1428 2408448
1427  1427 1443 2408448
1428  1428 1430 2408448
1429  1429 1431 2408448
1430  1430 1432 2408448
1431  1431 1444 2408448
1432  1432 1434 2408448
1433  1433 1435 2408448
1434  1434 1436 2408448
1435  1435 1445 2408448
1436  1436 1446 9633792
1437  1437 1446 9633792
1438  1438 1446 9633792
1439  1439 1446 9633792
1440  1440 1446 9633792
1441  1441 1446 9633792
1442  1442 1446 9633792
1443  1443 1446 9633792
1444  1444 1446 9633792
1445  1445 1454 9633792
1446  1446 1448 9633792
1447  1447 1449 602112
1448  1448 1450 602112
1449  1449 1621 768
1450  1450 1452 9633792
1451  1451 1622 442368
1452  1452 1455 442368
1453  1453 1455 9633792
1454  1454 1456 28901376
1455  1455 1457 115605504
1456  1456 1461 12845056
1457  1457 1459 12845056
1458  1458 1460 12845056
1459  1459 1462 12845056
1460  1460 1494 12845056
1461  1461 1495 12845056
1462  1462 1464 12845056
1463  1463 1465 12845056
1464  1464 1466 12845056
1465  1465 1496 12845056
1466  1466 1468 12845056
1467  1467 1469 12845056
1468  1468 1470 12845056
1469  1469 1497 12845056
1470  1470 1472 12845056
1471  1471 1473 12845056
1472  1472 1474 12845056
1473  1473 1498 12845056
1474  1474 1476 12845056
1475  1475 1477 12845056
1476  1476 1478 12845056
1477  1477 1499 12845056
1478  1478 1480 12845056
1479  1479 1481 12845056
1480  1480 1482 12845056
1481  1481 1500 12845056
1482  1482 1484 12845056
1483  1483 1485 12845056
1484  1484 1486 12845056
1485  1485 1501 12845056
1486  1486 1488 12845056
1487  1487 1489 12845056
1488  1488 1490 12845056
1489  1489 1502 12845056
1490  1490 1492 12845056
1491  1491 1493 12845056
1492  1492 1494 12845056
1493  1493 1503 12845056
1494  1494 1504 51380224
1495  1495 1504 51380224
1496  1496 1504 51380224
1497  1497 1504 51380224
1498  1498 1504 51380224
1499  1499 1504 51380224
1500  1500 1504 51380224
1501  1501 1504 51380224
1502  1502 1504 51380224
1503  1503 1509 51380224
1504  1504 1506 51380224
1505  1505 1507 3211264
1506  1506 1508 3211264
1507  1507 1623 256
1508  1508 1510 51380224
1509  1509 1624 37632
1510  1510 1624 64
1511  1511 1624 40960
1512  1512 1624 512
1513  1513 1624 425984
1514  1514 1624 512
1515  1515 1624 614400
1516  1516 1624 192
1517  1517 1624 159744
1518  1518 1624 1536
1519  1519 1624 2654208
1520  1520 1624 768
1521  1521 1624 638976
1522  1522 1624 1536
1523  1523 1624 1277952
1524  1524 1624 512
1525  1525 1624 425984
1526  1526 1624 512
1527  1527 1624 409600
1528  1528 1624 128
1529  1529 1624 106496
1530  1530 1624 1280
1531  1531 1624 1843200
1532  1532 1624 640
1533  1533 1624 532480
1534  1534 1624 1024
1535  1535 1624 851968
1536  1536 1624 512
1537  1537 1624 270336
1538  1538 1624 512
1539  1539 1624 409600
1540  1540 1624 128
1541  1541 1624 67584
1542  1542 1624 1280
1543  1543 1624 1843200
1544  1544 1624 640
1545  1545 1624 337920
1546  1546 1624 1024
1547  1547 1624 540672
1548  1548 1624 256
1549  1549 1624 131072
1550  1550 1624 256
1551  1551 1624 204800
1552  1552 1624 128
1553  1553 1624 65536
1554  1554 1624 1152
1555  1555 1624 1492992
1556  1556 1624 576
1557  1557 1624 294912
1558  1558 1624 448
1559  1559 1624 229376
1560  1560 1624 256
1561  1561 1624 131072
1562  1562 1624 256
1563  1563 1624 153600
1564  1564 1624 128
1565  1565 1624 49152
1566  1566 1624 1024
1567  1567 1624 1179648
1568  1568 1624 512
1569  1569 1624 262144
1570  1570 1624 512
1571  1571 1624 262144
1572  1572 1624 256
1573  1573 1624 131072
1574  1574 1624 256
1575  1575 1624 153600
1576  1576 1624 128
1577  1577 1624 49152
1578  1578 1624 896
1579  1579 1624 903168
1580  1580 1624 448
1581  1581 1624 229376
1582  1582 1624 640
1583  1583 1624 327680
1584  1584 1624 256
1585  1585 1624 122880
1586  1586 1624 192
1587  1587 1624 76800
1588  1588 1624 64
1589  1589 1624 30720
1590  1590 1624 832
1591  1591 1624 718848
1592  1592 1624 384
1593  1593 1624 184320
1594  1594 1624 768
1595  1595 1624 368640
1596  1596 1624 256
1597  1597 1624 65536
1598  1598 1624 384
1599  1599 1624 307200
1600  1600 1624 128
1601  1601 1624 32768
1602  1602 1624 768
1603  1603 1624 884736
1604  1604 1624 512
1605  1605 1624 131072
1606  1606 1624 512
1607  1607 1624 131072
1608  1608 1624 128
1609  1609 1624 24576
1610  1610 1624 128
1611  1611 1624 51200
1612  1612 1624 64
1613  1613 1624 12288
1614  1614 1624 512
1615  1615 1624 442368
1616  1616 1624 384
1617  1617 1624 73728
1618  1618 1624 256
1619  1619 1624 49152
1620  1620 1624 768
1621  1621 1624 442368
1622  1622 1624 256
1623  1623 1624 37632
