7:0  7 8 128
7:1  7 8 64
18:0  18 19 1806336
20:0  20 21 37632
20:1  20 21 22278144
20:2  20 21 9633792
20:3  20 21 14144
21:0  21 22 9633792
23:0  23 24 2408448
25:0  25 26 442368
25:1  25 26 5419008
25:2  25 26 1806336
25:3  25 26 1354752
25:4  25 26 110592
25:59  25 26 338688
25:60  25 26 27648
25:67  25 26 13824
26:0  26 27 1806336
28:0  28 29 451584
30:0  30 31 49152
30:1  30 31 451584
30:2  30 31 150528
30:3  30 31 18432
32:0  32 33 73728
32:1  32 33 451584
32:2  32 33 225792
32:3  32 33 18432
33:0  33 34 225792
34:0  34 35 225792
36:0  36 37 442368
36:1  36 37 2032128
36:2  36 37 301056
36:3  36 37 497664
36:4  36 37 110592
36:11  36 37 41472
36:12  36 37 82944
38:0  38 39 12288
38:1  38 39 451584
38:2  38 39 37632
38:3  38 39 18432
39:0  39 40 37632
40:0  40 41 37632
42:0  42 43 51200
42:1  42 43 940800
42:2  42 43 75264
42:3  42 43 38400
44:0  44 45 451584
46:0  46 47 24576
46:1  46 47 451584
46:2  46 47 75264
46:3  46 47 18432
47:0  47 48 602112
48:0  48 49 602112
50:0  50 51 131072
50:1  50 51 602112
50:2  50 51 301056
50:3  50 51 147456
50:4  50 51 32768
50:11  50 51 12288
50:12  50 51 24576
52:0  52 53 131072
52:1  52 53 602112
52:2  52 53 301056
52:3  52 53 147456
52:4  52 53 32768
52:11  52 53 12288
52:12  52 53 24576
53:0  53 54 301056
54:0  54 55 301056
56:0  56 57 884736
56:1  56 57 2709504
56:2  56 57 451584
56:3  56 57 663552
56:4  56 57 221184
56:59  56 57 165888
56:60  56 57 55296
56:67  56 57 27648
56:68  56 57 110592
58:0  58 59 32768
58:1  58 59 602112
58:2  58 59 75264
58:3  58 59 24576
59:0  59 60 75264
60:0  60 61 75264
62:0  62 63 307200
62:1  62 63 1881600
62:2  62 63 225792
62:3  62 63 460800
62:4  62 63 76800
62:11  62 63 38400
62:12  62 63 76800
64:0  64 65 602112
66:0  66 67 65536
66:1  66 67 602112
66:2  66 67 150528
66:3  66 67 24576
67:0  67 68 1128960
69:0  69 70 282240
71:0  71 72 368640
71:1  71 72 282240
71:2  71 72 112896
71:3  71 72 69120
71:4  71 72 92160
71:11  71 72 23040
71:12  71 72 46080
73:0  73 74 184320
73:1  73 74 282240
73:2  73 74 56448
73:3  73 74 46080
74:0  74 75 56448
75:0  75 76 56448
77:0  77 78 718848
77:1  77 78 508032
77:2  77 78 122304
77:3  77 78 124416
77:4  77 78 179712
77:11  77 78 41472
77:12  77 78 82944
79:0  79 80 30720
79:1  79 80 282240
79:2  79 80 9408
79:3  79 80 46080
80:0  80 81 9408
81:0  81 82 9408
83:0  83 84 76800
83:1  83 84 235200
83:2  83 84 28224
83:3  83 84 38400
85:0  85 86 282240
87:0  87 88 122880
87:1  87 88 282240
87:2  87 88 37632
87:3  87 88 46080
88:0  88 89 301056
89:0  89 90 301056
91:0  91 92 327680
91:1  91 92 301056
91:2  91 92 94080
91:3  91 92 73728
91:4  91 92 81920
91:11  91 92 24576
91:12  91 92 49152
93:0  93 94 229376
93:1  93 94 301056
93:2  93 94 65856
93:3  93 94 49152
94:0  94 95 65856
95:0  95 96 65856
97:0  97 98 903168
97:1  97 98 592704
97:2  97 98 131712
97:3  97 98 145152
97:4  97 98 225792
97:11  97 98 48384
97:12  97 98 96768
99:0  99 100 49152
99:1  99 100 301056
99:2  99 100 14144
99:3  99 100 49152
100:0  100 101 14144
101:0  101 102 14144
103:0  103 104 153600
103:1  103 104 352832
103:2  103 104 37632
103:3  103 104 57600
105:0  105 106 301056
107:0  107 108 131072
107:1  107 108 301056
107:2  107 108 37632
107:3  107 108 49152
108:0  108 109 301056
109:0  109 110 301056
111:0  111 112 262144
111:1  111 112 301056
111:2  111 112 75264
111:3  111 112 49152
113:0  113 114 262144
113:1  113 114 301056
113:2  113 114 75264
113:3  113 114 49152
114:0  114 115 75264
115:0  115 116 75264
117:0  117 118 1179648
117:1  117 118 677376
117:2  117 118 150528
117:3  117 118 165888
117:4  117 118 294912
117:11  117 118 55296
117:12  117 118 110592
119:0  119 120 49152
119:1  119 120 301056
119:2  119 120 14144
119:3  119 120 49152
120:0  120 121 14144
121:0  121 122 14144
123:0  123 124 153600
123:1  123 124 352832
123:2  123 124 37632
123:3  123 124 57600
125:0  125 126 301056
127:0  127 128 131072
127:1  127 128 301056
127:2  127 128 37632
127:3  127 128 49152
128:0  128 129 301056
129:0  129 130 301056
131:0  131 132 229376
131:1  131 132 301056
131:2  131 132 65856
131:3  131 132 49152
133:0  133 134 294912
133:1  133 134 301056
133:2  133 134 84672
133:3  133 134 49152
134:0  134 135 84672
135:0  135 136 84672
137:0  137 138 1492992
137:1  137 138 762048
137:2  137 138 169344
137:3  137 138 186624
137:4  137 138 373248
137:11  137 138 62208
137:12  137 138 124416
139:0  139 140 65536
139:1  139 140 301056
139:2  139 140 18816
139:3  139 140 49152
140:0  140 141 18816
141:0  141 142 18816
143:0  143 144 204800
143:1  143 144 470400
143:2  143 144 37632
143:3  143 144 76800
145:0  145 146 301056
147:0  147 148 131072
147:1  147 148 301056
147:2  147 148 37632
147:3  147 148 49152
148:0  148 149 310464
149:0  149 150 310464
151:0  151 152 540672
151:1  151 152 310464
151:2  151 152 150528
151:3  151 152 76032
151:4  151 152 135168
151:11  151 152 25344
151:12  151 152 50688
153:0  153 154 337920
153:1  153 154 310464
153:2  153 154 94080
153:3  153 154 76032
153:4  153 154 84480
153:11  153 154 25344
153:12  153 154 50688
154:0  154 155 94080
155:0  155 156 94080
157:0  157 158 1843200
157:1  157 158 846720
157:2  157 158 188160
157:3  157 158 207360
157:4  157 158 460800
157:11  157 158 69120
157:12  157 158 138240
159:0  159 160 67584
159:1  159 160 310464
159:2  159 160 18816
159:3  159 160 50688
160:0  160 161 18816
161:0  161 162 18816
163:0  163 164 409600
163:1  163 164 470400
163:2  163 164 75264
163:3  163 164 76800
165:0  165 166 310464
167:0  167 168 270336
167:1  167 168 310464
167:2  167 168 75264
167:3  167 168 50688
168:0  168 169 489216
170:0  170 171 159744
172:0  172 173 851968
172:1  172 173 159744
172:2  172 173 49152
172:3  172 173 79872
174:0  174 175 532480
174:1  174 175 159744
174:2  174 175 30720
174:3  174 175 79872
175:0  175 176 30720
176:0  176 177 30720
178:0  178 179 1843200
178:1  178 179 276480
178:2  178 179 61440
178:3  178 179 138240
180:0  180 181 106496
180:1  180 181 159744
180:2  180 181 6144
180:3  180 181 79872
181:0  181 182 6144
182:0  182 183 6144
184:0  184 185 409600
184:1  184 185 153600
184:2  184 185 24576
184:3  184 185 76800
186:0  186 187 159744
188:0  188 189 425984
188:1  188 189 159744
188:2  188 189 24576
188:3  188 189 79872
189:0  189 190 159744
190:0  190 191 159744
192:0  192 193 1277952
192:1  192 193 159744
192:2  192 193 73728
192:3  192 193 79872
194:0  194 195 638976
194:1  194 195 159744
194:2  194 195 36864
194:3  194 195 79872
195:0  195 196 36864
196:0  196 197 36864
198:0  198 199 2654208
198:1  198 199 331776
198:2  198 199 73728
198:3  198 199 165888
200:0  200 201 159744
200:1  200 201 159744
200:2  200 201 9216
200:3  200 201 79872
201:0  201 202 9216
202:0  202 203 9216
204:0  204 205 614400
204:1  204 205 230400
204:2  204 205 24576
204:3  204 205 115200
206:0  206 207 159744
208:0  208 209 425984
208:1  208 209 159744
208:2  208 209 24576
208:3  208 209 79872
209:0  209 210 196608
211:0  211 212 12288
213:0  213 214 49152
213:1  213 214 12288
213:2  213 214 192
213:3  213 1624 64
213:4  213 214 98304
215:0  215 216 128
229:0  229 230 192
229:1  229 230 16384
229:2  229 230 49152
229:3  229 230 320
232:0  232 233 192
232:1  232 233 49152
232:2  232 233 16384
232:3  232 233 960
242:0  242 243 24576
242:1  242 243 159744
242:2  242 243 425984
242:3  242 243 4608
248:0  248 249 24576
248:1  248 249 230400
248:2  248 249 614400
248:3  248 249 4608
251:0  251 252 24576
251:1  251 252 614400
251:2  251 252 230400
251:3  251 252 12288
259:0  259 260 9216
259:1  259 260 159744
259:2  259 260 159744
259:3  259 260 4608
265:0  265 266 73728
265:1  265 266 331776
265:2  265 266 2654208
265:3  265 266 4608
268:0  268 269 73728
268:1  268 269 2654208
268:2  268 269 331776
268:3  268 269 36864
276:0  276 277 36864
276:1  276 277 159744
276:2  276 277 638976
276:3  276 277 4608
282:0  282 283 73728
282:1  282 283 159744
282:2  282 283 1277952
282:3  282 283 4608
285:0  285 286 24576
285:1  285 286 425984
285:2  285 286 159744
285:3  285 286 12288
291:0  291 292 159744
337:0  337 338 9216
337:1  337 338 159744
337:2  337 338 159744
337:3  337 338 4608
340:0  340 341 159744
344:0  344 345 36864
344:1  344 345 638976
344:2  344 345 159744
344:3  344 345 18432
347:0  347 348 159744
351:0  351 352 73728
351:1  351 352 1277952
351:2  351 352 159744
351:3  351 352 36864
354:0  354 355 159744
356:0  356 357 159744
360:0  360 361 159744
361:0  361 362 24576
361:1  361 362 159744
361:2  361 362 425984
361:3  361 362 4608
362:0  362 363 159744
366:0  366 367 159744
367:0  367 368 24576
367:1  367 368 153600
367:2  367 368 409600
367:3  367 368 4608
369:0  369 370 159744
370:0  370 371 24576
370:1  370 371 409600
370:2  370 371 153600
370:3  370 371 12288
378:0  378 379 6144
378:1  378 379 159744
378:2  378 379 106496
378:3  378 379 4608
379:0  379 380 159744
383:0  383 384 159744
384:0  384 385 61440
384:1  384 385 276480
384:2  384 385 1843200
384:3  384 385 4608
386:0  386 387 159744
387:0  387 388 61440
387:1  387 388 1843200
387:2  387 388 276480
387:3  387 388 30720
395:0  395 396 30720
395:1  395 396 159744
395:2  395 396 532480
395:3  395 396 4608
396:0  396 397 159744
400:0  400 401 159744
401:0  401 402 49152
401:1  401 402 159744
401:2  401 402 851968
401:3  401 402 4608
403:0  403 404 159744
404:0  404 405 24576
404:1  404 405 425984
404:2  404 405 159744
404:3  404 405 12288
410:0  410 411 159744
456:0  456 457 6144
456:1  456 457 106496
456:2  456 457 159744
456:3  456 457 3072
459:0  459 460 159744
463:0  463 464 30720
463:1  463 464 532480
463:2  463 464 159744
463:3  463 464 15360
466:0  466 467 159744
469:0  469 470 159744
470:0  470 471 49152
470:1  470 471 851968
470:2  470 471 159744
470:3  470 471 24576
473:0  473 474 159744
521:0  521 522 489216
525:0  525 526 489216
526:0  526 527 75264
526:1  526 527 312576
526:2  526 527 270336
526:3  526 527 14144
527:0  527 528 489216
531:0  531 532 489216
532:0  532 533 75264
532:1  532 533 473600
532:2  532 533 409600
532:3  532 533 14144
534:0  534 535 489216
535:0  535 536 75776
535:1  535 536 409600
535:2  535 536 473600
535:3  535 536 12288
543:0  543 544 18816
543:1  543 544 312576
543:2  543 544 67584
543:3  543 544 14144
544:0  544 545 489216
548:0  548 549 489216
549:0  549 550 188160
549:1  549 550 852480
549:2  549 550 1843200
549:3  549 550 14144
551:0  551 552 489216
552:0  552 553 189440
552:1  552 553 1843200
552:2  552 553 852480
552:3  552 553 460800
552:4  552 553 46080
552:11  552 553 15360
552:12  552 553 30720
560:0  560 561 94080
560:1  560 561 312576
560:2  560 561 337920
560:3  560 561 14144
561:0  561 562 489216
565:0  565 566 489216
566:0  566 567 150528
566:1  566 567 312576
566:2  566 567 540672
566:3  566 567 14144
568:0  568 569 489216
569:0  569 570 75776
569:1  569 570 270336
569:2  569 570 312576
569:3  569 570 12288
575:0  575 576 310464
621:0  621 622 18944
621:1  621 622 67584
621:2  621 622 312576
621:3  621 622 3072
624:0  624 625 310464
628:0  628 629 94720
628:1  628 629 337920
628:2  628 629 312576
628:3  628 629 15360
631:0  631 632 310464
634:0  634 635 489216
635:0  635 636 151552
635:1  635 636 540672
635:2  635 636 312576
635:3  635 636 135168
635:4  635 636 36864
635:11  635 636 12288
635:12  635 636 24576
638:0  638 639 310464
640:0  640 641 310464
644:0  644 645 310464
645:0  645 646 37632
645:1  645 646 303104
645:2  645 646 131072
645:3  645 646 14144
646:0  646 647 310464
650:0  650 651 310464
651:0  651 652 37632
651:1  651 652 473600
651:2  651 652 204800
651:3  651 652 14144
653:0  653 654 310464
654:0  654 655 37888
654:1  654 655 204800
654:2  654 655 473600
654:3  654 655 6144
662:0  662 663 18816
662:1  662 663 303104
662:2  662 663 65536
662:3  662 663 14144
663:0  663 664 310464
667:0  667 668 310464
668:0  668 669 169344
668:1  668 669 767232
668:2  668 669 1492992
668:3  668 669 14144
670:0  670 671 310464
671:0  671 672 170496
671:1  671 672 1492992
671:2  671 672 767232
671:3  671 672 373248
671:4  671 672 41472
671:11  671 672 13824
671:12  671 672 27648
679:0  679 680 84672
679:1  679 680 303104
679:2  679 680 294912
679:3  679 680 14144
680:0  680 681 310464
684:0  684 685 310464
685:0  685 686 65856
685:1  685 686 303104
685:2  685 686 229376
685:3  685 686 14144
687:0  687 688 310464
688:0  688 689 37888
688:1  688 689 131072
688:2  688 689 303104
688:3  688 689 6144
694:0  694 695 301056
740:0  740 741 18944
740:1  740 741 65536
740:2  740 741 303104
740:3  740 741 3072
743:0  743 744 301056
747:0  747 748 85248
747:1  747 748 294912
747:2  747 748 303104
747:3  747 748 13824
750:0  750 751 301056
753:0  753 754 310464
754:0  754 755 66304
754:1  754 755 229376
754:2  754 755 303104
754:3  754 755 10752
757:0  757 758 301056
759:0  759 760 301056
763:0  763 764 301056
764:0  764 765 37632
764:1  764 765 303104
764:2  764 765 131072
764:3  764 765 14144
765:0  765 766 301056
769:0  769 770 301056
770:0  770 771 37632
770:1  770 771 355200
770:2  770 771 153600
770:3  770 771 14144
772:0  772 773 301056
773:0  773 774 37888
773:1  773 774 153600
773:2  773 774 355200
773:3  773 774 6144
781:0  781 782 14144
781:1  781 782 303104
781:2  781 782 49152
781:3  781 782 14144
782:0  782 783 301056
786:0  786 787 301056
787:0  787 788 150528
787:1  787 788 681984
787:2  787 788 1179648
787:3  787 788 14144
789:0  789 790 301056
790:0  790 791 151552
790:1  790 791 1179648
790:2  790 791 681984
790:3  790 791 294912
790:4  790 791 36864
790:11  790 791 12288
790:12  790 791 24576
798:0  798 799 75264
798:1  798 799 303104
798:2  798 799 262144
798:3  798 799 14144
799:0  799 800 301056
803:0  803 804 301056
804:0  804 805 75264
804:1  804 805 303104
804:2  804 805 262144
804:3  804 805 14144
806:0  806 807 301056
807:0  807 808 37888
807:1  807 808 131072
807:2  807 808 303104
807:3  807 808 6144
813:0  813 814 301056
859:0  859 860 14208
859:1  859 860 49152
859:2  859 860 303104
859:3  859 860 2304
862:0  862 863 301056
866:0  866 867 75776
866:1  866 867 262144
866:2  866 867 303104
866:3  866 867 12288
869:0  869 870 301056
872:0  872 873 301056
873:0  873 874 75776
873:1  873 874 262144
873:2  873 874 303104
873:3  873 874 12288
876:0  876 877 301056
878:0  878 879 301056
882:0  882 883 301056
883:0  883 884 37632
883:1  883 884 303104
883:2  883 884 131072
883:3  883 884 14144
884:0  884 885 301056
888:0  888 889 301056
889:0  889 890 37632
889:1  889 890 355200
889:2  889 890 153600
889:3  889 890 14144
891:0  891 892 301056
892:0  892 893 37888
892:1  892 893 153600
892:2  892 893 355200
892:3  892 893 6144
900:0  900 901 14144
900:1  900 901 303104
900:2  900 901 49152
900:3  900 901 14144
901:0  901 902 301056
905:0  905 906 301056
906:0  906 907 131712
906:1  906 907 596736
906:2  906 907 903168
906:3  906 907 14144
908:0  908 909 301056
909:0  909 910 132608
909:1  909 910 903168
909:2  909 910 596736
909:3  909 910 225792
909:4  909 910 32256
909:11  909 910 10752
909:12  909 910 21504
917:0  917 918 65856
917:1  917 918 303104
917:2  917 918 229376
917:3  917 918 14144
918:0  918 919 301056
922:0  922 923 301056
923:0  923 924 94080
923:1  923 924 303104
923:2  923 924 327680
923:3  923 924 14144
925:0  925 926 301056
926:0  926 927 37888
926:1  926 927 131072
926:2  926 927 303104
926:3  926 927 6144
932:0  932 933 301056
978:0  978 979 14208
978:1  978 979 49152
978:2  978 979 303104
978:3  978 979 2304
981:0  981 982 301056
985:0  985 986 66304
985:1  985 986 229376
985:2  985 986 303104
985:3  985 986 10752
988:0  988 989 301056
991:0  991 992 301056
992:0  992 993 94720
992:1  992 993 327680
992:2  992 993 303104
992:3  992 993 15360
995:0  995 996 301056
997:0  997 998 301056
1001:0  1001 1002 301056
1002:0  1002 1003 37632
1002:1  1002 1003 284160
1002:2  1002 1003 122880
1002:3  1002 1003 14144
1003:0  1003 1004 301056
1007:0  1007 1008 301056
1008:0  1008 1009 28224
1008:1  1008 1009 236800
1008:2  1008 1009 76800
1008:3  1008 1009 14144
1010:0  1010 1011 301056
1011:0  1011 1012 28416
1011:1  1011 1012 76800
1011:2  1011 1012 236800
1011:3  1011 1012 4608
1019:0  1019 1020 9408
1019:1  1019 1020 284160
1019:2  1019 1020 30720
1019:3  1019 1020 14144
1020:0  1020 1021 301056
1024:0  1024 1025 301056
1025:0  1025 1026 122304
1025:1  1025 1026 511488
1025:2  1025 1026 718848
1025:3  1025 1026 14144
1027:0  1027 1028 301056
1028:0  1028 1029 123136
1028:1  1028 1029 718848
1028:2  1028 1029 511488
1028:3  1028 1029 179712
1028:4  1028 1029 29952
1028:11  1028 1029 9984
1028:12  1028 1029 19968
1036:0  1036 1037 56448
1036:1  1036 1037 284160
1036:2  1036 1037 184320
1036:3  1036 1037 14144
1037:0  1037 1038 301056
1041:0  1041 1042 301056
1042:0  1042 1043 112896
1042:1  1042 1043 284160
1042:2  1042 1043 368640
1042:3  1042 1043 14144
1044:0  1044 1045 301056
1045:0  1045 1046 37888
1045:1  1045 1046 122880
1045:2  1045 1046 284160
1045:3  1045 1046 6144
1051:0  1051 1052 282240
1097:0  1097 1098 9472
1097:1  1097 1098 30720
1097:2  1097 1098 284160
1097:3  1097 1098 1536
1100:0  1100 1101 282240
1104:0  1104 1105 56832
1104:1  1104 1105 184320
1104:2  1104 1105 284160
1104:3  1104 1105 9216
1107:0  1107 1108 282240
1110:0  1110 1111 301056
1111:0  1111 1112 113664
1111:1  1111 1112 368640
1111:2  1111 1112 284160
1111:3  1111 1112 18432
1114:0  1114 1115 282240
1162:0  1162 1163 1128960
1166:0  1166 1167 1128960
1167:0  1167 1168 150528
1167:1  1167 1168 602112
1167:2  1167 1168 65536
1167:3  1167 1168 56448
1168:0  1168 1169 1128960
1172:0  1172 1173 1128960
1173:0  1173 1174 225792
1173:1  1173 1174 1881600
1173:2  1173 1174 307200
1173:3  1173 1174 56448
1175:0  1175 1176 1128960
1176:0  1176 1177 225792
1176:1  1176 1177 307200
1176:2  1176 1177 1881600
1176:3  1176 1177 9216
1184:0  1184 1185 75264
1184:1  1184 1185 602112
1184:2  1184 1185 32768
1184:3  1184 1185 56448
1185:0  1185 1186 1128960
1189:0  1189 1190 1128960
1190:0  1190 1191 451584
1190:1  1190 1191 2709504
1190:2  1190 1191 884736
1190:3  1190 1191 56448
1192:0  1192 1193 1128960
1193:0  1193 1194 451584
1193:1  1193 1194 884736
1193:2  1193 1194 2709504
1193:3  1193 1194 672768
1193:4  1193 1194 112128
1193:11  1193 1194 9216
1193:12  1193 1194 18432
1201:0  1201 1202 301056
1201:1  1201 1202 602112
1201:2  1201 1202 131072
1201:3  1201 1202 56448
1202:0  1202 1203 1128960
1206:0  1206 1207 1128960
1207:0  1207 1208 301056
1207:1  1207 1208 602112
1207:2  1207 1208 131072
1207:3  1207 1208 56448
1209:0  1209 1210 1128960
1210:0  1210 1211 150528
1210:1  1210 1211 65536
1210:2  1210 1211 602112
1210:3  1210 1211 6144
1216:0  1216 1217 602112
1262:0  1262 1263 75264
1262:1  1262 1263 32768
1262:2  1262 1263 602112
1262:3  1262 1263 3072
1265:0  1265 1266 602112
1269:0  1269 1270 301056
1269:1  1269 1270 131072
1269:2  1269 1270 602112
1269:3  1269 1270 12288
1272:0  1272 1273 602112
1275:0  1275 1276 1128960
1276:0  1276 1277 301056
1276:1  1276 1277 131072
1276:2  1276 1277 602112
1276:3  1276 1277 12288
1279:0  1279 1280 602112
1281:0  1281 1282 602112
1285:0  1285 1286 602112
1286:0  1286 1287 75264
1286:1  1286 1287 451584
1286:2  1286 1287 24576
1286:3  1286 1287 56448
1287:0  1287 1288 602112
1291:0  1291 1292 602112
1292:0  1292 1293 75264
1292:1  1292 1293 940800
1292:2  1292 1293 51200
1292:3  1292 1293 56448
1294:0  1294 1295 602112
1295:0  1295 1296 75264
1295:1  1295 1296 51200
1295:2  1295 1296 940800
1295:3  1295 1296 3072
1303:0  1303 1304 37632
1303:1  1303 1304 451584
1303:2  1303 1304 12288
1303:3  1303 1304 56448
1304:0  1304 1305 602112
1308:0  1308 1309 602112
1309:0  1309 1310 301056
1309:1  1309 1310 2032128
1309:2  1309 1310 442368
1309:3  1309 1310 56448
1311:0  1311 1312 602112
1312:0  1312 1313 301056
1312:1  1312 1313 442368
1312:2  1312 1313 2032128
1312:3  1312 1313 504576
1312:4  1312 1313 74752
1312:11  1312 1313 6144
1312:12  1312 1313 12288
1320:0  1320 1321 225792
1320:1  1320 1321 451584
1320:2  1320 1321 73728
1320:3  1320 1321 56448
1321:0  1321 1322 602112
1325:0  1325 1326 602112
1326:0  1326 1327 150528
1326:1  1326 1327 451584
1326:2  1326 1327 49152
1326:3  1326 1327 56448
1328:0  1328 1329 602112
1329:0  1329 1330 75264
1329:1  1329 1330 24576
1329:2  1329 1330 451584
1329:3  1329 1330 3072
1335:0  1335 1336 451584
1381:0  1381 1382 37632
1381:1  1381 1382 12288
1381:2  1381 1382 451584
1381:3  1381 1382 1536
1384:0  1384 1385 451584
1388:0  1388 1389 225792
1388:1  1388 1389 73728
1388:2  1388 1389 451584
1388:3  1388 1389 9216
1391:0  1391 1392 451584
1394:0  1394 1395 602112
1395:0  1395 1396 150528
1395:1  1395 1396 49152
1395:2  1395 1396 451584
1395:3  1395 1396 6144
1398:0  1398 1399 451584
1446:0  1446 1447 1806336
1450:0  1450 1451 1806336
1451:0  1451 1452 1806336
1451:1  1451 1452 5419008
1451:2  1451 1452 442368
1451:3  1451 1452 1354752
1451:4  1451 1452 451584
1451:59  1451 1452 338688
1451:60  1451 1452 112896
1451:67  1451 1452 56448
1453:0  1453 1454 1806336
1454:0  1454 1455 1806336
1454:1  1454 1455 442368
1454:2  1454 1455 5419008
1454:3  1454 1455 1354752
1454:4  1454 1455 451584
1454:11  1454 1455 9216
1460:0  1460 1461 2408448
1504:0  1504 1505 9633792
1508:0  1508 1509 9633792
1509:0  1509 1510 9633792
1509:1  1509 1510 22127616
1509:2  1509 1510 37632
1509:3  1509 1510 3612672
0  0 2 64
1  1 4 64
2  2 5 64
3  3 5 64
4  4 7 64
5  5 9 192
6  6 8 64
7  7 9 192
8  8 16 192
9  9 11 64
10  10 12 64
11  11 13 64
12  12 14 64
13  13 15 128
14  14 16 192
15  15 218 192
16  16 18 1806336
17  17 19 2408448
18  18 1510 22127616
19  19 21 37632
20  20 22 9633792
21  21 1491 9633792
22  22 1492 2408448
23  23 1452 5419008
24  24 26 442368
25  25 27 1806336
26  26 1433 1806336
27  27 1434 451584
28  28 1327 451584
29  29 31 49152
30  30 48 150528
31  31 33 73728
32  32 34 225792
33  33 35 225792
34  34 1310 2032128
35  35 37 442368
36  36 48 301056
37  37 39 12288
38  38 40 37632
39  39 41 37632
40  40 1293 940800
41  41 43 51200
42  42 48 75264
43  43 1367 451584
44  44 1287 451584
45  45 47 24576
46  46 48 75264
47  47 1247 602112
48  48 1208 602112
49  49 51 131072
50  50 68 301056
51  51 53 131072
52  52 54 301056
53  53 55 301056
54  54 1191 2709504
55  55 57 884736
56  56 68 451584
57  57 59 32768
58  58 60 75264
59  59 61 75264
60  60 1174 1881600
61  61 63 307200
62  62 68 225792
63  63 1248 602112
64  64 1168 602112
65  65 67 65536
66  66 68 150528
67  67 1149 1128960
68  68 1150 282240
69  69 1043 282240
70  70 72 368640
71  71 89 112896
72  72 74 184320
73  73 75 56448
74  74 76 56448
75  75 1026 508032
76  76 78 718848
77  77 89 122304
78  78 80 30720
79  79 81 9408
80  80 82 9408
81  81 1009 235200
82  82 84 76800
83  83 89 28224
84  84 1083 282240
85  85 1003 282240
86  86 88 122880
87  87 89 37632
88  88 963 301056
89  89 924 301056
90  90 92 327680
91  91 109 94080
92  92 94 229376
93  93 95 65856
94  94 96 65856
95  95 907 592704
96  96 98 903168
97  97 109 131712
98  98 100 49152
99  99 101 14144
100  100 102 14144
101  101 890 352832
102  102 104 153600
103  103 109 37632
104  104 964 301056
105  105 884 301056
106  106 108 131072
107  107 109 37632
108  108 844 301056
109  109 805 301056
110  110 112 262144
111  111 129 75264
112  112 114 262144
113  113 115 75264
114  114 116 75264
115  115 788 677376
116  116 118 1179648
117  117 129 150528
118  118 120 49152
119  119 121 14144
120  120 122 14144
121  121 771 352832
122  122 124 153600
123  123 129 37632
124  124 845 301056
125  125 765 301056
126  126 128 131072
127  127 129 37632
128  128 725 301056
129  129 686 301056
130  130 132 229376
131  131 149 65856
132  132 134 294912
133  133 135 84672
134  134 136 84672
135  135 669 762048
136  136 138 1492992
137  137 149 169344
138  138 140 65536
139  139 141 18816
140  140 142 18816
141  141 652 470400
142  142 144 204800
143  143 149 37632
144  144 726 301056
145  145 646 301056
146  146 148 131072
147  147 149 37632
148  148 606 310464
149  149 567 310464
150  150 152 540672
151  151 169 150528
152  152 154 337920
153  153 155 94080
154  154 156 94080
155  155 550 846720
156  156 158 1843200
157  157 169 188160
158  158 160 67584
159  159 161 18816
160  160 162 18816
161  161 533 470400
162  162 164 409600
163  163 169 75264
164  164 607 310464
165  165 527 310464
166  166 168 270336
167  167 169 75264
168  168 508 489216
169  169 509 159744
170  170 402 159744
171  171 173 851968
172  172 190 49152
173  173 175 532480
174  174 176 30720
175  175 177 30720
176  176 385 276480
177  177 179 1843200
178  178 190 61440
179  179 181 106496
180  180 182 6144
181  181 183 6144
182  182 368 153600
183  183 185 409600
184  184 190 24576
185  185 442 159744
186  186 362 159744
187  187 189 425984
188  188 190 24576
189  189 322 159744
190  190 283 159744
191  191 193 1277952
192  192 210 73728
193  193 195 638976
194  194 196 36864
195  195 197 36864
196  196 266 331776
197  197 199 2654208
198  198 210 73728
199  199 201 159744
200  200 202 9216
201  201 203 9216
202  202 249 230400
203  203 205 614400
204  204 210 24576
205  205 323 159744
206  206 243 159744
207  207 209 425984
208  208 210 24576
209  209 211 196608
210  210 212 12288
211  211 230 12288
212  212 214 40960
213  213 215 128
214  214 216 192
215  215 219 192
216  216 218 192
217  217 220 192
218  218 226 128
219  219 225 128
220  220 222 128
221  221 223 128
222  222 224 128
223  223 225 128
224  224 226 128
225  225 232 128
226  226 228 128
227  227 1511 64
228  228 230 128
229  229 1512 40960
230  230 233 40960
231  231 233 128
232  232 234 12288
233  233 235 12288
234  234 236 12288
235  235 237 9633792
236  236 351 196608
237  237 239 24576
238  238 240 8192
239  239 241 8192
240  240 1513 512
241  241 243 24576
242  242 1514 425984
243  243 245 24576
244  244 246 8192
245  245 247 8192
246  246 1515 512
247  247 249 24576
248  248 1516 614400
249  249 252 614400
250  250 252 24576
251  251 253 230400
252  252 254 230400
253  253 337 9216
254  254 256 9216
255  255 257 3072
256  256 258 3072
257  257 1517 192
258  258 260 9216
259  259 1518 159744
260  260 262 73728
261  261 263 24576
262  262 264 24576
263  263 1519 1536
264  264 266 73728
265  265 1520 2654208
266  266 269 2654208
267  267 269 73728
268  268 270 331776
269  269 271 331776
270  270 344 36864
271  271 273 36864
272  272 274 12288
273  273 275 12288
274  274 1521 768
275  275 277 36864
276  276 1522 638976
277  277 279 73728
278  278 280 24576
279  279 281 24576
280  280 1523 1536
281  281 283 73728
282  282 1524 1277952
283  283 286 425984
284  284 286 24576
285  285 287 159744
286  286 288 159744
287  287 292 159744
288  288 290 159744
289  289 291 159744
290  290 293 159744
291  291 325 159744
292  292 326 159744
293  293 295 159744
294  294 296 159744
295  295 297 159744
296  296 327 159744
297  297 299 159744
298  298 300 159744
299  299 301 159744
300  300 328 159744
301  301 303 159744
302  302 304 159744
303  303 305 159744
304  304 329 159744
305  305 307 159744
306  306 308 159744
307  307 309 159744
308  308 330 159744
309  309 311 159744
310  310 312 159744
311  311 313 159744
312  312 331 159744
313  313 315 159744
314  314 316 159744
315  315 317 159744
316  316 332 159744
317  317 319 159744
318  318 320 159744
319  319 321 159744
320  320 333 159744
321  321 323 159744
322  322 324 159744
323  323 325 159744
324  324 334 159744
325  325 335 159744
326  326 335 159744
327  327 335 159744
328  328 335 159744
329  329 335 159744
330  330 335 159744
331  331 335 159744
332  332 335 159744
333  333 335 159744
334  334 342 159744
335  335 338 159744
336  336 338 9216
337  337 339 159744
338  338 340 159744
339  339 341 159744
340  340 342 159744
341  341 349 159744
342  342 345 638976
343  343 345 36864
344  344 346 159744
345  345 347 159744
346  346 348 159744
347  347 349 159744
348  348 356 159744
349  349 352 1277952
350  350 352 73728
351  351 353 159744
352  352 354 159744
353  353 355 159744
354  354 356 159744
355  355 470 159744
356  356 358 24576
357  357 359 8192
358  358 360 8192
359  359 1525 512
360  360 362 24576
361  361 1526 425984
362  362 364 24576
363  363 365 8192
364  364 366 8192
365  365 1527 512
366  366 368 24576
367  367 1528 409600
368  368 371 409600
369  369 371 24576
370  370 372 153600
371  371 373 153600
372  372 456 6144
373  373 375 6144
374  374 376 2048
375  375 377 2048
376  376 1529 128
377  377 379 6144
378  378 1530 106496
379  379 381 61440
380  380 382 20480
381  381 383 20480
382  382 1531 1280
383  383 385 61440
384  384 1532 1843200
385  385 388 1843200
386  386 388 61440
387  387 389 276480
388  388 390 276480
389  389 463 30720
390  390 392 30720
391  391 393 10240
392  392 394 10240
393  393 1533 640
394  394 396 30720
395  395 1534 532480
396  396 398 49152
397  397 399 16384
398  398 400 16384
399  399 1535 1024
400  400 402 49152
401  401 1536 851968
402  402 405 425984
403  403 405 24576
404  404 406 159744
405  405 407 159744
406  406 411 159744
407  407 409 159744
408  408 410 159744
409  409 412 159744
410  410 444 159744
411  411 445 159744
412  412 414 159744
413  413 415 159744
414  414 416 159744
415  415 446 159744
416  416 418 159744
417  417 419 159744
418  418 420 159744
419  419 447 159744
420  420 422 159744
421  421 423 159744
422  422 424 159744
423  423 448 159744
424  424 426 159744
425  425 427 159744
426  426 428 159744
427  427 449 159744
428  428 430 159744
429  429 431 159744
430  430 432 159744
431  431 450 159744
432  432 434 159744
433  433 435 159744
434  434 436 159744
435  435 451 159744
436  436 438 159744
437  437 439 159744
438  438 440 159744
439  439 452 159744
440  440 442 159744
441  441 443 159744
442  442 444 159744
443  443 453 159744
444  444 454 159744
445  445 454 159744
446  446 454 159744
447  447 454 159744
448  448 454 159744
449  449 454 159744
450  450 454 159744
451  451 454 159744
452  452 454 159744
453  453 461 159744
454  454 457 106496
455  455 457 6144
456  456 458 159744
457  457 459 159744
458  458 460 159744
459  459 461 159744
460  460 468 159744
461  461 464 532480
462  462 464 30720
463  463 465 159744
464  464 466 159744
465  465 467 159744
466  466 468 159744
467  467 475 159744
468  468 471 851968
469  469 471 49152
470  470 472 159744
471  471 473 159744
472  472 474 159744
473  473 475 159744
474  474 511 159744
475  475 477 159744
476  476 478 159744
477  477 479 159744
478  478 512 159744
479  479 481 159744
480  480 482 159744
481  481 483 159744
482  482 513 159744
483  483 485 159744
484  484 486 159744
485  485 487 159744
486  486 514 159744
487  487 489 159744
488  488 490 159744
489  489 491 159744
490  490 515 159744
491  491 493 159744
492  492 494 159744
493  493 495 159744
494  494 516 159744
495  495 497 159744
496  496 498 159744
497  497 499 159744
498  498 517 159744
499  499 501 159744
500  500 502 159744
501  501 503 159744
502  502 518 159744
503  503 505 159744
504  504 506 159744
505  505 507 159744
506  506 519 159744
507  507 509 159744
508  508 510 159744
509  509 511 159744
510  510 520 159744
511  511 521 489216
512  512 521 489216
513  513 521 489216
514  514 521 489216
515  515 521 489216
516  516 521 489216
517  517 521 489216
518  518 521 489216
519  519 521 489216
520  520 635 489216
521  521 523 75264
522  522 524 25088
523  523 525 25088
524  524 1537 512
525  525 527 75264
526  526 1538 270336
527  527 529 75264
528  528 530 25088
529  529 531 25088
530  530 1539 512
531  531 533 75264
532  532 1540 409600
533  533 536 409600
534  534 536 75264
535  535 537 470400
536  536 538 470400
537  537 621 18816
538  538 540 18816
539  539 541 6272
540  540 542 6272
541  541 1541 128
542  542 544 18816
543  543 1542 67584
544  544 546 188160
545  545 547 62720
546  546 548 62720
547  547 1543 1280
548  548 550 188160
549  549 1544 1843200
550  550 553 1843200
551  551 553 188160
552  552 554 846720
553  553 555 846720
554  554 628 94080
555  555 557 94080
556  556 558 31360
557  557 559 31360
558  558 1545 640
559  559 561 94080
560  560 1546 337920
561  561 563 150528
562  562 564 50176
563  563 565 50176
564  564 1547 1024
565  565 567 150528
566  566 1548 540672
567  567 570 270336
568  568 570 75264
569  569 571 310464
570  570 572 310464
571  571 576 310464
572  572 574 310464
573  573 575 310464
574  574 577 310464
575  575 609 310464
576  576 610 310464
577  577 579 310464
578  578 580 310464
579  579 581 310464
580  580 611 310464
581  581 583 310464
582  582 584 310464
583  583 585 310464
584  584 612 310464
585  585 587 310464
586  586 588 310464
587  587 589 310464
588  588 613 310464
589  589 591 310464
590  590 592 310464
591  591 593 310464
592  592 614 310464
593  593 595 310464
594  594 596 310464
595  595 597 310464
596  596 615 310464
597  597 599 310464
598  598 600 310464
599  599 601 310464
600  600 616 310464
601  601 603 310464
602  602 604 310464
603  603 605 310464
604  604 617 310464
605  605 607 310464
606  606 608 310464
607  607 609 310464
608  608 618 310464
609  609 619 310464
610  610 619 310464
611  611 619 310464
612  612 619 310464
613  613 619 310464
614  614 619 310464
615  615 619 310464
616  616 619 310464
617  617 619 310464
618  618 626 310464
619  619 622 67584
620  620 622 18816
621  621 623 310464
622  622 624 310464
623  623 625 310464
624  624 626 310464
625  625 633 310464
626  626 629 337920
627  627 629 94080
628  628 630 310464
629  629 631 310464
630  630 632 310464
631  631 633 310464
632  632 640 310464
633  633 636 540672
634  634 636 150528
635  635 637 310464
636  636 638 310464
637  637 639 310464
638  638 640 310464
639  639 754 310464
640  640 642 37632
641  641 643 12544
642  642 644 12544
643  643 1549 256
644  644 646 37632
645  645 1550 131072
646  646 648 37632
647  647 649 12544
648  648 650 12544
649  649 1551 256
650  650 652 37632
651  651 1552 204800
652  652 655 204800
653  653 655 37632
654  654 656 470400
655  655 657 470400
656  656 740 18816
657  657 659 18816
658  658 660 6272
659  659 661 6272
660  660 1553 128
661  661 663 18816
662  662 1554 65536
663  663 665 169344
664  664 666 56448
665  665 667 56448
666  666 1555 1152
667  667 669 169344
668  668 1556 1492992
669  669 672 1492992
670  670 672 169344
671  671 673 762048
672  672 674 762048
673  673 747 84672
674  674 676 84672
675  675 677 28224
676  676 678 28224
677  677 1557 576
678  678 680 84672
679  679 1558 294912
680  680 682 65856
681  681 683 21952
682  682 684 21952
683  683 1559 448
684  684 686 65856
685  685 1560 229376
686  686 689 131072
687  687 689 37632
688  688 690 301056
689  689 691 301056
690  690 695 301056
691  691 693 301056
692  692 694 301056
693  693 696 301056
694  694 728 301056
695  695 729 301056
696  696 698 301056
697  697 699 301056
698  698 700 301056
699  699 730 301056
700  700 702 301056
701  701 703 301056
702  702 704 301056
703  703 731 301056
704  704 706 301056
705  705 707 301056
706  706 708 301056
707  707 732 301056
708  708 710 301056
709  709 711 301056
710  710 712 301056
711  711 733 301056
712  712 714 301056
713  713 715 301056
714  714 716 301056
715  715 734 301056
716  716 718 301056
717  717 719 301056
718  718 720 301056
719  719 735 301056
720  720 722 301056
721  721 723 301056
722  722 724 301056
723  723 736 301056
724  724 726 301056
725  725 727 301056
726  726 728 301056
727  727 737 301056
728  728 738 301056
729  729 738 301056
730  730 738 301056
731  731 738 301056
732  732 738 301056
733  733 738 301056
734  734 738 301056
735  735 738 301056
736  736 738 301056
737  737 745 301056
738  738 741 65536
739  739 741 18816
740  740 742 301056
741  741 743 301056
742  742 744 301056
743  743 745 301056
744  744 752 301056
745  745 748 294912
746  746 748 84672
747  747 749 301056
748  748 750 301056
749  749 751 301056
750  750 752 301056
751  751 759 301056
752  752 755 229376
753  753 755 65856
754  754 756 301056
755  755 757 301056
756  756 758 301056
757  757 759 301056
758  758 873 301056
759  759 761 37632
760  760 762 12544
761  761 763 12544
762  762 1561 256
763  763 765 37632
764  764 1562 131072
765  765 767 37632
766  766 768 12544
767  767 769 12544
768  768 1563 256
769  769 771 37632
770  770 1564 153600
771  771 774 153600
772  772 774 37632
773  773 775 352832
774  774 776 352832
775  775 859 14144
776  776 778 14144
777  777 779 4736
778  778 780 4736
779  779 1565 128
780  780 782 14144
781  781 1566 49152
782  782 784 150528
783  783 785 50176
784  784 786 50176
785  785 1567 1024
786  786 788 150528
787  787 1568 1179648
788  788 791 1179648
789  789 791 150528
790  790 792 677376
791  791 793 677376
792  792 866 75264
793  793 795 75264
794  794 796 25088
795  795 797 25088
796  796 1569 512
797  797 799 75264
798  798 1570 262144
799  799 801 75264
800  800 802 25088
801  801 803 25088
802  802 1571 512
803  803 805 75264
804  804 1572 262144
805  805 808 131072
806  806 808 37632
807  807 809 301056
808  808 810 301056
809  809 814 301056
810  810 812 301056
811  811 813 301056
812  812 815 301056
813  813 847 301056
814  814 848 301056
815  815 817 301056
816  816 818 301056
817  817 819 301056
818  818 849 301056
819  819 821 301056
820  820 822 301056
821  821 823 301056
822  822 850 301056
823  823 825 301056
824  824 826 301056
825  825 827 301056
826  826 851 301056
827  827 829 301056
828  828 830 301056
829  829 831 301056
830  830 852 301056
831  831 833 301056
832  832 834 301056
833  833 835 301056
834  834 853 301056
835  835 837 301056
836  836 838 301056
837  837 839 301056
838  838 854 301056
839  839 841 301056
840  840 842 301056
841  841 843 301056
842  842 855 301056
843  843 845 301056
844  844 846 301056
845  845 847 301056
846  846 856 301056
847  847 857 301056
848  848 857 301056
849  849 857 301056
850  850 857 301056
851  851 857 301056
852  852 857 301056
853  853 857 301056
854  854 857 301056
855  855 857 301056
856  856 864 301056
857  857 860 49152
858  858 860 14144
859  859 861 301056
860  860 862 301056
861  861 863 301056
862  862 864 301056
863  863 871 301056
864  864 867 262144
865  865 867 75264
866  866 868 301056
867  867 869 301056
868  868 870 301056
869  869 871 301056
870  870 878 301056
871  871 874 262144
872  872 874 75264
873  873 875 301056
874  874 876 301056
875  875 877 301056
876  876 878 301056
877  877 992 301056
878  878 880 37632
879  879 881 12544
880  880 882 12544
881  881 1573 256
882  882 884 37632
883  883 1574 131072
884  884 886 37632
885  885 887 12544
886  886 888 12544
887  887 1575 256
888  888 890 37632
889  889 1576 153600
890  890 893 153600
891  891 893 37632
892  892 894 352832
893  893 895 352832
894  894 978 14144
895  895 897 14144
896  896 898 4736
897  897 899 4736
898  898 1577 128
899  899 901 14144
900  900 1578 49152
901  901 903 131712
902  902 904 43904
903  903 905 43904
904  904 1579 896
905  905 907 131712
906  906 1580 903168
907  907 910 903168
908  908 910 131712
909  909 911 592704
910  910 912 592704
911  911 985 65856
912  912 914 65856
913  913 915 21952
914  914 916 21952
915  915 1581 448
916  916 918 65856
917  917 1582 229376
918  918 920 94080
919  919 921 31360
920  920 922 31360
921  921 1583 640
922  922 924 94080
923  923 1584 327680
924  924 927 131072
925  925 927 37632
926  926 928 301056
927  927 929 301056
928  928 933 301056
929  929 931 301056
930  930 932 301056
931  931 934 301056
932  932 966 301056
933  933 967 301056
934  934 936 301056
935  935 937 301056
936  936 938 301056
937  937 968 301056
938  938 940 301056
939  939 941 301056
940  940 942 301056
941  941 969 301056
942  942 944 301056
943  943 945 301056
944  944 946 301056
945  945 970 301056
946  946 948 301056
947  947 949 301056
948  948 950 301056
949  949 971 301056
950  950 952 301056
951  951 953 301056
952  952 954 301056
953  953 972 301056
954  954 956 301056
955  955 957 301056
956  956 958 301056
957  957 973 301056
958  958 960 301056
959  959 961 301056
960  960 962 301056
961  961 974 301056
962  962 964 301056
963  963 965 301056
964  964 966 301056
965  965 975 301056
966  966 976 301056
967  967 976 301056
968  968 976 301056
969  969 976 301056
970  970 976 301056
971  971 976 301056
972  972 976 301056
973  973 976 301056
974  974 976 301056
975  975 983 301056
976  976 979 49152
977  977 979 14144
978  978 980 301056
979  979 981 301056
980  980 982 301056
981  981 983 301056
982  982 990 301056
983  983 986 229376
984  984 986 65856
985  985 987 301056
986  986 988 301056
987  987 989 301056
988  988 990 301056
989  989 997 301056
990  990 993 327680
991  991 993 94080
992  992 994 301056
993  993 995 301056
994  994 996 301056
995  995 997 301056
996  996 1111 301056
997  997 999 37632
998  998 1000 12544
999  999 1001 12544
1000  1000 1585 256
1001  1001 1003 37632
1002  1002 1586 122880
1003  1003 1005 28224
1004  1004 1006 9408
1005  1005 1007 9408
1006  1006 1587 192
1007  1007 1009 28224
1008  1008 1588 76800
1009  1009 1012 76800
1010  1010 1012 28224
1011  1011 1013 235200
1012  1012 1014 235200
1013  1013 1097 9408
1014  1014 1016 9408
1015  1015 1017 3136
1016  1016 1018 3136
1017  1017 1589 64
1018  1018 1020 9408
1019  1019 1590 30720
1020  1020 1022 122304
1021  1021 1023 40768
1022  1022 1024 40768
1023  1023 1591 832
1024  1024 1026 122304
1025  1025 1592 718848
1026  1026 1029 718848
1027  1027 1029 122304
1028  1028 1030 508032
1029  1029 1031 508032
1030  1030 1104 56448
1031  1031 1033 56448
1032  1032 1034 18816
1033  1033 1035 18816
1034  1034 1593 384
1035  1035 1037 56448
1036  1036 1594 184320
1037  1037 1039 112896
1038  1038 1040 37632
1039  1039 1041 37632
1040  1040 1595 768
1041  1041 1043 112896
1042  1042 1596 368640
1043  1043 1046 122880
1044  1044 1046 37632
1045  1045 1047 282240
1046  1046 1048 282240
1047  1047 1052 282240
1048  1048 1050 282240
1049  1049 1051 282240
1050  1050 1053 282240
1051  1051 1085 282240
1052  1052 1086 282240
1053  1053 1055 282240
1054  1054 1056 282240
1055  1055 1057 282240
1056  1056 1087 282240
1057  1057 1059 282240
1058  1058 1060 282240
1059  1059 1061 282240
1060  1060 1088 282240
1061  1061 1063 282240
1062  1062 1064 282240
1063  1063 1065 282240
1064  1064 1089 282240
1065  1065 1067 282240
1066  1066 1068 282240
1067  1067 1069 282240
1068  1068 1090 282240
1069  1069 1071 282240
1070  1070 1072 282240
1071  1071 1073 282240
1072  1072 1091 282240
1073  1073 1075 282240
1074  1074 1076 282240
1075  1075 1077 282240
1076  1076 1092 282240
1077  1077 1079 282240
1078  1078 1080 282240
1079  1079 1081 282240
1080  1080 1093 282240
1081  1081 1083 282240
1082  1082 1084 282240
1083  1083 1085 282240
1084  1084 1094 282240
1085  1085 1095 282240
1086  1086 1095 282240
1087  1087 1095 282240
1088  1088 1095 282240
1089  1089 1095 282240
1090  1090 1095 282240
1091  1091 1095 282240
1092  1092 1095 282240
1093  1093 1095 282240
1094  1094 1102 282240
1095  1095 1098 30720
1096  1096 1098 9408
1097  1097 1099 282240
1098  1098 1100 282240
1099  1099 1101 282240
1100  1100 1102 282240
1101  1101 1109 282240
1102  1102 1105 184320
1103  1103 1105 56448
1104  1104 1106 282240
1105  1105 1107 282240
1106  1106 1108 282240
1107  1107 1109 282240
1108  1108 1116 282240
1109  1109 1112 368640
1110  1110 1112 112896
1111  1111 1113 282240
1112  1112 1114 282240
1113  1113 1115 282240
1114  1114 1116 282240
1115  1115 1152 282240
1116  1116 1118 282240
1117  1117 1119 282240
1118  1118 1120 282240
1119  1119 1153 282240
1120  1120 1122 282240
1121  1121 1123 282240
1122  1122 1124 282240
1123  1123 1154 282240
1124  1124 1126 282240
1125  1125 1127 282240
1126  1126 1128 282240
1127  1127 1155 282240
1128  1128 1130 282240
1129  1129 1131 282240
1130  1130 1132 282240
1131  1131 1156 282240
1132  1132 1134 282240
1133  1133 1135 282240
1134  1134 1136 282240
1135  1135 1157 282240
1136  1136 1138 282240
1137  1137 1139 282240
1138  1138 1140 282240
1139  1139 1158 282240
1140  1140 1142 282240
1141  1141 1143 282240
1142  1142 1144 282240
1143  1143 1159 282240
1144  1144 1146 282240
1145  1145 1147 282240
1146  1146 1148 282240
1147  1147 1160 282240
1148  1148 1150 282240
1149  1149 1151 282240
1150  1150 1152 282240
1151  1151 1161 282240
1152  1152 1162 1128960
1153  1153 1162 1128960
1154  1154 1162 1128960
1155  1155 1162 1128960
1156  1156 1162 1128960
1157  1157 1162 1128960
1158  1158 1162 1128960
1159  1159 1162 1128960
1160  1160 1162 1128960
1161  1161 1276 1128960
1162  1162 1164 150528
1163  1163 1165 50176
1164  1164 1166 50176
1165  1165 1597 256
1166  1166 1168 150528
1167  1167 1598 65536
1168  1168 1170 225792
1169  1169 1171 75264
1170  1170 1172 75264
1171  1171 1599 384
1172  1172 1174 225792
1173  1173 1600 307200
1174  1174 1177 307200
1175  1175 1177 225792
1176  1176 1178 1881600
1177  1177 1179 1881600
1178  1178 1262 75264
1179  1179 1181 75264
1180  1180 1182 25088
1181  1181 1183 25088
1182  1182 1601 128
1183  1183 1185 75264
1184  1184 1602 32768
1185  1185 1187 451584
1186  1186 1188 150528
1187  1187 1189 150528
1188  1188 1603 768
1189  1189 1191 451584
1190  1190 1604 884736
1191  1191 1194 884736
1192  1192 1194 451584
1193  1193 1195 2709504
1194  1194 1196 2709504
1195  1195 1269 301056
1196  1196 1198 301056
1197  1197 1199 100352
1198  1198 1200 100352
1199  1199 1605 512
1200  1200 1202 301056
1201  1201 1606 131072
1202  1202 1204 301056
1203  1203 1205 100352
1204  1204 1206 100352
1205  1205 1607 512
1206  1206 1208 301056
1207  1207 1608 131072
1208  1208 1211 65536
1209  1209 1211 150528
1210  1210 1212 602112
1211  1211 1213 602112
1212  1212 1217 602112
1213  1213 1215 602112
1214  1214 1216 602112
1215  1215 1218 602112
1216  1216 1250 602112
1217  1217 1251 602112
1218  1218 1220 602112
1219  1219 1221 602112
1220  1220 1222 602112
1221  1221 1252 602112
1222  1222 1224 602112
1223  1223 1225 602112
1224  1224 1226 602112
1225  1225 1253 602112
1226  1226 1228 602112
1227  1227 1229 602112
1228  1228 1230 602112
1229  1229 1254 602112
1230  1230 1232 602112
1231  1231 1233 602112
1232  1232 1234 602112
1233  1233 1255 602112
1234  1234 1236 602112
1235  1235 1237 602112
1236  1236 1238 602112
1237  1237 1256 602112
1238  1238 1240 602112
1239  1239 1241 602112
1240  1240 1242 602112
1241  1241 1257 602112
1242  1242 1244 602112
1243  1243 1245 602112
1244  1244 1246 602112
1245  1245 1258 602112
1246  1246 1248 602112
1247  1247 1249 602112
1248  1248 1250 602112
1249  1249 1259 602112
1250  1250 1260 602112
1251  1251 1260 602112
1252  1252 1260 602112
1253  1253 1260 602112
1254  1254 1260 602112
1255  1255 1260 602112
1256  1256 1260 602112
1257  1257 1260 602112
1258  1258 1260 602112
1259  1259 1267 602112
1260  1260 1263 32768
1261  1261 1263 75264
1262  1262 1264 602112
1263  1263 1265 602112
1264  1264 1266 602112
1265  1265 1267 602112
1266  1266 1274 602112
1267  1267 1270 131072
1268  1268 1270 301056
1269  1269 1271 602112
1270  1270 1272 602112
1271  1271 1273 602112
1272  1272 1274 602112
1273  1273 1281 602112
1274  1274 1277 131072
1275  1275 1277 301056
1276  1276 1278 602112
1277  1277 1279 602112
1278  1278 1280 602112
1279  1279 1281 602112
1280  1280 1395 602112
1281  1281 1283 75264
1282  1282 1284 25088
1283  1283 1285 25088
1284  1284 1609 128
1285  1285 1287 75264
1286  1286 1610 24576
1287  1287 1289 75264
1288  1288 1290 25088
1289  1289 1291 25088
1290  1290 1611 128
1291  1291 1293 75264
1292  1292 1612 51200
1293  1293 1296 51200
1294  1294 1296 75264
1295  1295 1297 940800
1296  1296 1298 940800
1297  1297 1381 37632
1298  1298 1300 37632
1299  1299 1301 12544
1300  1300 1302 12544
1301  1301 1613 64
1302  1302 1304 37632
1303  1303 1614 12288
1304  1304 1306 301056
1305  1305 1307 100352
1306  1306 1308 100352
1307  1307 1615 512
1308  1308 1310 301056
1309  1309 1616 442368
1310  1310 1313 442368
1311  1311 1313 301056
1312  1312 1314 2032128
1313  1313 1315 2032128
1314  1314 1388 225792
1315  1315 1317 225792
1316  1316 1318 75264
1317  1317 1319 75264
1318  1318 1617 384
1319  1319 1321 225792
1320  1320 1618 73728
1321  1321 1323 150528
1322  1322 1324 50176
1323  1323 1325 50176
1324  1324 1619 256
1325  1325 1327 150528
1326  1326 1620 49152
1327  1327 1330 24576
1328  1328 1330 75264
1329  1329 1331 451584
1330  1330 1332 451584
1331  1331 1336 451584
1332  1332 1334 451584
1333  1333 1335 451584
1334  1334 1337 451584
1335  1335 1369 451584
1336  1336 1370 451584
1337  1337 1339 451584
1338  1338 1340 451584
1339  1339 1341 451584
1340  1340 1371 451584
1341  1341 1343 451584
1342  1342 1344 451584
1343  1343 1345 451584
1344  1344 1372 451584
1345  1345 1347 451584
1346  1346 1348 451584
1347  1347 1349 451584
1348  1348 1373 451584
1349  1349 1351 451584
1350  1350 1352 451584
1351  1351 1353 451584
1352  1352 1374 451584
1353  1353 1355 451584
1354  1354 1356 451584
1355  1355 1357 451584
1356  1356 1375 451584
1357  1357 1359 451584
1358  1358 1360 451584
1359  1359 1361 451584
1360  1360 1376 451584
1361  1361 1363 451584
1362  1362 1364 451584
1363  1363 1365 451584
1364  1364 1377 451584
1365  1365 1367 451584
1366  1366 1368 451584
1367  1367 1369 451584
1368  1368 1378 451584
1369  1369 1379 451584
1370  1370 1379 451584
1371  1371 1379 451584
1372  1372 1379 451584
1373  1373 1379 451584
1374  1374 1379 451584
1375  1375 1379 451584
1376  1376 1379 451584
1377  1377 1379 451584
1378  1378 1386 451584
1379  1379 1382 12288
1380  1380 1382 37632
1381  1381 1383 451584
1382  1382 1384 451584
1383  1383 1385 451584
1384  1384 1386 451584
1385  1385 1393 451584
1386  1386 1389 73728
1387  1387 1389 225792
1388  1388 1390 451584
1389  1389 1391 451584
1390  1390 1392 451584
1391  1391 1393 451584
1392  1392 1400 451584
1393  1393 1396 49152
1394  1394 1396 150528
1395  1395 1397 451584
1396  1396 1398 451584
1397  1397 1399 451584
1398  1398 1400 451584
1399  1399 1436 451584
1400  1400 1402 451584
1401  1401 1403 451584
1402  1402 1404 451584
1403  1403 1437 451584
1404  1404 1406 451584
1405  1405 1407 451584
1406  1406 1408 451584
1407  1407 1438 451584
1408  1408 1410 451584
1409  1409 1411 451584
1410  1410 1412 451584
1411  1411 1439 451584
1412  1412 1414 451584
1413  1413 1415 451584
1414  1414 1416 451584
1415  1415 1440 451584
1416  1416 1418 451584
1417  1417 1419 451584
1418  1418 1420 451584
1419  1419 1441 451584
1420  1420 1422 451584
1421  1421 1423 451584
1422  1422 1424 451584
1423  1423 1442 451584
1424  1424 1426 451584
1425  1425 1427 451584
1426  1426 1428 451584
1427  1427 1443 451584
1428  1428 1430 451584
1429  1429 1431 451584
1430  1430 1432 451584
1431  1431 1444 451584
1432  1432 1434 451584
1433  1433 1435 451584
1434  1434 1436 451584
1435  1435 1445 451584
1436  1436 1446 1806336
1437  1437 1446 1806336
1438  1438 1446 1806336
1439  1439 1446 1806336
1440  1440 1446 1806336
1441  1441 1446 1806336
1442  1442 1446 1806336
1443  1443 1446 1806336
1444  1444 1446 1806336
1445  1445 1454 1806336
1446  1446 1448 1806336
1447  1447 1449 602112
1448  1448 1450 602112
1449  1449 1621 768
1450  1450 1452 1806336
1451  1451 1622 442368
1452  1452 1455 442368
1453  1453 1455 1806336
1454  1454 1456 5419008
1455  1455 1457 21676032
1456  1456 1461 2408448
1457  1457 1459 2408448
1458  1458 1460 2408448
1459  1459 1462 2408448
1460  1460 1494 2408448
1461  1461 1495 2408448
1462  1462 1464 2408448
1463  1463 1465 2408448
1464  1464 1466 2408448
1465  1465 1496 2408448
1466  1466 1468 2408448
1467  1467 1469 2408448
1468  1468 1470 2408448
1469  1469 1497 2408448
1470  1470 1472 2408448
1471  1471 1473 2408448
1472  1472 1474 2408448
1473  1473 1498 2408448
1474  1474 1476 2408448
1475  1475 1477 2408448
1476  1476 1478 2408448
1477  1477 1499 2408448
1478  1478 1480 2408448
1479  1479 1481 2408448
1480  1480 1482 2408448
1481  1481 1500 2408448
1482  1482 1484 2408448
1483  1483 1485 2408448
1484  1484 1486 2408448
1485  1485 1501 2408448
1486  1486 1488 2408448
1487  1487 1489 2408448
1488  1488 1490 2408448
1489  1489 1502 2408448
1490  1490 1492 2408448
1491  1491 1493 2408448
1492  1492 1494 2408448
1493  1493 1503 2408448
1494  1494 1504 9633792
1495  1495 1504 9633792
1496  1496 1504 9633792
1497  1497 1504 9633792
1498  1498 1504 9633792
1499  1499 1504 9633792
1500  1500 1504 9633792
1501  1501 1504 9633792
1502  1502 1504 9633792
1503  1503 1509 9633792
1504  1504 1506 9633792
1505  1505 1507 3211264
1506  1506 1508 3211264
1507  1507 1623 256
1508  1508 1510 9633792
1509  1509 1624 37632
1510  1510 1624 64
1511  1511 1624 40960
1512  1512 1624 512
1513  1513 1624 425984
1514  1514 1624 512
1515  1515 1624 614400
1516  1516 1624 192
1517  1517 1624 159744
1518  1518 1624 1536
1519  1519 1624 2654208
1520  1520 1624 768
1521  1521 1624 638976
1522  1522 1624 1536
1523  1523 1624 1277952
1524  1524 1624 512
1525  1525 1624 425984
1526  1526 1624 512
1527  1527 1624 409600
1528  1528 1624 128
1529  1529 1624 106496
1530  1530 1624 1280
1531  1531 1624 1843200
1532  1532 1624 640
1533  1533 1624 532480
1534  1534 1624 1024
1535  1535 1624 851968
1536  1536 1624 512
1537  1537 1624 270336
1538  1538 1624 512
1539  1539 1624 409600
1540  1540 1624 128
1541  1541 1624 67584
1542  1542 1624 1280
1543  1543 1624 1843200
1544  1544 1624 640
1545  1545 1624 337920
1546  1546 1624 1024
1547  1547 1624 540672
1548  1548 1624 256
1549  1549 1624 131072
1550  1550 1624 256
1551  1551 1624 204800
1552  1552 1624 128
1553  1553 1624 65536
1554  1554 1624 1152
1555  1555 1624 1492992
1556  1556 1624 576
1557  1557 1624 294912
1558  1558 1624 448
1559  1559 1624 229376
1560  1560 1624 256
1561  1561 1624 131072
1562  1562 1624 256
1563  1563 1624 153600
1564  1564 1624 128
1565  1565 1624 49152
1566  1566 1624 1024
1567  1567 1624 1179648
1568  1568 1624 512
1569  1569 1624 262144
1570  1570 1624 512
1571  1571 1624 262144
1572  1572 1624 256
1573  1573 1624 131072
1574  1574 1624 256
1575  1575 1624 153600
1576  1576 1624 128
1577  1577 1624 49152
1578  1578 1624 896
1579  1579 1624 903168
1580  1580 1624 448
1581  1581 1624 229376
1582  1582 1624 640
1583  1583 1624 327680
1584  1584 1624 256
1585  1585 1624 122880
1586  1586 1624 192
1587  1587 1624 76800
1588  1588 1624 64
1589  1589 1624 30720
1590  1590 1624 832
1591  1591 1624 718848
1592  1592 1624 384
1593  1593 1624 184320
1594  1594 1624 768
1595  1595 1624 368640
1596  1596 1624 256
1597  1597 1624 65536
1598  1598 1624 384
1599  1599 1624 307200
1600  1600 1624 128
1601  1601 1624 32768
1602  1602 1624 768
1603  1603 1624 884736
1604  1604 1624 512
1605  1605 1624 131072
1606  1606 1624 512
1607  1607 1624 131072
1608  1608 1624 128
1609  1609 1624 24576
1610  1610 1624 128
1611  1611 1624 51200
1612  1612 1624 64
1613  1613 1624 12288
1614  1614 1624 512
1615  1615 1624 442368
1616  1616 1624 384
1617  1617 1624 73728
1618  1618 1624 256
1619  1619 1624 49152
1620  1620 1624 768
1621  1621 1624 442368
1622  1622 1624 256
1623  1623 1624 37632
