17:0  17 18 3612672
19:0  19 20 3456
19:1  19 20 8429568
19:2  19 20 9633792
19:3  19 20 2624
45:0  45 46 1152
45:1  45 46 128
46:0  46 47 9633792
71:0  71 72 9633792
73:0  73 74 8192
73:1  73 74 9633792
73:2  73 74 19267584
73:3  73 74 3072
99:0  99 100 2304
99:1  99 100 256
100:0  100 101 4816896
125:0  125 126 4816896
127:0  127 128 32768
127:1  127 128 4816896
127:2  127 128 9633792
127:3  127 128 6144
153:0  153 154 4608
153:1  153 154 512
154:0  154 155 9633792
179:0  179 180 9633792
181:0  181 182 65536
181:1  181 182 9633792
181:2  181 182 9633792
181:3  181 182 12288
207:0  207 208 4608
207:1  207 208 512
208:0  208 209 2408448
233:0  233 234 2408448
235:0  235 236 131072
235:1  235 236 2408448
235:2  235 236 4816896
235:3  235 236 1204224
235:4  235 236 32768
235:11  235 236 6144
261:0  261 262 9216
261:1  261 262 1024
262:0  262 263 4816896
287:0  287 288 4816896
289:0  289 290 262144
289:1  289 290 4816896
289:2  289 290 4816896
289:3  289 290 1204224
289:4  289 290 65536
289:11  289 290 12288
315:0  315 316 9216
315:1  315 316 1024
316:0  316 317 1204224
341:0  341 342 1204224
343:0  343 344 524288
343:1  343 344 1204224
343:2  343 344 2408448
343:3  343 344 602112
343:4  343 344 131072
343:11  343 344 12288
369:0  369 370 18432
369:1  369 370 2048
370:0  370 371 2408448
395:0  395 396 2408448
397:0  397 398 1048576
397:1  397 398 2408448
397:2  397 398 2408448
397:3  397 398 602112
397:4  397 398 262144
397:65  397 398 147456
397:66  397 398 65536
397:73  397 398 12288
397:74  397 398 24576
423:0  423 424 18432
423:1  423 424 2048
424:0  424 425 2408448
449:0  449 450 2408448
451:0  451 452 1048576
451:1  451 452 2408448
451:2  451 452 2408448
451:3  451 452 602112
451:4  451 452 262144
451:65  451 452 147456
451:66  451 452 65536
451:73  451 452 12288
451:74  451 452 24576
477:0  477 478 18432
477:1  477 478 2048
478:0  478 479 2408448
503:0  503 504 2408448
505:0  505 506 1048576
505:1  505 506 2408448
505:2  505 506 2408448
505:3  505 506 602112
505:4  505 506 262144
505:65  505 506 147456
505:66  505 506 65536
505:73  505 506 12288
505:74  505 506 24576
531:0  531 532 18432
531:1  531 532 2048
532:0  532 533 2408448
557:0  557 558 2408448
559:0  559 560 1048576
559:1  559 560 2408448
559:2  559 560 2408448
559:3  559 560 602112
559:4  559 560 262144
559:65  559 560 147456
559:66  559 560 65536
559:73  559 560 12288
559:74  559 560 24576
585:0  585 586 18432
585:1  585 586 2048
586:0  586 587 2408448
611:0  611 612 2408448
613:0  613 614 1048576
613:1  613 614 2408448
613:2  613 614 2408448
613:3  613 614 602112
613:4  613 614 262144
613:65  613 614 147456
613:66  613 614 65536
613:73  613 614 12288
613:74  613 614 24576
639:0  639 640 18432
639:1  639 640 2048
640:0  640 641 602112
665:0  665 666 602112
667:0  667 668 2097152
667:1  667 668 602112
667:2  667 668 1204224
667:3  667 668 294912
667:4  667 668 524288
667:59  667 668 73728
667:60  667 668 131072
667:67  667 668 12288
667:68  667 668 49152
693:0  693 694 36864
693:1  693 694 4096
694:0  694 695 1204224
719:0  719 720 1204224
721:0  721 722 4194304
721:1  721 722 1204224
721:2  721 722 1204224
721:3  721 722 294912
721:4  721 722 1048576
721:59  721 722 73728
721:60  721 722 262144
721:67  721 722 24576
721:68  721 722 98304
750:0  750 751 4112384
750:1  750 751 24576
750:2  750 751 24128
750:3  750 751 98304
764:0  764 765 24576
764:1  764 765 32064
764:2  764 765 4100096
764:3  764 765 576
771:0  771 772 4100096
771:1  771 772 24128
771:2  771 772 24576
771:3  771 772 96128
778:0  778 779 1204224
802:0  802 803 1204224
802:1  802 803 1212416
802:2  802 803 4194304
802:3  802 803 28224
811:0  811 812 1212416
811:1  811 812 4194304
811:2  811 812 1212416
811:3  811 812 1032192
811:4  811 812 303104
811:65  811 812 258048
811:66  811 812 73728
811:73  811 812 24576
811:74  811 812 49152
811:75  811 812 98304
814:0  814 815 1204224
817:0  817 818 1204224
839:0  839 840 1204224
846:0  846 847 1204224
852:0  852 853 1204224
858:0  858 859 1204224
870:0  870 871 1204224
876:0  876 877 1204224
882:0  882 883 1204224
888:0  888 889 1204224
901:0  901 902 36864
901:1  901 902 4096
904:0  904 905 1204224
927:0  927 928 1204224
927:1  927 928 606208
927:2  927 928 2097152
927:3  927 928 28224
936:0  936 937 1212416
936:1  936 937 2097152
936:2  936 937 606208
936:3  936 937 516096
936:4  936 937 303104
936:71  936 937 122880
936:72  936 937 73728
936:79  936 937 24576
936:81  936 937 49152
936:82  936 937 98304
939:0  939 940 602112
942:0  942 943 602112
965:0  965 966 2408448
972:0  972 973 2408448
978:0  978 979 2408448
984:0  984 985 2408448
990:0  990 991 2408448
996:0  996 997 2408448
1002:0  1002 1003 2408448
1008:0  1008 1009 2408448
1014:0  1014 1015 2408448
1027:0  1027 1028 18432
1027:1  1027 1028 2048
1030:0  1030 1031 2408448
1054:0  1054 1055 2408448
1054:1  1054 1055 2408448
1054:2  1054 1055 1048576
1054:3  1054 1055 592704
1054:4  1054 1055 602112
1054:11  1054 1055 56448
1054:12  1054 1055 112896
1063:0  1063 1064 2408448
1063:1  1063 1064 1048576
1063:2  1063 1064 2408448
1063:3  1063 1064 592704
1063:4  1063 1064 602112
1063:71  1063 1064 140160
1063:72  1063 1064 149504
1063:79  1063 1064 12288
1063:81  1063 1064 24576
1063:82  1063 1064 49152
1066:0  1066 1067 2408448
1069:0  1069 1070 2408448
1091:0  1091 1092 2408448
1098:0  1098 1099 2408448
1104:0  1104 1105 2408448
1110:0  1110 1111 2408448
1122:0  1122 1123 2408448
1128:0  1128 1129 2408448
1134:0  1134 1135 2408448
1140:0  1140 1141 2408448
1153:0  1153 1154 18432
1153:1  1153 1154 2048
1156:0  1156 1157 2408448
1179:0  1179 1180 2408448
1179:1  1179 1180 2408448
1179:2  1179 1180 1048576
1179:3  1179 1180 592704
1179:4  1179 1180 602112
1179:11  1179 1180 56448
1179:12  1179 1180 112896
1188:0  1188 1189 2408448
1188:1  1188 1189 1048576
1188:2  1188 1189 2408448
1188:3  1188 1189 592704
1188:4  1188 1189 602112
1188:71  1188 1189 140160
1188:72  1188 1189 149504
1188:79  1188 1189 12288
1188:81  1188 1189 24576
1188:82  1188 1189 49152
1191:0  1191 1192 2408448
1194:0  1194 1195 2408448
1216:0  1216 1217 2408448
1223:0  1223 1224 2408448
1229:0  1229 1230 2408448
1235:0  1235 1236 2408448
1247:0  1247 1248 2408448
1253:0  1253 1254 2408448
1259:0  1259 1260 2408448
1265:0  1265 1266 2408448
1278:0  1278 1279 18432
1278:1  1278 1279 2048
1281:0  1281 1282 2408448
1304:0  1304 1305 2408448
1304:1  1304 1305 2408448
1304:2  1304 1305 1048576
1304:3  1304 1305 592704
1304:4  1304 1305 602112
1304:11  1304 1305 56448
1304:12  1304 1305 112896
1313:0  1313 1314 2408448
1313:1  1313 1314 1048576
1313:2  1313 1314 2408448
1313:3  1313 1314 592704
1313:4  1313 1314 602112
1313:71  1313 1314 140160
1313:72  1313 1314 149504
1313:79  1313 1314 12288
1313:81  1313 1314 24576
1313:82  1313 1314 49152
1316:0  1316 1317 2408448
1319:0  1319 1320 2408448
1341:0  1341 1342 2408448
1348:0  1348 1349 2408448
1354:0  1354 1355 2408448
1360:0  1360 1361 2408448
1372:0  1372 1373 2408448
1378:0  1378 1379 2408448
1384:0  1384 1385 2408448
1390:0  1390 1391 2408448
1403:0  1403 1404 18432
1403:1  1403 1404 2048
1406:0  1406 1407 2408448
1429:0  1429 1430 2408448
1429:1  1429 1430 2408448
1429:2  1429 1430 1048576
1429:3  1429 1430 592704
1429:4  1429 1430 602112
1429:11  1429 1430 56448
1429:12  1429 1430 112896
1438:0  1438 1439 2408448
1438:1  1438 1439 1048576
1438:2  1438 1439 2408448
1438:3  1438 1439 592704
1438:4  1438 1439 602112
1438:71  1438 1439 140160
1438:72  1438 1439 149504
1438:79  1438 1439 12288
1438:81  1438 1439 24576
1438:82  1438 1439 49152
1441:0  1441 1442 2408448
1444:0  1444 1445 2408448
1466:0  1466 1467 2408448
1473:0  1473 1474 2408448
1479:0  1479 1480 2408448
1485:0  1485 1486 2408448
1497:0  1497 1498 2408448
1503:0  1503 1504 2408448
1509:0  1509 1510 2408448
1515:0  1515 1516 2408448
1528:0  1528 1529 18432
1528:1  1528 1529 2048
1531:0  1531 1532 2408448
1554:0  1554 1555 2408448
1554:1  1554 1555 2408448
1554:2  1554 1555 1048576
1554:3  1554 1555 592704
1554:4  1554 1555 602112
1554:11  1554 1555 56448
1554:12  1554 1555 112896
1563:0  1563 1564 2408448
1563:1  1563 1564 1048576
1563:2  1563 1564 2408448
1563:3  1563 1564 592704
1563:4  1563 1564 602112
1563:71  1563 1564 140160
1563:72  1563 1564 149504
1563:79  1563 1564 12288
1563:81  1563 1564 24576
1563:82  1563 1564 49152
1566:0  1566 1567 2408448
1569:0  1569 1570 2408448
1591:0  1591 1592 2408448
1598:0  1598 1599 2408448
1604:0  1604 1605 2408448
1610:0  1610 1611 2408448
1622:0  1622 1623 2408448
1628:0  1628 1629 2408448
1634:0  1634 1635 2408448
1640:0  1640 1641 2408448
1653:0  1653 1654 18432
1653:1  1653 1654 2048
1656:0  1656 1657 2408448
1679:0  1679 1680 2408448
1679:1  1679 1680 1204224
1679:2  1679 1680 524288
1679:3  1679 1680 282240
1679:4  1679 1680 602112
1679:11  1679 1680 56448
1679:12  1679 1680 112896
1688:0  1688 1689 2408448
1688:1  1688 1689 524288
1688:2  1688 1689 1204224
1688:3  1688 1689 282240
1688:4  1688 1689 602112
1688:11  1688 1689 24576
1688:12  1688 1689 49152
1691:0  1691 1692 1204224
1694:0  1694 1695 1204224
1717:0  1717 1718 4816896
1724:0  1724 1725 4816896
1730:0  1730 1731 4816896
1736:0  1736 1737 4816896
1742:0  1742 1743 4816896
1748:0  1748 1749 4816896
1754:0  1754 1755 4816896
1760:0  1760 1761 4816896
1766:0  1766 1767 4816896
1779:0  1779 1780 9216
1779:1  1779 1780 1024
1782:0  1782 1783 4816896
1806:0  1806 1807 4816896
1806:1  1806 1807 4816896
1806:2  1806 1807 262144
1806:3  1806 1807 1128960
1806:4  1806 1807 1204224
1806:11  1806 1807 225792
1806:12  1806 1807 451584
1815:0  1815 1816 4816896
1815:1  1815 1816 262144
1815:2  1815 1816 4816896
1815:3  1815 1816 1128960
1815:4  1815 1816 1204224
1815:11  1815 1816 12288
1815:12  1815 1816 24576
1818:0  1818 1819 4816896
1821:0  1821 1822 4816896
1843:0  1843 1844 4816896
1850:0  1850 1851 4816896
1856:0  1856 1857 4816896
1862:0  1862 1863 4816896
1874:0  1874 1875 4816896
1880:0  1880 1881 4816896
1886:0  1886 1887 4816896
1892:0  1892 1893 4816896
1905:0  1905 1906 9216
1905:1  1905 1906 1024
1908:0  1908 1909 4816896
1931:0  1931 1932 4816896
1931:1  1931 1932 2408448
1931:2  1931 1932 131072
1931:3  1931 1932 564480
1931:4  1931 1932 1204224
1931:11  1931 1932 225792
1931:12  1931 1932 451584
1940:0  1940 1941 4816896
1940:1  1940 1941 131072
1940:2  1940 1941 2408448
1940:3  1940 1941 24576
1943:0  1943 1944 2408448
1946:0  1946 1947 2408448
1969:0  1969 1970 9633792
1976:0  1976 1977 9633792
1982:0  1982 1983 9633792
1988:0  1988 1989 9633792
1994:0  1994 1995 9633792
2000:0  2000 2001 9633792
2006:0  2006 2007 9633792
2012:0  2012 2013 9633792
2018:0  2018 2019 9633792
2031:0  2031 2032 4608
2031:1  2031 2032 512
2034:0  2034 2035 9633792
2058:0  2058 2059 9633792
2058:1  2058 2059 9633792
2058:2  2058 2059 65536
2058:3  2058 2059 2257920
2058:4  2058 2059 2408448
2058:11  2058 2059 903168
2058:12  2058 2059 1806336
2067:0  2067 2068 9633792
2067:1  2067 2068 65536
2067:2  2067 2068 9633792
2067:3  2067 2068 12288
2070:0  2070 2071 9633792
2073:0  2073 2074 9633792
2095:0  2095 2096 9633792
2102:0  2102 2103 9633792
2108:0  2108 2109 9633792
2114:0  2114 2115 9633792
2126:0  2126 2127 9633792
2132:0  2132 2133 9633792
2138:0  2138 2139 9633792
2144:0  2144 2145 9633792
2157:0  2157 2158 4608
2157:1  2157 2158 512
2160:0  2160 2161 9633792
2183:0  2183 2184 9633792
2183:1  2183 2184 4816896
2183:2  2183 2184 32768
2183:3  2183 2184 1806336
2192:0  2192 2193 9633792
2192:1  2192 2193 32768
2192:2  2192 2193 4816896
2192:3  2192 2193 12288
2195:0  2195 2196 4816896
2198:0  2198 2199 4816896
2221:0  2221 2222 19267584
2228:0  2228 2229 19267584
2234:0  2234 2235 19267584
2240:0  2240 2241 19267584
2246:0  2246 2247 19267584
2252:0  2252 2253 19267584
2258:0  2258 2259 19267584
2264:0  2264 2265 19267584
2270:0  2270 2271 19267584
2283:0  2283 2284 2304
2283:1  2283 2284 256
2286:0  2286 2287 19267584
2310:0  2310 2311 19267584
2310:1  2310 2311 9633792
2310:2  2310 2311 8192
2310:3  2310 2311 7225344
2319:0  2319 2320 19267584
2319:1  2319 2320 8192
2319:2  2319 2320 9633792
2319:3  2319 2320 6144
2322:0  2322 2323 9633792
2325:0  2325 2326 9633792
2348:0  2348 2349 9633792
2355:0  2355 2356 9633792
2361:0  2361 2362 9633792
2367:0  2367 2368 9633792
2379:0  2379 2380 9633792
2385:0  2385 2386 9633792
2391:0  2391 2392 9633792
2397:0  2397 2398 9633792
2410:0  2410 2411 1152
2410:1  2410 2411 128
2413:0  2413 2414 9633792
2436:0  2436 2437 9633792
2436:1  2436 2437 8128512
2436:2  2436 2437 3456
2436:3  2436 2437 7225344
0  0 2 64
1  1 4 64
2  2 5 64
3  3 5 64
4  4 7 64
5  5 9 24064
6  6 8 64
7  7 9 24064
8  8 15 24064
9  9 11 64
10  10 12 64
11  11 13 64
12  12 14 64
13  13 15 24064
14  14 755 24064
15  15 17 3612672
16  16 18 4816896
17  17 2437 8128512
18  18 20 3456
19  19 25 9633792
20  20 22 9633792
21  21 23 1605632
22  22 24 1605632
23  23 26 128
24  24 28 9633792
25  25 27 128
26  26 28 9633792
27  27 39 9633792
28  28 30 9633792
29  29 31 9633792
30  30 32 1605632
31  31 33 1605632
32  32 34 128
33  33 35 128
34  34 36 128
35  35 37 128
36  36 38 128
37  37 2425 9633792
38  38 2419 9633792
39  39 2424 9633792
40  40 43 9633792
41  41 43 9633792
42  42 44 9633792
43  43 2406 9633792
44  44 2398 9633792
45  45 51 9633792
46  46 48 9633792
47  47 49 1605632
48  48 50 1605632
49  49 52 128
50  50 54 9633792
51  51 53 128
52  52 54 9633792
53  53 65 9633792
54  54 56 9633792
55  55 57 9633792
56  56 58 1605632
57  57 59 1605632
58  58 60 128
59  59 61 128
60  60 62 128
61  61 63 128
62  62 64 128
63  63 2337 9633792
64  64 2331 9633792
65  65 2336 9633792
66  66 69 9633792
67  67 69 9633792
68  68 70 9633792
69  69 2314 9633792
70  70 72 9633792
71  71 2311 9633792
72  72 74 8192
73  73 79 19267584
74  74 76 19267584
75  75 77 3211264
76  76 78 3211264
77  77 80 256
78  78 82 19267584
79  79 81 256
80  80 82 19267584
81  81 93 19267584
82  82 84 19267584
83  83 85 19267584
84  84 86 3211264
85  85 87 3211264
86  86 88 256
87  87 89 256
88  88 90 256
89  89 91 256
90  90 92 256
91  91 2298 19267584
92  92 2292 19267584
93  93 2297 19267584
94  94 97 19267584
95  95 97 19267584
96  96 98 19267584
97  97 2279 19267584
98  98 2271 19267584
99  99 105 4816896
100  100 102 4816896
101  101 103 802816
102  102 104 802816
103  103 106 256
104  104 108 4816896
105  105 107 256
106  106 108 4816896
107  107 119 4816896
108  108 110 4816896
109  109 111 4816896
110  110 112 802816
111  111 113 802816
112  112 114 256
113  113 115 256
114  114 116 256
115  115 117 256
116  116 118 256
117  117 2210 4816896
118  118 2204 4816896
119  119 2209 4816896
120  120 123 4816896
121  121 123 4816896
122  122 124 4816896
123  123 2187 4816896
124  124 126 4816896
125  125 2184 4816896
126  126 128 32768
127  127 133 9633792
128  128 130 9633792
129  129 131 1605632
130  130 132 1605632
131  131 134 512
132  132 136 9633792
133  133 135 512
134  134 136 9633792
135  135 147 9633792
136  136 138 9633792
137  137 139 9633792
138  138 140 1605632
139  139 141 1605632
140  140 142 512
141  141 143 512
142  142 144 512
143  143 145 512
144  144 146 512
145  145 2172 9633792
146  146 2166 9633792
147  147 2171 9633792
148  148 151 9633792
149  149 151 9633792
150  150 152 9633792
151  151 2153 9633792
152  152 2145 9633792
153  153 159 9633792
154  154 156 9633792
155  155 157 1605632
156  156 158 1605632
157  157 160 512
158  158 162 9633792
159  159 161 512
160  160 162 9633792
161  161 173 9633792
162  162 164 9633792
163  163 165 9633792
164  164 166 1605632
165  165 167 1605632
166  166 168 512
167  167 169 512
168  168 170 512
169  169 171 512
170  170 172 512
171  171 2085 9633792
172  172 2079 9633792
173  173 2084 9633792
174  174 177 9633792
175  175 177 9633792
176  176 178 9633792
177  177 2062 9633792
178  178 180 9633792
179  179 2059 9633792
180  180 182 65536
181  181 187 9633792
182  182 184 9633792
183  183 185 1605632
184  184 186 1605632
185  185 188 512
186  186 190 9633792
187  187 189 512
188  188 190 9633792
189  189 201 9633792
190  190 192 9633792
191  191 193 9633792
192  192 194 1605632
193  193 195 1605632
194  194 196 512
195  195 197 512
196  196 198 512
197  197 199 512
198  198 200 512
199  199 2046 9633792
200  200 2040 9633792
201  201 2045 9633792
202  202 205 9633792
203  203 205 9633792
204  204 206 9633792
205  205 2027 9633792
206  206 2019 9633792
207  207 213 2408448
208  208 210 2408448
209  209 211 401408
210  210 212 401408
211  211 214 512
212  212 216 2408448
213  213 215 512
214  214 216 2408448
215  215 227 2408448
216  216 218 2408448
217  217 219 2408448
218  218 220 401408
219  219 221 401408
220  220 222 512
221  221 223 512
222  222 224 512
223  223 225 512
224  224 226 512
225  225 1958 2408448
226  226 1952 2408448
227  227 1957 2408448
228  228 231 2408448
229  229 231 2408448
230  230 232 2408448
231  231 1935 2408448
232  232 234 2408448
233  233 1932 2408448
234  234 236 131072
235  235 241 4816896
236  236 238 4816896
237  237 239 802816
238  238 240 802816
239  239 242 1024
240  240 244 4816896
241  241 243 1024
242  242 244 4816896
243  243 255 4816896
244  244 246 4816896
245  245 247 4816896
246  246 248 802816
247  247 249 802816
248  248 250 1024
249  249 251 1024
250  250 252 1024
251  251 253 1024
252  252 254 1024
253  253 1920 4816896
254  254 1914 4816896
255  255 1919 4816896
256  256 259 4816896
257  257 259 4816896
258  258 260 4816896
259  259 1901 4816896
260  260 1893 4816896
261  261 267 4816896
262  262 264 4816896
263  263 265 802816
264  264 266 802816
265  265 268 1024
266  266 270 4816896
267  267 269 1024
268  268 270 4816896
269  269 281 4816896
270  270 272 4816896
271  271 273 4816896
272  272 274 802816
273  273 275 802816
274  274 276 1024
275  275 277 1024
276  276 278 1024
277  277 279 1024
278  278 280 1024
279  279 1833 4816896
280  280 1827 4816896
281  281 1832 4816896
282  282 285 4816896
283  283 285 4816896
284  284 286 4816896
285  285 1810 4816896
286  286 288 4816896
287  287 1807 4816896
288  288 290 262144
289  289 295 4816896
290  290 292 4816896
291  291 293 802816
292  292 294 802816
293  293 296 1024
294  294 298 4816896
295  295 297 1024
296  296 298 4816896
297  297 309 4816896
298  298 300 4816896
299  299 301 4816896
300  300 302 802816
301  301 303 802816
302  302 304 1024
303  303 305 1024
304  304 306 1024
305  305 307 1024
306  306 308 1024
307  307 1794 4816896
308  308 1788 4816896
309  309 1793 4816896
310  310 313 4816896
311  311 313 4816896
312  312 314 4816896
313  313 1775 4816896
314  314 1767 4816896
315  315 321 1204224
316  316 318 1204224
317  317 319 200704
318  318 320 200704
319  319 322 1024
320  320 324 1204224
321  321 323 1024
322  322 324 1204224
323  323 335 1204224
324  324 326 1204224
325  325 327 1204224
326  326 328 200704
327  327 329 200704
328  328 330 1024
329  329 331 1024
330  330 332 1024
331  331 333 1024
332  332 334 1024
333  333 1706 1204224
334  334 1700 1204224
335  335 1705 1204224
336  336 339 1204224
337  337 339 1204224
338  338 340 1204224
339  339 1683 1204224
340  340 342 1204224
341  341 1680 1204224
342  342 344 524288
343  343 349 2408448
344  344 346 2408448
345  345 347 401408
346  346 348 401408
347  347 350 2048
348  348 352 2408448
349  349 351 2048
350  350 352 2408448
351  351 363 2408448
352  352 354 2408448
353  353 355 2408448
354  354 356 401408
355  355 357 401408
356  356 358 2048
357  357 359 2048
358  358 360 2048
359  359 361 2048
360  360 362 2048
361  361 1668 2408448
362  362 1662 2408448
363  363 1667 2408448
364  364 367 2408448
365  365 367 2408448
366  366 368 2408448
367  367 1649 2408448
368  368 1641 2408448
369  369 375 2408448
370  370 372 2408448
371  371 373 401408
372  372 374 401408
373  373 376 2048
374  374 378 2408448
375  375 377 2048
376  376 378 2408448
377  377 389 2408448
378  378 380 2408448
379  379 381 2408448
380  380 382 401408
381  381 383 401408
382  382 384 2048
383  383 385 2048
384  384 386 2048
385  385 387 2048
386  386 388 2048
387  387 1581 2408448
388  388 1575 2408448
389  389 1580 2408448
390  390 393 2408448
391  391 393 2408448
392  392 394 2408448
393  393 1558 2408448
394  394 396 2408448
395  395 1555 2408448
396  396 398 1048576
397  397 403 2408448
398  398 400 2408448
399  399 401 401408
400  400 402 401408
401  401 404 2048
402  402 406 2408448
403  403 405 2048
404  404 406 2408448
405  405 417 2408448
406  406 408 2408448
407  407 409 2408448
408  408 410 401408
409  409 411 401408
410  410 412 2048
411  411 413 2048
412  412 414 2048
413  413 415 2048
414  414 416 2048
415  415 1543 2408448
416  416 1537 2408448
417  417 1542 2408448
418  418 421 2408448
419  419 421 2408448
420  420 422 2408448
421  421 1524 2408448
422  422 1516 2408448
423  423 429 2408448
424  424 426 2408448
425  425 427 401408
426  426 428 401408
427  427 430 2048
428  428 432 2408448
429  429 431 2048
430  430 432 2408448
431  431 443 2408448
432  432 434 2408448
433  433 435 2408448
434  434 436 401408
435  435 437 401408
436  436 438 2048
437  437 439 2048
438  438 440 2048
439  439 441 2048
440  440 442 2048
441  441 1456 2408448
442  442 1450 2408448
443  443 1455 2408448
444  444 447 2408448
445  445 447 2408448
446  446 448 2408448
447  447 1433 2408448
448  448 450 2408448
449  449 1430 2408448
450  450 452 1048576
451  451 457 2408448
452  452 454 2408448
453  453 455 401408
454  454 456 401408
455  455 458 2048
456  456 460 2408448
457  457 459 2048
458  458 460 2408448
459  459 471 2408448
460  460 462 2408448
461  461 463 2408448
462  462 464 401408
463  463 465 401408
464  464 466 2048
465  465 467 2048
466  466 468 2048
467  467 469 2048
468  468 470 2048
469  469 1418 2408448
470  470 1412 2408448
471  471 1417 2408448
472  472 475 2408448
473  473 475 2408448
474  474 476 2408448
475  475 1399 2408448
476  476 1391 2408448
477  477 483 2408448
478  478 480 2408448
479  479 481 401408
480  480 482 401408
481  481 484 2048
482  482 486 2408448
483  483 485 2048
484  484 486 2408448
485  485 497 2408448
486  486 488 2408448
487  487 489 2408448
488  488 490 401408
489  489 491 401408
490  490 492 2048
491  491 493 2048
492  492 494 2048
493  493 495 2048
494  494 496 2048
495  495 1331 2408448
496  496 1325 2408448
497  497 1330 2408448
498  498 501 2408448
499  499 501 2408448
500  500 502 2408448
501  501 1308 2408448
502  502 504 2408448
503  503 1305 2408448
504  504 506 1048576
505  505 511 2408448
506  506 508 2408448
507  507 509 401408
508  508 510 401408
509  509 512 2048
510  510 514 2408448
511  511 513 2048
512  512 514 2408448
513  513 525 2408448
514  514 516 2408448
515  515 517 2408448
516  516 518 401408
517  517 519 401408
518  518 520 2048
519  519 521 2048
520  520 522 2048
521  521 523 2048
522  522 524 2048
523  523 1293 2408448
524  524 1287 2408448
525  525 1292 2408448
526  526 529 2408448
527  527 529 2408448
528  528 530 2408448
529  529 1274 2408448
530  530 1266 2408448
531  531 537 2408448
532  532 534 2408448
533  533 535 401408
534  534 536 401408
535  535 538 2048
536  536 540 2408448
537  537 539 2048
538  538 540 2408448
539  539 551 2408448
540  540 542 2408448
541  541 543 2408448
542  542 544 401408
543  543 545 401408
544  544 546 2048
545  545 547 2048
546  546 548 2048
547  547 549 2048
548  548 550 2048
549  549 1206 2408448
550  550 1200 2408448
551  551 1205 2408448
552  552 555 2408448
553  553 555 2408448
554  554 556 2408448
555  555 1183 2408448
556  556 558 2408448
557  557 1180 2408448
558  558 560 1048576
559  559 565 2408448
560  560 562 2408448
561  561 563 401408
562  562 564 401408
563  563 566 2048
564  564 568 2408448
565  565 567 2048
566  566 568 2408448
567  567 579 2408448
568  568 570 2408448
569  569 571 2408448
570  570 572 401408
571  571 573 401408
572  572 574 2048
573  573 575 2048
574  574 576 2048
575  575 577 2048
576  576 578 2048
577  577 1168 2408448
578  578 1162 2408448
579  579 1167 2408448
580  580 583 2408448
581  581 583 2408448
582  582 584 2408448
583  583 1149 2408448
584  584 1141 2408448
585  585 591 2408448
586  586 588 2408448
587  587 589 401408
588  588 590 401408
589  589 592 2048
590  590 594 2408448
591  591 593 2048
592  592 594 2408448
593  593 605 2408448
594  594 596 2408448
595  595 597 2408448
596  596 598 401408
597  597 599 401408
598  598 600 2048
599  599 601 2048
600  600 602 2048
601  601 603 2048
602  602 604 2048
603  603 1081 2408448
604  604 1075 2408448
605  605 1080 2408448
606  606 609 2408448
607  607 609 2408448
608  608 610 2408448
609  609 1058 2408448
610  610 612 2408448
611  611 1055 2408448
612  612 614 1048576
613  613 619 2408448
614  614 616 2408448
615  615 617 401408
616  616 618 401408
617  617 620 2048
618  618 622 2408448
619  619 621 2048
620  620 622 2408448
621  621 633 2408448
622  622 624 2408448
623  623 625 2408448
624  624 626 401408
625  625 627 401408
626  626 628 2048
627  627 629 2048
628  628 630 2048
629  629 631 2048
630  630 632 2048
631  631 1042 2408448
632  632 1036 2408448
633  633 1041 2408448
634  634 637 2408448
635  635 637 2408448
636  636 638 2408448
637  637 1023 2408448
638  638 1015 2408448
639  639 645 602112
640  640 642 602112
641  641 643 100352
642  642 644 100352
643  643 646 2048
644  644 648 602112
645  645 647 2048
646  646 648 602112
647  647 659 602112
648  648 650 602112
649  649 651 602112
650  650 652 100352
651  651 653 100352
652  652 654 2048
653  653 655 2048
654  654 656 2048
655  655 657 2048
656  656 658 2048
657  657 954 602112
658  658 948 602112
659  659 953 602112
660  660 663 602112
661  661 663 602112
662  662 664 602112
663  663 931 602112
664  664 666 602112
665  665 928 602112
666  666 668 2097152
667  667 673 1204224
668  668 670 1204224
669  669 671 200704
670  670 672 200704
671  671 674 4096
672  672 676 1204224
673  673 675 4096
674  674 676 1204224
675  675 687 1204224
676  676 678 1204224
677  677 679 1204224
678  678 680 200704
679  679 681 200704
680  680 682 4096
681  681 683 4096
682  682 684 4096
683  683 685 4096
684  684 686 4096
685  685 916 1204224
686  686 910 1204224
687  687 915 1204224
688  688 691 1204224
689  689 691 1204224
690  690 692 1204224
691  691 897 1204224
692  692 889 1204224
693  693 699 1204224
694  694 696 1204224
695  695 697 200704
696  696 698 200704
697  697 700 4096
698  698 702 1204224
699  699 701 4096
700  700 702 1204224
701  701 713 1204224
702  702 704 1204224
703  703 705 1204224
704  704 706 200704
705  705 707 200704
706  706 708 4096
707  707 709 4096
708  708 710 4096
709  709 711 4096
710  710 712 4096
711  711 829 1204224
712  712 823 1204224
713  713 828 1204224
714  714 717 1204224
715  715 717 1204224
716  716 718 1204224
717  717 806 1204224
718  718 720 1204224
719  719 803 1204224
720  720 722 4194304
721  721 727 1204224
722  722 724 1204224
723  723 725 200704
724  724 726 200704
725  725 728 4096
726  726 730 1204224
727  727 729 4096
728  728 730 1204224
729  729 741 1204224
730  730 732 1204224
731  731 733 1204224
732  732 734 200704
733  733 735 200704
734  734 736 4096
735  735 737 4096
736  736 738 4096
737  737 739 4096
738  738 740 4096
739  739 790 1204224
740  740 784 1204224
741  741 789 1204224
742  742 745 1204224
743  743 745 1204224
744  744 746 1204224
745  745 768 1204224
746  746 748 1204224
747  747 749 24576
748  748 750 24576
749  749 765 24576
750  750 753 24064
751  751 753 24064
752  752 754 24064
753  753 762 24064
754  754 761 24064
755  755 757 24064
756  756 758 24064
757  757 759 64
758  758 760 64
759  759 761 24064
760  760 762 24064
761  761 772 24064
762  762 764 24064
763  763 2438 4032
764  764 2519 4100096
765  765 767 1204224
766  766 771 1204224
767  767 769 1204224
768  768 770 1204224
769  769 771 1204224
770  770 777 1204224
771  771 773 24576
772  772 774 24576
773  773 775 59006976
774  774 776 1204224
775  775 777 1204224
776  776 778 1204224
777  777 783 1204224
778  778 780 1204224
779  779 781 200704
780  780 782 200704
781  781 2439 4096
782  782 789 1204224
783  783 785 1204224
784  784 786 1204224
785  785 787 200704
786  786 788 200704
787  787 2440 4096
788  788 790 1204224
789  789 801 1204224
790  790 792 1204224
791  791 793 1204224
792  792 794 200704
793  793 795 200704
794  794 796 4096
795  795 797 4096
796  796 799 4096
797  797 925 1204224
798  798 800 1204224
799  799 801 1204224
800  800 811 1204224
801  801 803 1204224
802  802 2441 4194304
803  803 805 1204224
804  804 809 1204224
805  805 807 1204224
806  806 808 1204224
807  807 809 1204224
808  808 816 1204224
809  809 812 4194304
810  810 812 1204224
811  811 813 1204224
812  812 814 1204224
813  813 815 1204224
814  814 816 1204224
815  815 817 1204224
816  816 822 1204224
817  817 819 1204224
818  818 820 200704
819  819 821 200704
820  820 2442 4096
821  821 828 1204224
822  822 824 1204224
823  823 825 1204224
824  824 826 200704
825  825 827 200704
826  826 2443 4096
827  827 829 1204224
828  828 839 1204224
829  829 831 1204224
830  830 832 1204224
831  831 833 200704
832  832 834 200704
833  833 835 4096
834  834 836 4096
835  835 837 4096
836  836 838 1204224
837  837 839 1204224
838  838 901 1204224
839  839 842 1204224
840  840 890 1204224
841  841 843 1204224
842  842 844 1204224
843  843 845 24576
844  844 846 24576
845  845 2444 4096
846  846 848 1204224
847  847 849 1204224
848  848 850 1204224
849  849 851 24576
850  850 852 24576
851  851 2444 4096
852  852 854 1204224
853  853 855 1204224
854  854 856 1204224
855  855 857 24576
856  856 858 24576
857  857 2444 4096
858  858 860 1204224
859  859 861 1204224
860  860 862 1204224
861  861 863 24576
862  862 864 24576
863  863 2444 4096
864  864 866 1204224
865  865 867 1204224
866  866 868 1204224
867  867 869 24576
868  868 870 24576
869  869 2444 4096
870  870 872 1204224
871  871 873 1204224
872  872 874 1204224
873  873 875 24576
874  874 876 24576
875  875 2444 4096
876  876 878 1204224
877  877 879 1204224
878  878 880 1204224
879  879 881 24576
880  880 882 24576
881  881 2444 4096
882  882 884 1204224
883  883 885 1204224
884  884 886 1204224
885  885 887 24576
886  886 888 24576
887  887 2444 4096
888  888 890 1204224
889  889 891 1204224
890  890 892 1204224
891  891 893 24576
892  892 894 24576
893  893 2444 4096
894  894 896 1204224
895  895 900 1204224
896  896 898 1204224
897  897 899 1204224
898  898 900 1204224
899  899 903 1204224
900  900 902 1204224
901  901 903 1204224
902  902 904 1204224
903  903 909 1204224
904  904 906 1204224
905  905 907 200704
906  906 908 200704
907  907 2445 4096
908  908 915 1204224
909  909 911 1204224
910  910 912 1204224
911  911 913 200704
912  912 914 200704
913  913 2446 4096
914  914 916 1204224
915  915 926 1204224
916  916 918 1204224
917  917 919 1204224
918  918 920 200704
919  919 921 200704
920  920 922 4096
921  921 923 4096
922  922 924 4096
923  923 925 1204224
924  924 926 1204224
925  925 936 1204224
926  926 928 1204224
927  927 2447 2097152
928  928 930 602112
929  929 934 602112
930  930 932 602112
931  931 933 602112
932  932 934 602112
933  933 941 602112
934  934 937 2097152
935  935 937 1204224
936  936 938 602112
937  937 939 602112
938  938 940 602112
939  939 941 602112
940  940 942 602112
941  941 947 602112
942  942 944 602112
943  943 945 100352
944  944 946 100352
945  945 2448 2048
946  946 953 602112
947  947 949 602112
948  948 950 602112
949  949 951 100352
950  950 952 100352
951  951 2449 2048
952  952 954 602112
953  953 965 602112
954  954 956 602112
955  955 957 602112
956  956 958 100352
957  957 959 100352
958  958 960 2048
959  959 961 2048
960  960 963 2048
961  961 964 602112
962  962 964 602112
963  963 965 602112
964  964 1027 602112
965  965 968 602112
966  966 1016 602112
967  967 969 602112
968  968 970 602112
969  969 971 12288
970  970 972 12288
971  971 2450 2048
972  972 974 602112
973  973 975 602112
974  974 976 602112
975  975 977 12288
976  976 978 12288
977  977 2450 2048
978  978 980 602112
979  979 981 602112
980  980 982 602112
981  981 983 12288
982  982 984 12288
983  983 2450 2048
984  984 986 602112
985  985 987 602112
986  986 988 602112
987  987 989 12288
988  988 990 12288
989  989 2450 2048
990  990 992 602112
991  991 993 602112
992  992 994 602112
993  993 995 12288
994  994 996 12288
995  995 2450 2048
996  996 998 602112
997  997 999 602112
998  998 1000 602112
999  999 1001 12288
1000  1000 1002 12288
1001  1001 2450 2048
1002  1002 1004 602112
1003  1003 1005 602112
1004  1004 1006 602112
1005  1005 1007 12288
1006  1006 1008 12288
1007  1007 2450 2048
1008  1008 1010 602112
1009  1009 1011 602112
1010  1010 1012 602112
1011  1011 1013 12288
1012  1012 1014 12288
1013  1013 2450 2048
1014  1014 1016 602112
1015  1015 1017 602112
1016  1016 1018 602112
1017  1017 1019 12288
1018  1018 1020 12288
1019  1019 2450 2048
1020  1020 1022 2408448
1021  1021 1026 2408448
1022  1022 1024 2408448
1023  1023 1025 2408448
1024  1024 1026 2408448
1025  1025 1029 2408448
1026  1026 1028 602112
1027  1027 1029 2408448
1028  1028 1030 2408448
1029  1029 1035 2408448
1030  1030 1032 2408448
1031  1031 1033 401408
1032  1032 1034 401408
1033  1033 2451 2048
1034  1034 1041 2408448
1035  1035 1037 2408448
1036  1036 1038 2408448
1037  1037 1039 401408
1038  1038 1040 401408
1039  1039 2452 2048
1040  1040 1042 2408448
1041  1041 1053 2408448
1042  1042 1044 2408448
1043  1043 1045 2408448
1044  1044 1046 401408
1045  1045 1047 401408
1046  1046 1048 2048
1047  1047 1049 2048
1048  1048 1051 2048
1049  1049 1677 2408448
1050  1050 1052 2408448
1051  1051 1053 2408448
1052  1052 1063 2408448
1053  1053 1055 2408448
1054  1054 2453 1048576
1055  1055 1057 2408448
1056  1056 1061 2408448
1057  1057 1059 2408448
1058  1058 1060 2408448
1059  1059 1061 2408448
1060  1060 1068 2408448
1061  1061 1064 1048576
1062  1062 1064 2408448
1063  1063 1065 2408448
1064  1064 1066 2408448
1065  1065 1067 2408448
1066  1066 1068 2408448
1067  1067 1069 2408448
1068  1068 1074 2408448
1069  1069 1071 2408448
1070  1070 1072 401408
1071  1071 1073 401408
1072  1072 2454 2048
1073  1073 1080 2408448
1074  1074 1076 2408448
1075  1075 1077 2408448
1076  1076 1078 401408
1077  1077 1079 401408
1078  1078 2455 2048
1079  1079 1081 2408448
1080  1080 1091 2408448
1081  1081 1083 2408448
1082  1082 1084 2408448
1083  1083 1085 401408
1084  1084 1086 401408
1085  1085 1087 2048
1086  1086 1088 2048
1087  1087 1089 2048
1088  1088 1090 2408448
1089  1089 1091 2408448
1090  1090 1153 2408448
1091  1091 1094 2408448
1092  1092 1142 2408448
1093  1093 1095 2408448
1094  1094 1096 2408448
1095  1095 1097 12288
1096  1096 1098 12288
1097  1097 2456 2048
1098  1098 1100 2408448
1099  1099 1101 2408448
1100  1100 1102 2408448
1101  1101 1103 12288
1102  1102 1104 12288
1103  1103 2456 2048
1104  1104 1106 2408448
1105  1105 1107 2408448
1106  1106 1108 2408448
1107  1107 1109 12288
1108  1108 1110 12288
1109  1109 2456 2048
1110  1110 1112 2408448
1111  1111 1113 2408448
1112  1112 1114 2408448
1113  1113 1115 12288
1114  1114 1116 12288
1115  1115 2456 2048
1116  1116 1118 2408448
1117  1117 1119 2408448
1118  1118 1120 2408448
1119  1119 1121 12288
1120  1120 1122 12288
1121  1121 2456 2048
1122  1122 1124 2408448
1123  1123 1125 2408448
1124  1124 1126 2408448
1125  1125 1127 12288
1126  1126 1128 12288
1127  1127 2456 2048
1128  1128 1130 2408448
1129  1129 1131 2408448
1130  1130 1132 2408448
1131  1131 1133 12288
1132  1132 1134 12288
1133  1133 2456 2048
1134  1134 1136 2408448
1135  1135 1137 2408448
1136  1136 1138 2408448
1137  1137 1139 12288
1138  1138 1140 12288
1139  1139 2456 2048
1140  1140 1142 2408448
1141  1141 1143 2408448
1142  1142 1144 2408448
1143  1143 1145 12288
1144  1144 1146 12288
1145  1145 2456 2048
1146  1146 1148 2408448
1147  1147 1152 2408448
1148  1148 1150 2408448
1149  1149 1151 2408448
1150  1150 1152 2408448
1151  1151 1155 2408448
1152  1152 1154 2408448
1153  1153 1155 2408448
1154  1154 1156 2408448
1155  1155 1161 2408448
1156  1156 1158 2408448
1157  1157 1159 401408
1158  1158 1160 401408
1159  1159 2457 2048
1160  1160 1167 2408448
1161  1161 1163 2408448
1162  1162 1164 2408448
1163  1163 1165 401408
1164  1164 1166 401408
1165  1165 2458 2048
1166  1166 1168 2408448
1167  1167 1178 2408448
1168  1168 1170 2408448
1169  1169 1171 2408448
1170  1170 1172 401408
1171  1171 1173 401408
1172  1172 1174 2048
1173  1173 1175 2048
1174  1174 1176 2048
1175  1175 1177 2408448
1176  1176 1178 2408448
1177  1177 1188 2408448
1178  1178 1180 2408448
1179  1179 2459 1048576
1180  1180 1182 2408448
1181  1181 1186 2408448
1182  1182 1184 2408448
1183  1183 1185 2408448
1184  1184 1186 2408448
1185  1185 1193 2408448
1186  1186 1189 1048576
1187  1187 1189 2408448
1188  1188 1190 2408448
1189  1189 1191 2408448
1190  1190 1192 2408448
1191  1191 1193 2408448
1192  1192 1194 2408448
1193  1193 1199 2408448
1194  1194 1196 2408448
1195  1195 1197 401408
1196  1196 1198 401408
1197  1197 2460 2048
1198  1198 1205 2408448
1199  1199 1201 2408448
1200  1200 1202 2408448
1201  1201 1203 401408
1202  1202 1204 401408
1203  1203 2461 2048
1204  1204 1206 2408448
1205  1205 1216 2408448
1206  1206 1208 2408448
1207  1207 1209 2408448
1208  1208 1210 401408
1209  1209 1211 401408
1210  1210 1212 2048
1211  1211 1213 2048
1212  1212 1214 2048
1213  1213 1215 2408448
1214  1214 1216 2408448
1215  1215 1278 2408448
1216  1216 1219 2408448
1217  1217 1267 2408448
1218  1218 1220 2408448
1219  1219 1221 2408448
1220  1220 1222 12288
1221  1221 1223 12288
1222  1222 2462 2048
1223  1223 1225 2408448
1224  1224 1226 2408448
1225  1225 1227 2408448
1226  1226 1228 12288
1227  1227 1229 12288
1228  1228 2462 2048
1229  1229 1231 2408448
1230  1230 1232 2408448
1231  1231 1233 2408448
1232  1232 1234 12288
1233  1233 1235 12288
1234  1234 2462 2048
1235  1235 1237 2408448
1236  1236 1238 2408448
1237  1237 1239 2408448
1238  1238 1240 12288
1239  1239 1241 12288
1240  1240 2462 2048
1241  1241 1243 2408448
1242  1242 1244 2408448
1243  1243 1245 2408448
1244  1244 1246 12288
1245  1245 1247 12288
1246  1246 2462 2048
1247  1247 1249 2408448
1248  1248 1250 2408448
1249  1249 1251 2408448
1250  1250 1252 12288
1251  1251 1253 12288
1252  1252 2462 2048
1253  1253 1255 2408448
1254  1254 1256 2408448
1255  1255 1257 2408448
1256  1256 1258 12288
1257  1257 1259 12288
1258  1258 2462 2048
1259  1259 1261 2408448
1260  1260 1262 2408448
1261  1261 1263 2408448
1262  1262 1264 12288
1263  1263 1265 12288
1264  1264 2462 2048
1265  1265 1267 2408448
1266  1266 1268 2408448
1267  1267 1269 2408448
1268  1268 1270 12288
1269  1269 1271 12288
1270  1270 2462 2048
1271  1271 1273 2408448
1272  1272 1277 2408448
1273  1273 1275 2408448
1274  1274 1276 2408448
1275  1275 1277 2408448
1276  1276 1280 2408448
1277  1277 1279 2408448
1278  1278 1280 2408448
1279  1279 1281 2408448
1280  1280 1286 2408448
1281  1281 1283 2408448
1282  1282 1284 401408
1283  1283 1285 401408
1284  1284 2463 2048
1285  1285 1292 2408448
1286  1286 1288 2408448
1287  1287 1289 2408448
1288  1288 1290 401408
1289  1289 1291 401408
1290  1290 2464 2048
1291  1291 1293 2408448
1292  1292 1303 2408448
1293  1293 1295 2408448
1294  1294 1296 2408448
1295  1295 1297 401408
1296  1296 1298 401408
1297  1297 1299 2048
1298  1298 1300 2048
1299  1299 1301 2048
1300  1300 1302 2408448
1301  1301 1303 2408448
1302  1302 1313 2408448
1303  1303 1305 2408448
1304  1304 2465 1048576
1305  1305 1307 2408448
1306  1306 1311 2408448
1307  1307 1309 2408448
1308  1308 1310 2408448
1309  1309 1311 2408448
1310  1310 1318 2408448
1311  1311 1314 1048576
1312  1312 1314 2408448
1313  1313 1315 2408448
1314  1314 1316 2408448
1315  1315 1317 2408448
1316  1316 1318 2408448
1317  1317 1319 2408448
1318  1318 1324 2408448
1319  1319 1321 2408448
1320  1320 1322 401408
1321  1321 1323 401408
1322  1322 2466 2048
1323  1323 1330 2408448
1324  1324 1326 2408448
1325  1325 1327 2408448
1326  1326 1328 401408
1327  1327 1329 401408
1328  1328 2467 2048
1329  1329 1331 2408448
1330  1330 1341 2408448
1331  1331 1333 2408448
1332  1332 1334 2408448
1333  1333 1335 401408
1334  1334 1336 401408
1335  1335 1337 2048
1336  1336 1338 2048
1337  1337 1339 2048
1338  1338 1340 2408448
1339  1339 1341 2408448
1340  1340 1403 2408448
1341  1341 1344 2408448
1342  1342 1392 2408448
1343  1343 1345 2408448
1344  1344 1346 2408448
1345  1345 1347 12288
1346  1346 1348 12288
1347  1347 2468 2048
1348  1348 1350 2408448
1349  1349 1351 2408448
1350  1350 1352 2408448
1351  1351 1353 12288
1352  1352 1354 12288
1353  1353 2468 2048
1354  1354 1356 2408448
1355  1355 1357 2408448
1356  1356 1358 2408448
1357  1357 1359 12288
1358  1358 1360 12288
1359  1359 2468 2048
1360  1360 1362 2408448
1361  1361 1363 2408448
1362  1362 1364 2408448
1363  1363 1365 12288
1364  1364 1366 12288
1365  1365 2468 2048
1366  1366 1368 2408448
1367  1367 1369 2408448
1368  1368 1370 2408448
1369  1369 1371 12288
1370  1370 1372 12288
1371  1371 2468 2048
1372  1372 1374 2408448
1373  1373 1375 2408448
1374  1374 1376 2408448
1375  1375 1377 12288
1376  1376 1378 12288
1377  1377 2468 2048
1378  1378 1380 2408448
1379  1379 1381 2408448
1380  1380 1382 2408448
1381  1381 1383 12288
1382  1382 1384 12288
1383  1383 2468 2048
1384  1384 1386 2408448
1385  1385 1387 2408448
1386  1386 1388 2408448
1387  1387 1389 12288
1388  1388 1390 12288
1389  1389 2468 2048
1390  1390 1392 2408448
1391  1391 1393 2408448
1392  1392 1394 2408448
1393  1393 1395 12288
1394  1394 1396 12288
1395  1395 2468 2048
1396  1396 1398 2408448
1397  1397 1402 2408448
1398  1398 1400 2408448
1399  1399 1401 2408448
1400  1400 1402 2408448
1401  1401 1405 2408448
1402  1402 1404 2408448
1403  1403 1405 2408448
1404  1404 1406 2408448
1405  1405 1411 2408448
1406  1406 1408 2408448
1407  1407 1409 401408
1408  1408 1410 401408
1409  1409 2469 2048
1410  1410 1417 2408448
1411  1411 1413 2408448
1412  1412 1414 2408448
1413  1413 1415 401408
1414  1414 1416 401408
1415  1415 2470 2048
1416  1416 1418 2408448
1417  1417 1428 2408448
1418  1418 1420 2408448
1419  1419 1421 2408448
1420  1420 1422 401408
1421  1421 1423 401408
1422  1422 1424 2048
1423  1423 1425 2048
1424  1424 1426 2048
1425  1425 1427 2408448
1426  1426 1428 2408448
1427  1427 1438 2408448
1428  1428 1430 2408448
1429  1429 2471 1048576
1430  1430 1432 2408448
1431  1431 1436 2408448
1432  1432 1434 2408448
1433  1433 1435 2408448
1434  1434 1436 2408448
1435  1435 1443 2408448
1436  1436 1439 1048576
1437  1437 1439 2408448
1438  1438 1440 2408448
1439  1439 1441 2408448
1440  1440 1442 2408448
1441  1441 1443 2408448
1442  1442 1444 2408448
1443  1443 1449 2408448
1444  1444 1446 2408448
1445  1445 1447 401408
1446  1446 1448 401408
1447  1447 2472 2048
1448  1448 1455 2408448
1449  1449 1451 2408448
1450  1450 1452 2408448
1451  1451 1453 401408
1452  1452 1454 401408
1453  1453 2473 2048
1454  1454 1456 2408448
1455  1455 1466 2408448
1456  1456 1458 2408448
1457  1457 1459 2408448
1458  1458 1460 401408
1459  1459 1461 401408
1460  1460 1462 2048
1461  1461 1463 2048
1462  1462 1464 2048
1463  1463 1465 2408448
1464  1464 1466 2408448
1465  1465 1528 2408448
1466  1466 1469 2408448
1467  1467 1517 2408448
1468  1468 1470 2408448
1469  1469 1471 2408448
1470  1470 1472 12288
1471  1471 1473 12288
1472  1472 2474 2048
1473  1473 1475 2408448
1474  1474 1476 2408448
1475  1475 1477 2408448
1476  1476 1478 12288
1477  1477 1479 12288
1478  1478 2474 2048
1479  1479 1481 2408448
1480  1480 1482 2408448
1481  1481 1483 2408448
1482  1482 1484 12288
1483  1483 1485 12288
1484  1484 2474 2048
1485  1485 1487 2408448
1486  1486 1488 2408448
1487  1487 1489 2408448
1488  1488 1490 12288
1489  1489 1491 12288
1490  1490 2474 2048
1491  1491 1493 2408448
1492  1492 1494 2408448
1493  1493 1495 2408448
1494  1494 1496 12288
1495  1495 1497 12288
1496  1496 2474 2048
1497  1497 1499 2408448
1498  1498 1500 2408448
1499  1499 1501 2408448
1500  1500 1502 12288
1501  1501 1503 12288
1502  1502 2474 2048
1503  1503 1505 2408448
1504  1504 1506 2408448
1505  1505 1507 2408448
1506  1506 1508 12288
1507  1507 1509 12288
1508  1508 2474 2048
1509  1509 1511 2408448
1510  1510 1512 2408448
1511  1511 1513 2408448
1512  1512 1514 12288
1513  1513 1515 12288
1514  1514 2474 2048
1515  1515 1517 2408448
1516  1516 1518 2408448
1517  1517 1519 2408448
1518  1518 1520 12288
1519  1519 1521 12288
1520  1520 2474 2048
1521  1521 1523 2408448
1522  1522 1527 2408448
1523  1523 1525 2408448
1524  1524 1526 2408448
1525  1525 1527 2408448
1526  1526 1530 2408448
1527  1527 1529 2408448
1528  1528 1530 2408448
1529  1529 1531 2408448
1530  1530 1536 2408448
1531  1531 1533 2408448
1532  1532 1534 401408
1533  1533 1535 401408
1534  1534 2475 2048
1535  1535 1542 2408448
1536  1536 1538 2408448
1537  1537 1539 2408448
1538  1538 1540 401408
1539  1539 1541 401408
1540  1540 2476 2048
1541  1541 1543 2408448
1542  1542 1553 2408448
1543  1543 1545 2408448
1544  1544 1546 2408448
1545  1545 1547 401408
1546  1546 1548 401408
1547  1547 1549 2048
1548  1548 1550 2048
1549  1549 1551 2048
1550  1550 1552 2408448
1551  1551 1553 2408448
1552  1552 1563 2408448
1553  1553 1555 2408448
1554  1554 2477 1048576
1555  1555 1557 2408448
1556  1556 1561 2408448
1557  1557 1559 2408448
1558  1558 1560 2408448
1559  1559 1561 2408448
1560  1560 1568 2408448
1561  1561 1564 1048576
1562  1562 1564 2408448
1563  1563 1565 2408448
1564  1564 1566 2408448
1565  1565 1567 2408448
1566  1566 1568 2408448
1567  1567 1569 2408448
1568  1568 1574 2408448
1569  1569 1571 2408448
1570  1570 1572 401408
1571  1571 1573 401408
1572  1572 2478 2048
1573  1573 1580 2408448
1574  1574 1576 2408448
1575  1575 1577 2408448
1576  1576 1578 401408
1577  1577 1579 401408
1578  1578 2479 2048
1579  1579 1581 2408448
1580  1580 1591 2408448
1581  1581 1583 2408448
1582  1582 1584 2408448
1583  1583 1585 401408
1584  1584 1586 401408
1585  1585 1587 2048
1586  1586 1588 2048
1587  1587 1589 2048
1588  1588 1590 2408448
1589  1589 1591 2408448
1590  1590 1653 2408448
1591  1591 1594 2408448
1592  1592 1642 2408448
1593  1593 1595 2408448
1594  1594 1596 2408448
1595  1595 1597 12288
1596  1596 1598 12288
1597  1597 2480 2048
1598  1598 1600 2408448
1599  1599 1601 2408448
1600  1600 1602 2408448
1601  1601 1603 12288
1602  1602 1604 12288
1603  1603 2480 2048
1604  1604 1606 2408448
1605  1605 1607 2408448
1606  1606 1608 2408448
1607  1607 1609 12288
1608  1608 1610 12288
1609  1609 2480 2048
1610  1610 1612 2408448
1611  1611 1613 2408448
1612  1612 1614 2408448
1613  1613 1615 12288
1614  1614 1616 12288
1615  1615 2480 2048
1616  1616 1618 2408448
1617  1617 1619 2408448
1618  1618 1620 2408448
1619  1619 1621 12288
1620  1620 1622 12288
1621  1621 2480 2048
1622  1622 1624 2408448
1623  1623 1625 2408448
1624  1624 1626 2408448
1625  1625 1627 12288
1626  1626 1628 12288
1627  1627 2480 2048
1628  1628 1630 2408448
1629  1629 1631 2408448
1630  1630 1632 2408448
1631  1631 1633 12288
1632  1632 1634 12288
1633  1633 2480 2048
1634  1634 1636 2408448
1635  1635 1637 2408448
1636  1636 1638 2408448
1637  1637 1639 12288
1638  1638 1640 12288
1639  1639 2480 2048
1640  1640 1642 2408448
1641  1641 1643 2408448
1642  1642 1644 2408448
1643  1643 1645 12288
1644  1644 1646 12288
1645  1645 2480 2048
1646  1646 1648 2408448
1647  1647 1652 2408448
1648  1648 1650 2408448
1649  1649 1651 2408448
1650  1650 1652 2408448
1651  1651 1655 2408448
1652  1652 1654 2408448
1653  1653 1655 2408448
1654  1654 1656 2408448
1655  1655 1661 2408448
1656  1656 1658 2408448
1657  1657 1659 401408
1658  1658 1660 401408
1659  1659 2481 2048
1660  1660 1667 2408448
1661  1661 1663 2408448
1662  1662 1664 2408448
1663  1663 1665 401408
1664  1664 1666 401408
1665  1665 2482 2048
1666  1666 1668 2408448
1667  1667 1678 2408448
1668  1668 1670 2408448
1669  1669 1671 2408448
1670  1670 1672 401408
1671  1671 1673 401408
1672  1672 1674 2048
1673  1673 1675 2048
1674  1674 1676 2048
1675  1675 1677 2408448
1676  1676 1678 2408448
1677  1677 1688 2408448
1678  1678 1680 2408448
1679  1679 2483 524288
1680  1680 1682 1204224
1681  1681 1686 1204224
1682  1682 1684 1204224
1683  1683 1685 1204224
1684  1684 1686 1204224
1685  1685 1693 1204224
1686  1686 1689 524288
1687  1687 1689 2408448
1688  1688 1690 1204224
1689  1689 1691 1204224
1690  1690 1692 1204224
1691  1691 1693 1204224
1692  1692 1694 1204224
1693  1693 1699 1204224
1694  1694 1696 1204224
1695  1695 1697 200704
1696  1696 1698 200704
1697  1697 2484 1024
1698  1698 1705 1204224
1699  1699 1701 1204224
1700  1700 1702 1204224
1701  1701 1703 200704
1702  1702 1704 200704
1703  1703 2485 1024
1704  1704 1706 1204224
1705  1705 1717 1204224
1706  1706 1708 1204224
1707  1707 1709 1204224
1708  1708 1710 200704
1709  1709 1711 200704
1710  1710 1712 1024
1711  1711 1713 1024
1712  1712 1715 1024
1713  1713 1716 1204224
1714  1714 1716 1204224
1715  1715 1717 1204224
1716  1716 1779 1204224
1717  1717 1720 1204224
1718  1718 1768 1204224
1719  1719 1721 1204224
1720  1720 1722 1204224
1721  1721 1723 6144
1722  1722 1724 6144
1723  1723 2486 1024
1724  1724 1726 1204224
1725  1725 1727 1204224
1726  1726 1728 1204224
1727  1727 1729 6144
1728  1728 1730 6144
1729  1729 2486 1024
1730  1730 1732 1204224
1731  1731 1733 1204224
1732  1732 1734 1204224
1733  1733 1735 6144
1734  1734 1736 6144
1735  1735 2486 1024
1736  1736 1738 1204224
1737  1737 1739 1204224
1738  1738 1740 1204224
1739  1739 1741 6144
1740  1740 1742 6144
1741  1741 2486 1024
1742  1742 1744 1204224
1743  1743 1745 1204224
1744  1744 1746 1204224
1745  1745 1747 6144
1746  1746 1748 6144
1747  1747 2486 1024
1748  1748 1750 1204224
1749  1749 1751 1204224
1750  1750 1752 1204224
1751  1751 1753 6144
1752  1752 1754 6144
1753  1753 2486 1024
1754  1754 1756 1204224
1755  1755 1757 1204224
1756  1756 1758 1204224
1757  1757 1759 6144
1758  1758 1760 6144
1759  1759 2486 1024
1760  1760 1762 1204224
1761  1761 1763 1204224
1762  1762 1764 1204224
1763  1763 1765 6144
1764  1764 1766 6144
1765  1765 2486 1024
1766  1766 1768 1204224
1767  1767 1769 1204224
1768  1768 1770 1204224
1769  1769 1771 6144
1770  1770 1772 6144
1771  1771 2486 1024
1772  1772 1774 4816896
1773  1773 1778 4816896
1774  1774 1776 4816896
1775  1775 1777 4816896
1776  1776 1778 4816896
1777  1777 1781 4816896
1778  1778 1780 1204224
1779  1779 1781 4816896
1780  1780 1782 4816896
1781  1781 1787 4816896
1782  1782 1784 4816896
1783  1783 1785 802816
1784  1784 1786 802816
1785  1785 2487 1024
1786  1786 1793 4816896
1787  1787 1789 4816896
1788  1788 1790 4816896
1789  1789 1791 802816
1790  1790 1792 802816
1791  1791 2488 1024
1792  1792 1794 4816896
1793  1793 1805 4816896
1794  1794 1796 4816896
1795  1795 1797 4816896
1796  1796 1798 802816
1797  1797 1799 802816
1798  1798 1800 1024
1799  1799 1801 1024
1800  1800 1803 1024
1801  1801 1929 4816896
1802  1802 1804 4816896
1803  1803 1805 4816896
1804  1804 1815 4816896
1805  1805 1807 4816896
1806  1806 2489 262144
1807  1807 1809 4816896
1808  1808 1813 4816896
1809  1809 1811 4816896
1810  1810 1812 4816896
1811  1811 1813 4816896
1812  1812 1820 4816896
1813  1813 1816 262144
1814  1814 1816 4816896
1815  1815 1817 4816896
1816  1816 1818 4816896
1817  1817 1819 4816896
1818  1818 1820 4816896
1819  1819 1821 4816896
1820  1820 1826 4816896
1821  1821 1823 4816896
1822  1822 1824 802816
1823  1823 1825 802816
1824  1824 2490 1024
1825  1825 1832 4816896
1826  1826 1828 4816896
1827  1827 1829 4816896
1828  1828 1830 802816
1829  1829 1831 802816
1830  1830 2491 1024
1831  1831 1833 4816896
1832  1832 1843 4816896
1833  1833 1835 4816896
1834  1834 1836 4816896
1835  1835 1837 802816
1836  1836 1838 802816
1837  1837 1839 1024
1838  1838 1840 1024
1839  1839 1841 1024
1840  1840 1842 4816896
1841  1841 1843 4816896
1842  1842 1905 4816896
1843  1843 1846 4816896
1844  1844 1894 4816896
1845  1845 1847 4816896
1846  1846 1848 4816896
1847  1847 1849 6144
1848  1848 1850 6144
1849  1849 2492 1024
1850  1850 1852 4816896
1851  1851 1853 4816896
1852  1852 1854 4816896
1853  1853 1855 6144
1854  1854 1856 6144
1855  1855 2492 1024
1856  1856 1858 4816896
1857  1857 1859 4816896
1858  1858 1860 4816896
1859  1859 1861 6144
1860  1860 1862 6144
1861  1861 2492 1024
1862  1862 1864 4816896
1863  1863 1865 4816896
1864  1864 1866 4816896
1865  1865 1867 6144
1866  1866 1868 6144
1867  1867 2492 1024
1868  1868 1870 4816896
1869  1869 1871 4816896
1870  1870 1872 4816896
1871  1871 1873 6144
1872  1872 1874 6144
1873  1873 2492 1024
1874  1874 1876 4816896
1875  1875 1877 4816896
1876  1876 1878 4816896
1877  1877 1879 6144
1878  1878 1880 6144
1879  1879 2492 1024
1880  1880 1882 4816896
1881  1881 1883 4816896
1882  1882 1884 4816896
1883  1883 1885 6144
1884  1884 1886 6144
1885  1885 2492 1024
1886  1886 1888 4816896
1887  1887 1889 4816896
1888  1888 1890 4816896
1889  1889 1891 6144
1890  1890 1892 6144
1891  1891 2492 1024
1892  1892 1894 4816896
1893  1893 1895 4816896
1894  1894 1896 4816896
1895  1895 1897 6144
1896  1896 1898 6144
1897  1897 2492 1024
1898  1898 1900 4816896
1899  1899 1904 4816896
1900  1900 1902 4816896
1901  1901 1903 4816896
1902  1902 1904 4816896
1903  1903 1907 4816896
1904  1904 1906 4816896
1905  1905 1907 4816896
1906  1906 1908 4816896
1907  1907 1913 4816896
1908  1908 1910 4816896
1909  1909 1911 802816
1910  1910 1912 802816
1911  1911 2493 1024
1912  1912 1919 4816896
1913  1913 1915 4816896
1914  1914 1916 4816896
1915  1915 1917 802816
1916  1916 1918 802816
1917  1917 2494 1024
1918  1918 1920 4816896
1919  1919 1930 4816896
1920  1920 1922 4816896
1921  1921 1923 4816896
1922  1922 1924 802816
1923  1923 1925 802816
1924  1924 1926 1024
1925  1925 1927 1024
1926  1926 1928 1024
1927  1927 1929 4816896
1928  1928 1930 4816896
1929  1929 1940 4816896
1930  1930 1932 4816896
1931  1931 2495 131072
1932  1932 1934 2408448
1933  1933 1938 2408448
1934  1934 1936 2408448
1935  1935 1937 2408448
1936  1936 1938 2408448
1937  1937 1945 2408448
1938  1938 1941 131072
1939  1939 1941 4816896
1940  1940 1942 2408448
1941  1941 1943 2408448
1942  1942 1944 2408448
1943  1943 1945 2408448
1944  1944 1946 2408448
1945  1945 1951 2408448
1946  1946 1948 2408448
1947  1947 1949 401408
1948  1948 1950 401408
1949  1949 2496 512
1950  1950 1957 2408448
1951  1951 1953 2408448
1952  1952 1954 2408448
1953  1953 1955 401408
1954  1954 1956 401408
1955  1955 2497 512
1956  1956 1958 2408448
1957  1957 1969 2408448
1958  1958 1960 2408448
1959  1959 1961 2408448
1960  1960 1962 401408
1961  1961 1963 401408
1962  1962 1964 512
1963  1963 1965 512
1964  1964 1967 512
1965  1965 1968 2408448
1966  1966 1968 2408448
1967  1967 1969 2408448
1968  1968 2031 2408448
1969  1969 1972 2408448
1970  1970 2020 2408448
1971  1971 1973 2408448
1972  1972 1974 2408448
1973  1973 1975 3072
1974  1974 1976 3072
1975  1975 2498 512
1976  1976 1978 2408448
1977  1977 1979 2408448
1978  1978 1980 2408448
1979  1979 1981 3072
1980  1980 1982 3072
1981  1981 2498 512
1982  1982 1984 2408448
1983  1983 1985 2408448
1984  1984 1986 2408448
1985  1985 1987 3072
1986  1986 1988 3072
1987  1987 2498 512
1988  1988 1990 2408448
1989  1989 1991 2408448
1990  1990 1992 2408448
1991  1991 1993 3072
1992  1992 1994 3072
1993  1993 2498 512
1994  1994 1996 2408448
1995  1995 1997 2408448
1996  1996 1998 2408448
1997  1997 1999 3072
1998  1998 2000 3072
1999  1999 2498 512
2000  2000 2002 2408448
2001  2001 2003 2408448
2002  2002 2004 2408448
2003  2003 2005 3072
2004  2004 2006 3072
2005  2005 2498 512
2006  2006 2008 2408448
2007  2007 2009 2408448
2008  2008 2010 2408448
2009  2009 2011 3072
2010  2010 2012 3072
2011  2011 2498 512
2012  2012 2014 2408448
2013  2013 2015 2408448
2014  2014 2016 2408448
2015  2015 2017 3072
2016  2016 2018 3072
2017  2017 2498 512
2018  2018 2020 2408448
2019  2019 2021 2408448
2020  2020 2022 2408448
2021  2021 2023 3072
2022  2022 2024 3072
2023  2023 2498 512
2024  2024 2026 9633792
2025  2025 2030 9633792
2026  2026 2028 9633792
2027  2027 2029 9633792
2028  2028 2030 9633792
2029  2029 2033 9633792
2030  2030 2032 2408448
2031  2031 2033 9633792
2032  2032 2034 9633792
2033  2033 2039 9633792
2034  2034 2036 9633792
2035  2035 2037 1605632
2036  2036 2038 1605632
2037  2037 2499 512
2038  2038 2045 9633792
2039  2039 2041 9633792
2040  2040 2042 9633792
2041  2041 2043 1605632
2042  2042 2044 1605632
2043  2043 2500 512
2044  2044 2046 9633792
2045  2045 2057 9633792
2046  2046 2048 9633792
2047  2047 2049 9633792
2048  2048 2050 1605632
2049  2049 2051 1605632
2050  2050 2052 512
2051  2051 2053 512
2052  2052 2055 512
2053  2053 2181 9633792
2054  2054 2056 9633792
2055  2055 2057 9633792
2056  2056 2067 9633792
2057  2057 2059 9633792
2058  2058 2501 65536
2059  2059 2061 9633792
2060  2060 2065 9633792
2061  2061 2063 9633792
2062  2062 2064 9633792
2063  2063 2065 9633792
2064  2064 2072 9633792
2065  2065 2068 65536
2066  2066 2068 9633792
2067  2067 2069 9633792
2068  2068 2070 9633792
2069  2069 2071 9633792
2070  2070 2072 9633792
2071  2071 2073 9633792
2072  2072 2078 9633792
2073  2073 2075 9633792
2074  2074 2076 1605632
2075  2075 2077 1605632
2076  2076 2502 512
2077  2077 2084 9633792
2078  2078 2080 9633792
2079  2079 2081 9633792
2080  2080 2082 1605632
2081  2081 2083 1605632
2082  2082 2503 512
2083  2083 2085 9633792
2084  2084 2095 9633792
2085  2085 2087 9633792
2086  2086 2088 9633792
2087  2087 2089 1605632
2088  2088 2090 1605632
2089  2089 2091 512
2090  2090 2092 512
2091  2091 2093 512
2092  2092 2094 9633792
2093  2093 2095 9633792
2094  2094 2157 9633792
2095  2095 2098 9633792
2096  2096 2146 9633792
2097  2097 2099 9633792
2098  2098 2100 9633792
2099  2099 2101 3072
2100  2100 2102 3072
2101  2101 2504 512
2102  2102 2104 9633792
2103  2103 2105 9633792
2104  2104 2106 9633792
2105  2105 2107 3072
2106  2106 2108 3072
2107  2107 2504 512
2108  2108 2110 9633792
2109  2109 2111 9633792
2110  2110 2112 9633792
2111  2111 2113 3072
2112  2112 2114 3072
2113  2113 2504 512
2114  2114 2116 9633792
2115  2115 2117 9633792
2116  2116 2118 9633792
2117  2117 2119 3072
2118  2118 2120 3072
2119  2119 2504 512
2120  2120 2122 9633792
2121  2121 2123 9633792
2122  2122 2124 9633792
2123  2123 2125 3072
2124  2124 2126 3072
2125  2125 2504 512
2126  2126 2128 9633792
2127  2127 2129 9633792
2128  2128 2130 9633792
2129  2129 2131 3072
2130  2130 2132 3072
2131  2131 2504 512
2132  2132 2134 9633792
2133  2133 2135 9633792
2134  2134 2136 9633792
2135  2135 2137 3072
2136  2136 2138 3072
2137  2137 2504 512
2138  2138 2140 9633792
2139  2139 2141 9633792
2140  2140 2142 9633792
2141  2141 2143 3072
2142  2142 2144 3072
2143  2143 2504 512
2144  2144 2146 9633792
2145  2145 2147 9633792
2146  2146 2148 9633792
2147  2147 2149 3072
2148  2148 2150 3072
2149  2149 2504 512
2150  2150 2152 9633792
2151  2151 2156 9633792
2152  2152 2154 9633792
2153  2153 2155 9633792
2154  2154 2156 9633792
2155  2155 2159 9633792
2156  2156 2158 9633792
2157  2157 2159 9633792
2158  2158 2160 9633792
2159  2159 2165 9633792
2160  2160 2162 9633792
2161  2161 2163 1605632
2162  2162 2164 1605632
2163  2163 2505 512
2164  2164 2171 9633792
2165  2165 2167 9633792
2166  2166 2168 9633792
2167  2167 2169 1605632
2168  2168 2170 1605632
2169  2169 2506 512
2170  2170 2172 9633792
2171  2171 2182 9633792
2172  2172 2174 9633792
2173  2173 2175 9633792
2174  2174 2176 1605632
2175  2175 2177 1605632
2176  2176 2178 512
2177  2177 2179 512
2178  2178 2180 512
2179  2179 2181 9633792
2180  2180 2182 9633792
2181  2181 2192 9633792
2182  2182 2184 9633792
2183  2183 2507 32768
2184  2184 2186 4816896
2185  2185 2190 4816896
2186  2186 2188 4816896
2187  2187 2189 4816896
2188  2188 2190 4816896
2189  2189 2197 4816896
2190  2190 2193 32768
2191  2191 2193 9633792
2192  2192 2194 4816896
2193  2193 2195 4816896
2194  2194 2196 4816896
2195  2195 2197 4816896
2196  2196 2198 4816896
2197  2197 2203 4816896
2198  2198 2200 4816896
2199  2199 2201 802816
2200  2200 2202 802816
2201  2201 2508 256
2202  2202 2209 4816896
2203  2203 2205 4816896
2204  2204 2206 4816896
2205  2205 2207 802816
2206  2206 2208 802816
2207  2207 2509 256
2208  2208 2210 4816896
2209  2209 2221 4816896
2210  2210 2212 4816896
2211  2211 2213 4816896
2212  2212 2214 802816
2213  2213 2215 802816
2214  2214 2216 256
2215  2215 2217 256
2216  2216 2219 256
2217  2217 2220 4816896
2218  2218 2220 4816896
2219  2219 2221 4816896
2220  2220 2283 4816896
2221  2221 2224 4816896
2222  2222 2272 4816896
2223  2223 2225 4816896
2224  2224 2226 4816896
2225  2225 2227 1536
2226  2226 2228 1536
2227  2227 2510 256
2228  2228 2230 4816896
2229  2229 2231 4816896
2230  2230 2232 4816896
2231  2231 2233 1536
2232  2232 2234 1536
2233  2233 2510 256
2234  2234 2236 4816896
2235  2235 2237 4816896
2236  2236 2238 4816896
2237  2237 2239 1536
2238  2238 2240 1536
2239  2239 2510 256
2240  2240 2242 4816896
2241  2241 2243 4816896
2242  2242 2244 4816896
2243  2243 2245 1536
2244  2244 2246 1536
2245  2245 2510 256
2246  2246 2248 4816896
2247  2247 2249 4816896
2248  2248 2250 4816896
2249  2249 2251 1536
2250  2250 2252 1536
2251  2251 2510 256
2252  2252 2254 4816896
2253  2253 2255 4816896
2254  2254 2256 4816896
2255  2255 2257 1536
2256  2256 2258 1536
2257  2257 2510 256
2258  2258 2260 4816896
2259  2259 2261 4816896
2260  2260 2262 4816896
2261  2261 2263 1536
2262  2262 2264 1536
2263  2263 2510 256
2264  2264 2266 4816896
2265  2265 2267 4816896
2266  2266 2268 4816896
2267  2267 2269 1536
2268  2268 2270 1536
2269  2269 2510 256
2270  2270 2272 4816896
2271  2271 2273 4816896
2272  2272 2274 4816896
2273  2273 2275 1536
2274  2274 2276 1536
2275  2275 2510 256
2276  2276 2278 19267584
2277  2277 2282 19267584
2278  2278 2280 19267584
2279  2279 2281 19267584
2280  2280 2282 19267584
2281  2281 2285 19267584
2282  2282 2284 4816896
2283  2283 2285 19267584
2284  2284 2286 19267584
2285  2285 2291 19267584
2286  2286 2288 19267584
2287  2287 2289 3211264
2288  2288 2290 3211264
2289  2289 2511 256
2290  2290 2297 19267584
2291  2291 2293 19267584
2292  2292 2294 19267584
2293  2293 2295 3211264
2294  2294 2296 3211264
2295  2295 2512 256
2296  2296 2298 19267584
2297  2297 2309 19267584
2298  2298 2300 19267584
2299  2299 2301 19267584
2300  2300 2302 3211264
2301  2301 2303 3211264
2302  2302 2304 256
2303  2303 2305 256
2304  2304 2307 256
2305  2305 2308 19267584
2306  2306 2308 19267584
2307  2307 2309 19267584
2308  2308 2319 19267584
2309  2309 2311 19267584
2310  2310 2513 8192
2311  2311 2313 9633792
2312  2312 2317 9633792
2313  2313 2315 9633792
2314  2314 2316 9633792
2315  2315 2317 9633792
2316  2316 2324 9633792
2317  2317 2320 8192
2318  2318 2320 19267584
2319  2319 2321 9633792
2320  2320 2322 9633792
2321  2321 2323 9633792
2322  2322 2324 9633792
2323  2323 2325 9633792
2324  2324 2330 9633792
2325  2325 2327 9633792
2326  2326 2328 1605632
2327  2327 2329 1605632
2328  2328 2514 128
2329  2329 2336 9633792
2330  2330 2332 9633792
2331  2331 2333 9633792
2332  2332 2334 1605632
2333  2333 2335 1605632
2334  2334 2515 128
2335  2335 2337 9633792
2336  2336 2348 9633792
2337  2337 2339 9633792
2338  2338 2340 9633792
2339  2339 2341 1605632
2340  2340 2342 1605632
2341  2341 2343 128
2342  2342 2344 128
2343  2343 2346 128
2344  2344 2434 9633792
2345  2345 2347 9633792
2346  2346 2348 9633792
2347  2347 2410 9633792
2348  2348 2351 9633792
2349  2349 2399 9633792
2350  2350 2352 9633792
2351  2351 2353 9633792
2352  2352 2354 768
2353  2353 2355 768
2354  2354 2516 128
2355  2355 2357 9633792
2356  2356 2358 9633792
2357  2357 2359 9633792
2358  2358 2360 768
2359  2359 2361 768
2360  2360 2516 128
2361  2361 2363 9633792
2362  2362 2364 9633792
2363  2363 2365 9633792
2364  2364 2366 768
2365  2365 2367 768
2366  2366 2516 128
2367  2367 2369 9633792
2368  2368 2370 9633792
2369  2369 2371 9633792
2370  2370 2372 768
2371  2371 2373 768
2372  2372 2516 128
2373  2373 2375 9633792
2374  2374 2376 9633792
2375  2375 2377 9633792
2376  2376 2378 768
2377  2377 2379 768
2378  2378 2516 128
2379  2379 2381 9633792
2380  2380 2382 9633792
2381  2381 2383 9633792
2382  2382 2384 768
2383  2383 2385 768
2384  2384 2516 128
2385  2385 2387 9633792
2386  2386 2388 9633792
2387  2387 2389 9633792
2388  2388 2390 768
2389  2389 2391 768
2390  2390 2516 128
2391  2391 2393 9633792
2392  2392 2394 9633792
2393  2393 2395 9633792
2394  2394 2396 768
2395  2395 2397 768
2396  2396 2516 128
2397  2397 2399 9633792
2398  2398 2400 9633792
2399  2399 2401 9633792
2400  2400 2402 768
2401  2401 2403 768
2402  2402 2516 128
2403  2403 2405 9633792
2404  2404 2409 9633792
2405  2405 2407 9633792
2406  2406 2408 9633792
2407  2407 2409 9633792
2408  2408 2412 9633792
2409  2409 2411 9633792
2410  2410 2412 9633792
2411  2411 2413 9633792
2412  2412 2418 9633792
2413  2413 2415 9633792
2414  2414 2416 1605632
2415  2415 2417 1605632
2416  2416 2517 128
2417  2417 2424 9633792
2418  2418 2420 9633792
2419  2419 2421 9633792
2420  2420 2422 1605632
2421  2421 2423 1605632
2422  2422 2518 128
2423  2423 2425 9633792
2424  2424 2435 9633792
2425  2425 2427 9633792
2426  2426 2428 9633792
2427  2427 2429 1605632
2428  2428 2430 1605632
2429  2429 2431 128
2430  2430 2432 128
2431  2431 2433 128
2432  2432 2434 9633792
2433  2433 2435 9633792
2434  2434 2436 9633792
2435  2435 2437 9633792
2436  2436 2519 3456
2437  2437 2519 4032
2438  2438 2519 4096
2439  2439 2519 4096
2440  2440 2519 4194304
2441  2441 2519 4096
2442  2442 2519 4096
2443  2443 2519 36864
2444  2444 2519 4096
2445  2445 2519 4096
2446  2446 2519 2097152
2447  2447 2519 2048
2448  2448 2519 2048
2449  2449 2519 18432
2450  2450 2519 2048
2451  2451 2519 2048
2452  2452 2519 1048576
2453  2453 2519 2048
2454  2454 2519 2048
2455  2455 2519 18432
2456  2456 2519 2048
2457  2457 2519 2048
2458  2458 2519 1048576
2459  2459 2519 2048
2460  2460 2519 2048
2461  2461 2519 18432
2462  2462 2519 2048
2463  2463 2519 2048
2464  2464 2519 1048576
2465  2465 2519 2048
2466  2466 2519 2048
2467  2467 2519 18432
2468  2468 2519 2048
2469  2469 2519 2048
2470  2470 2519 1048576
2471  2471 2519 2048
2472  2472 2519 2048
2473  2473 2519 18432
2474  2474 2519 2048
2475  2475 2519 2048
2476  2476 2519 1048576
2477  2477 2519 2048
2478  2478 2519 2048
2479  2479 2519 18432
2480  2480 2519 2048
2481  2481 2519 2048
2482  2482 2519 524288
2483  2483 2519 1024
2484  2484 2519 1024
2485  2485 2519 9216
2486  2486 2519 1024
2487  2487 2519 1024
2488  2488 2519 262144
2489  2489 2519 1024
2490  2490 2519 1024
2491  2491 2519 9216
2492  2492 2519 1024
2493  2493 2519 1024
2494  2494 2519 131072
2495  2495 2519 512
2496  2496 2519 512
2497  2497 2519 4608
2498  2498 2519 512
2499  2499 2519 512
2500  2500 2519 65536
2501  2501 2519 512
2502  2502 2519 512
2503  2503 2519 4608
2504  2504 2519 512
2505  2505 2519 512
2506  2506 2519 32768
2507  2507 2519 256
2508  2508 2519 256
2509  2509 2519 2304
2510  2510 2519 256
2511  2511 2519 256
2512  2512 2519 8192
2513  2513 2519 128
2514  2514 2519 128
2515  2515 2519 1152
2516  2516 2519 128
2517  2517 2519 128
2518  2518 2519 3456
