17:0  17 18 5419008
19:0  19 20 3456
19:1  19 20 12644352
19:2  19 20 14450688
19:3  19 20 2624
45:0  45 46 1152
45:1  45 46 128
46:0  46 47 14450688
71:0  71 72 14450688
73:0  73 74 8192
73:1  73 74 14450688
73:2  73 74 28901376
73:3  73 74 3072
99:0  99 100 2304
99:1  99 100 256
100:0  100 101 7225344
125:0  125 126 7225344
127:0  127 128 32768
127:1  127 128 7225344
127:2  127 128 14450688
127:3  127 128 6144
153:0  153 154 4608
153:1  153 154 512
154:0  154 155 14450688
179:0  179 180 14450688
181:0  181 182 65536
181:1  181 182 14450688
181:2  181 182 14450688
181:3  181 182 12288
207:0  207 208 4608
207:1  207 208 512
208:0  208 209 3612672
233:0  233 234 3612672
235:0  235 236 131072
235:1  235 236 3612672
235:2  235 236 7225344
235:3  235 236 1806336
235:4  235 236 32768
235:11  235 236 6144
261:0  261 262 9216
261:1  261 262 1024
262:0  262 263 7225344
287:0  287 288 7225344
289:0  289 290 262144
289:1  289 290 7225344
289:2  289 290 7225344
289:3  289 290 1806336
289:4  289 290 65536
289:11  289 290 12288
315:0  315 316 9216
315:1  315 316 1024
316:0  316 317 1806336
341:0  341 342 1806336
343:0  343 344 524288
343:1  343 344 1806336
343:2  343 344 3612672
343:3  343 344 897024
343:4  343 344 131072
343:11  343 344 12288
343:12  343 344 24576
369:0  369 370 18432
369:1  369 370 2048
370:0  370 371 3612672
395:0  395 396 3612672
397:0  397 398 1048576
397:1  397 398 3612672
397:2  397 398 3612672
397:3  397 398 897024
397:4  397 398 262144
397:65  397 398 221184
397:66  397 398 65536
397:73  397 398 12288
397:74  397 398 24576
397:75  397 398 49152
423:0  423 424 18432
423:1  423 424 2048
424:0  424 425 3612672
449:0  449 450 3612672
451:0  451 452 1048576
451:1  451 452 3612672
451:2  451 452 3612672
451:3  451 452 897024
451:4  451 452 262144
451:65  451 452 221184
451:66  451 452 65536
451:73  451 452 12288
451:74  451 452 24576
451:75  451 452 49152
477:0  477 478 18432
477:1  477 478 2048
478:0  478 479 3612672
503:0  503 504 3612672
505:0  505 506 1048576
505:1  505 506 3612672
505:2  505 506 3612672
505:3  505 506 897024
505:4  505 506 262144
505:65  505 506 221184
505:66  505 506 65536
505:73  505 506 12288
505:74  505 506 24576
505:75  505 506 49152
531:0  531 532 18432
531:1  531 532 2048
532:0  532 533 3612672
557:0  557 558 3612672
559:0  559 560 1048576
559:1  559 560 3612672
559:2  559 560 3612672
559:3  559 560 897024
559:4  559 560 262144
559:65  559 560 221184
559:66  559 560 65536
559:73  559 560 12288
559:74  559 560 24576
559:75  559 560 49152
585:0  585 586 18432
585:1  585 586 2048
586:0  586 587 3612672
611:0  611 612 3612672
613:0  613 614 1048576
613:1  613 614 3612672
613:2  613 614 3612672
613:3  613 614 897024
613:4  613 614 262144
613:65  613 614 221184
613:66  613 614 65536
613:73  613 614 12288
613:74  613 614 24576
613:75  613 614 49152
639:0  639 640 18432
639:1  639 640 2048
640:0  640 641 903168
665:0  665 666 903168
667:0  667 668 2097152
667:1  667 668 903168
667:2  667 668 1806336
667:3  667 668 442368
667:4  667 668 524288
667:59  667 668 110592
667:60  667 668 131072
667:67  667 668 12288
667:68  667 668 49152
693:0  693 694 36864
693:1  693 694 4096
694:0  694 695 1806336
719:0  719 720 1806336
721:0  721 722 4194304
721:1  721 722 1806336
721:2  721 722 1806336
721:3  721 722 442368
721:4  721 722 1048576
721:59  721 722 110592
721:60  721 722 262144
721:67  721 722 24576
721:68  721 722 98304
750:0  750 751 4112384
750:1  750 751 36864
750:2  750 751 36160
750:3  750 751 98304
764:0  764 765 36864
764:1  764 765 48064
764:2  764 765 4100096
764:3  764 765 896
771:0  771 772 4100096
771:1  771 772 36160
771:2  771 772 36864
771:3  771 772 96128
778:0  778 779 1806336
802:0  802 803 1806336
802:1  802 803 1818624
802:2  802 803 4194304
802:3  802 803 42368
811:0  811 812 1818624
811:1  811 812 4194304
811:2  811 812 1818624
811:3  811 812 1032192
811:4  811 812 450560
811:65  811 812 258048
811:66  811 812 110592
811:73  811 812 24576
811:74  811 812 49152
811:76  811 812 98304
814:0  814 815 1806336
817:0  817 818 1806336
839:0  839 840 1806336
846:0  846 847 1806336
852:0  852 853 1806336
858:0  858 859 1806336
870:0  870 871 1806336
876:0  876 877 1806336
882:0  882 883 1806336
888:0  888 889 1806336
901:0  901 902 36864
901:1  901 902 4096
904:0  904 905 1806336
927:0  927 928 1806336
927:1  927 928 909312
927:2  927 928 2097152
927:3  927 928 42368
936:0  936 937 1818624
936:1  936 937 2097152
936:2  936 937 909312
936:3  936 937 516096
936:4  936 937 450560
936:71  936 937 122880
936:72  936 937 110592
936:79  936 937 24576
936:81  936 937 49152
936:83  936 937 98304
939:0  939 940 903168
942:0  942 943 903168
965:0  965 966 3612672
972:0  972 973 3612672
978:0  978 979 3612672
984:0  984 985 3612672
990:0  990 991 3612672
996:0  996 997 3612672
1002:0  1002 1003 3612672
1008:0  1008 1009 3612672
1014:0  1014 1015 3612672
1027:0  1027 1028 18432
1027:1  1027 1028 2048
1030:0  1030 1031 3612672
1054:0  1054 1055 3612672
1054:1  1054 1055 3612672
1054:2  1054 1055 1048576
1054:3  1054 1055 169344
1063:0  1063 1064 3612672
1063:1  1063 1064 1048576
1063:2  1063 1064 3612672
1063:3  1063 1064 887040
1063:4  1063 1064 901120
1063:65  1063 1064 211200
1063:66  1063 1064 225280
1063:73  1063 1064 12288
1063:74  1063 1064 24576
1063:76  1063 1064 49152
1066:0  1066 1067 3612672
1069:0  1069 1070 3612672
1091:0  1091 1092 3612672
1098:0  1098 1099 3612672
1104:0  1104 1105 3612672
1110:0  1110 1111 3612672
1122:0  1122 1123 3612672
1128:0  1128 1129 3612672
1134:0  1134 1135 3612672
1140:0  1140 1141 3612672
1153:0  1153 1154 18432
1153:1  1153 1154 2048
1156:0  1156 1157 3612672
1179:0  1179 1180 3612672
1179:1  1179 1180 3612672
1179:2  1179 1180 1048576
1179:3  1179 1180 169344
1188:0  1188 1189 3612672
1188:1  1188 1189 1048576
1188:2  1188 1189 3612672
1188:3  1188 1189 887040
1188:4  1188 1189 901120
1188:65  1188 1189 211200
1188:66  1188 1189 225280
1188:73  1188 1189 12288
1188:74  1188 1189 24576
1188:76  1188 1189 49152
1191:0  1191 1192 3612672
1194:0  1194 1195 3612672
1216:0  1216 1217 3612672
1223:0  1223 1224 3612672
1229:0  1229 1230 3612672
1235:0  1235 1236 3612672
1247:0  1247 1248 3612672
1253:0  1253 1254 3612672
1259:0  1259 1260 3612672
1265:0  1265 1266 3612672
1278:0  1278 1279 18432
1278:1  1278 1279 2048
1281:0  1281 1282 3612672
1304:0  1304 1305 3612672
1304:1  1304 1305 3612672
1304:2  1304 1305 1048576
1304:3  1304 1305 169344
1313:0  1313 1314 3612672
1313:1  1313 1314 1048576
1313:2  1313 1314 3612672
1313:3  1313 1314 887040
1313:4  1313 1314 901120
1313:65  1313 1314 211200
1313:66  1313 1314 225280
1313:73  1313 1314 12288
1313:74  1313 1314 24576
1313:76  1313 1314 49152
1316:0  1316 1317 3612672
1319:0  1319 1320 3612672
1341:0  1341 1342 3612672
1348:0  1348 1349 3612672
1354:0  1354 1355 3612672
1360:0  1360 1361 3612672
1372:0  1372 1373 3612672
1378:0  1378 1379 3612672
1384:0  1384 1385 3612672
1390:0  1390 1391 3612672
1403:0  1403 1404 18432
1403:1  1403 1404 2048
1406:0  1406 1407 3612672
1429:0  1429 1430 3612672
1429:1  1429 1430 3612672
1429:2  1429 1430 1048576
1429:3  1429 1430 169344
1438:0  1438 1439 3612672
1438:1  1438 1439 1048576
1438:2  1438 1439 3612672
1438:3  1438 1439 887040
1438:4  1438 1439 901120
1438:65  1438 1439 211200
1438:66  1438 1439 225280
1438:73  1438 1439 12288
1438:74  1438 1439 24576
1438:76  1438 1439 49152
1441:0  1441 1442 3612672
1444:0  1444 1445 3612672
1466:0  1466 1467 3612672
1473:0  1473 1474 3612672
1479:0  1479 1480 3612672
1485:0  1485 1486 3612672
1497:0  1497 1498 3612672
1503:0  1503 1504 3612672
1509:0  1509 1510 3612672
1515:0  1515 1516 3612672
1528:0  1528 1529 18432
1528:1  1528 1529 2048
1531:0  1531 1532 3612672
1554:0  1554 1555 3612672
1554:1  1554 1555 3612672
1554:2  1554 1555 1048576
1554:3  1554 1555 169344
1563:0  1563 1564 3612672
1563:1  1563 1564 1048576
1563:2  1563 1564 3612672
1563:3  1563 1564 887040
1563:4  1563 1564 901120
1563:65  1563 1564 211200
1563:66  1563 1564 225280
1563:73  1563 1564 12288
1563:74  1563 1564 24576
1563:76  1563 1564 49152
1566:0  1566 1567 3612672
1569:0  1569 1570 3612672
1591:0  1591 1592 3612672
1598:0  1598 1599 3612672
1604:0  1604 1605 3612672
1610:0  1610 1611 3612672
1622:0  1622 1623 3612672
1628:0  1628 1629 3612672
1634:0  1634 1635 3612672
1640:0  1640 1641 3612672
1653:0  1653 1654 18432
1653:1  1653 1654 2048
1656:0  1656 1657 3612672
1679:0  1679 1680 3612672
1679:1  1679 1680 1806336
1679:2  1679 1680 524288
1679:3  1679 1680 169344
1688:0  1688 1689 3612672
1688:1  1688 1689 524288
1688:2  1688 1689 1806336
1688:3  1688 1689 422400
1688:4  1688 1689 901120
1688:11  1688 1689 24576
1688:13  1688 1689 49152
1691:0  1691 1692 1806336
1694:0  1694 1695 1806336
1717:0  1717 1718 7225344
1724:0  1724 1725 7225344
1730:0  1730 1731 7225344
1736:0  1736 1737 7225344
1742:0  1742 1743 7225344
1748:0  1748 1749 7225344
1754:0  1754 1755 7225344
1760:0  1760 1761 7225344
1766:0  1766 1767 7225344
1779:0  1779 1780 9216
1779:1  1779 1780 1024
1782:0  1782 1783 7225344
1806:0  1806 1807 7225344
1806:1  1806 1807 7225344
1806:2  1806 1807 262144
1806:3  1806 1807 1693440
1806:4  1806 1807 1806336
1806:11  1806 1807 338688
1806:12  1806 1807 677376
1815:0  1815 1816 7225344
1815:1  1815 1816 262144
1815:2  1815 1816 7225344
1815:3  1815 1816 1693440
1815:4  1815 1816 1806336
1815:11  1815 1816 12288
1815:12  1815 1816 24576
1818:0  1818 1819 7225344
1821:0  1821 1822 7225344
1843:0  1843 1844 7225344
1850:0  1850 1851 7225344
1856:0  1856 1857 7225344
1862:0  1862 1863 7225344
1874:0  1874 1875 7225344
1880:0  1880 1881 7225344
1886:0  1886 1887 7225344
1892:0  1892 1893 7225344
1905:0  1905 1906 9216
1905:1  1905 1906 1024
1908:0  1908 1909 7225344
1931:0  1931 1932 7225344
1931:1  1931 1932 3612672
1931:2  1931 1932 131072
1931:3  1931 1932 846720
1931:4  1931 1932 1806336
1931:11  1931 1932 338688
1931:12  1931 1932 677376
1940:0  1940 1941 7225344
1940:1  1940 1941 131072
1940:2  1940 1941 3612672
1940:3  1940 1941 24576
1943:0  1943 1944 3612672
1946:0  1946 1947 3612672
1969:0  1969 1970 14450688
1976:0  1976 1977 14450688
1982:0  1982 1983 14450688
1988:0  1988 1989 14450688
1994:0  1994 1995 14450688
2000:0  2000 2001 14450688
2006:0  2006 2007 14450688
2012:0  2012 2013 14450688
2018:0  2018 2019 14450688
2031:0  2031 2032 4608
2031:1  2031 2032 512
2034:0  2034 2035 14450688
2058:0  2058 2059 14450688
2058:1  2058 2059 14450688
2058:2  2058 2059 65536
2058:3  2058 2059 3386880
2058:4  2058 2059 3612672
2058:11  2058 2059 1354752
2058:12  2058 2059 2709504
2067:0  2067 2068 14450688
2067:1  2067 2068 65536
2067:2  2067 2068 14450688
2067:3  2067 2068 12288
2070:0  2070 2071 14450688
2073:0  2073 2074 14450688
2095:0  2095 2096 14450688
2102:0  2102 2103 14450688
2108:0  2108 2109 14450688
2114:0  2114 2115 14450688
2126:0  2126 2127 14450688
2132:0  2132 2133 14450688
2138:0  2138 2139 14450688
2144:0  2144 2145 14450688
2157:0  2157 2158 4608
2157:1  2157 2158 512
2160:0  2160 2161 14450688
2183:0  2183 2184 14450688
2183:1  2183 2184 7225344
2183:2  2183 2184 32768
2183:3  2183 2184 2709504
2192:0  2192 2193 14450688
2192:1  2192 2193 32768
2192:2  2192 2193 7225344
2192:3  2192 2193 12288
2195:0  2195 2196 7225344
2198:0  2198 2199 7225344
2221:0  2221 2222 28901376
2228:0  2228 2229 28901376
2234:0  2234 2235 28901376
2240:0  2240 2241 28901376
2246:0  2246 2247 28901376
2252:0  2252 2253 28901376
2258:0  2258 2259 28901376
2264:0  2264 2265 28901376
2270:0  2270 2271 28901376
2283:0  2283 2284 2304
2283:1  2283 2284 256
2286:0  2286 2287 28901376
2310:0  2310 2311 28901376
2310:1  2310 2311 14450688
2310:2  2310 2311 8192
2310:3  2310 2311 10838016
2319:0  2319 2320 28901376
2319:1  2319 2320 8192
2319:2  2319 2320 14450688
2319:3  2319 2320 6144
2322:0  2322 2323 14450688
2325:0  2325 2326 14450688
2348:0  2348 2349 14450688
2355:0  2355 2356 14450688
2361:0  2361 2362 14450688
2367:0  2367 2368 14450688
2379:0  2379 2380 14450688
2385:0  2385 2386 14450688
2391:0  2391 2392 14450688
2397:0  2397 2398 14450688
2410:0  2410 2411 1152
2410:1  2410 2411 128
2413:0  2413 2414 14450688
2436:0  2436 2437 14450688
2436:1  2436 2437 12192768
2436:2  2436 2437 3456
2436:3  2436 2437 10838016
0  0 2 64
1  1 4 64
2  2 5 64
3  3 5 64
4  4 7 64
5  5 9 36096
6  6 8 64
7  7 9 36096
8  8 15 36096
9  9 11 64
10  10 12 64
11  11 13 64
12  12 14 64
13  13 15 36096
14  14 755 36096
15  15 17 5419008
16  16 18 7225344
17  17 2437 12192768
18  18 20 3456
19  19 25 14450688
20  20 22 14450688
21  21 23 1605632
22  22 24 1605632
23  23 26 128
24  24 28 14450688
25  25 27 128
26  26 28 14450688
27  27 39 14450688
28  28 30 14450688
29  29 31 14450688
30  30 32 1605632
31  31 33 1605632
32  32 34 128
33  33 35 128
34  34 36 128
35  35 37 128
36  36 38 128
37  37 2425 14450688
38  38 2419 14450688
39  39 2424 14450688
40  40 43 14450688
41  41 43 14450688
42  42 44 14450688
43  43 2406 14450688
44  44 2398 14450688
45  45 51 14450688
46  46 48 14450688
47  47 49 1605632
48  48 50 1605632
49  49 52 128
50  50 54 14450688
51  51 53 128
52  52 54 14450688
53  53 65 14450688
54  54 56 14450688
55  55 57 14450688
56  56 58 1605632
57  57 59 1605632
58  58 60 128
59  59 61 128
60  60 62 128
61  61 63 128
62  62 64 128
63  63 2337 14450688
64  64 2331 14450688
65  65 2336 14450688
66  66 69 14450688
67  67 69 14450688
68  68 70 14450688
69  69 2314 14450688
70  70 72 14450688
71  71 2311 14450688
72  72 74 8192
73  73 79 28901376
74  74 76 28901376
75  75 77 3211264
76  76 78 3211264
77  77 80 256
78  78 82 28901376
79  79 81 256
80  80 82 28901376
81  81 93 28901376
82  82 84 28901376
83  83 85 28901376
84  84 86 3211264
85  85 87 3211264
86  86 88 256
87  87 89 256
88  88 90 256
89  89 91 256
90  90 92 256
91  91 2298 28901376
92  92 2292 28901376
93  93 2297 28901376
94  94 97 28901376
95  95 97 28901376
96  96 98 28901376
97  97 2279 28901376
98  98 2271 28901376
99  99 105 7225344
100  100 102 7225344
101  101 103 802816
102  102 104 802816
103  103 106 256
104  104 108 7225344
105  105 107 256
106  106 108 7225344
107  107 119 7225344
108  108 110 7225344
109  109 111 7225344
110  110 112 802816
111  111 113 802816
112  112 114 256
113  113 115 256
114  114 116 256
115  115 117 256
116  116 118 256
117  117 2210 7225344
118  118 2204 7225344
119  119 2209 7225344
120  120 123 7225344
121  121 123 7225344
122  122 124 7225344
123  123 2187 7225344
124  124 126 7225344
125  125 2184 7225344
126  126 128 32768
127  127 133 14450688
128  128 130 14450688
129  129 131 1605632
130  130 132 1605632
131  131 134 512
132  132 136 14450688
133  133 135 512
134  134 136 14450688
135  135 147 14450688
136  136 138 14450688
137  137 139 14450688
138  138 140 1605632
139  139 141 1605632
140  140 142 512
141  141 143 512
142  142 144 512
143  143 145 512
144  144 146 512
145  145 2172 14450688
146  146 2166 14450688
147  147 2171 14450688
148  148 151 14450688
149  149 151 14450688
150  150 152 14450688
151  151 2153 14450688
152  152 2145 14450688
153  153 159 14450688
154  154 156 14450688
155  155 157 1605632
156  156 158 1605632
157  157 160 512
158  158 162 14450688
159  159 161 512
160  160 162 14450688
161  161 173 14450688
162  162 164 14450688
163  163 165 14450688
164  164 166 1605632
165  165 167 1605632
166  166 168 512
167  167 169 512
168  168 170 512
169  169 171 512
170  170 172 512
171  171 2085 14450688
172  172 2079 14450688
173  173 2084 14450688
174  174 177 14450688
175  175 177 14450688
176  176 178 14450688
177  177 2062 14450688
178  178 180 14450688
179  179 2059 14450688
180  180 182 65536
181  181 187 14450688
182  182 184 14450688
183  183 185 1605632
184  184 186 1605632
185  185 188 512
186  186 190 14450688
187  187 189 512
188  188 190 14450688
189  189 201 14450688
190  190 192 14450688
191  191 193 14450688
192  192 194 1605632
193  193 195 1605632
194  194 196 512
195  195 197 512
196  196 198 512
197  197 199 512
198  198 200 512
199  199 2046 14450688
200  200 2040 14450688
201  201 2045 14450688
202  202 205 14450688
203  203 205 14450688
204  204 206 14450688
205  205 2027 14450688
206  206 2019 14450688
207  207 213 3612672
208  208 210 3612672
209  209 211 401408
210  210 212 401408
211  211 214 512
212  212 216 3612672
213  213 215 512
214  214 216 3612672
215  215 227 3612672
216  216 218 3612672
217  217 219 3612672
218  218 220 401408
219  219 221 401408
220  220 222 512
221  221 223 512
222  222 224 512
223  223 225 512
224  224 226 512
225  225 1958 3612672
226  226 1952 3612672
227  227 1957 3612672
228  228 231 3612672
229  229 231 3612672
230  230 232 3612672
231  231 1935 3612672
232  232 234 3612672
233  233 1932 3612672
234  234 236 131072
235  235 241 7225344
236  236 238 7225344
237  237 239 802816
238  238 240 802816
239  239 242 1024
240  240 244 7225344
241  241 243 1024
242  242 244 7225344
243  243 255 7225344
244  244 246 7225344
245  245 247 7225344
246  246 248 802816
247  247 249 802816
248  248 250 1024
249  249 251 1024
250  250 252 1024
251  251 253 1024
252  252 254 1024
253  253 1920 7225344
254  254 1914 7225344
255  255 1919 7225344
256  256 259 7225344
257  257 259 7225344
258  258 260 7225344
259  259 1901 7225344
260  260 1893 7225344
261  261 267 7225344
262  262 264 7225344
263  263 265 802816
264  264 266 802816
265  265 268 1024
266  266 270 7225344
267  267 269 1024
268  268 270 7225344
269  269 281 7225344
270  270 272 7225344
271  271 273 7225344
272  272 274 802816
273  273 275 802816
274  274 276 1024
275  275 277 1024
276  276 278 1024
277  277 279 1024
278  278 280 1024
279  279 1833 7225344
280  280 1827 7225344
281  281 1832 7225344
282  282 285 7225344
283  283 285 7225344
284  284 286 7225344
285  285 1810 7225344
286  286 288 7225344
287  287 1807 7225344
288  288 290 262144
289  289 295 7225344
290  290 292 7225344
291  291 293 802816
292  292 294 802816
293  293 296 1024
294  294 298 7225344
295  295 297 1024
296  296 298 7225344
297  297 309 7225344
298  298 300 7225344
299  299 301 7225344
300  300 302 802816
301  301 303 802816
302  302 304 1024
303  303 305 1024
304  304 306 1024
305  305 307 1024
306  306 308 1024
307  307 1794 7225344
308  308 1788 7225344
309  309 1793 7225344
310  310 313 7225344
311  311 313 7225344
312  312 314 7225344
313  313 1775 7225344
314  314 1767 7225344
315  315 321 1806336
316  316 318 1806336
317  317 319 200704
318  318 320 200704
319  319 322 1024
320  320 324 1806336
321  321 323 1024
322  322 324 1806336
323  323 335 1806336
324  324 326 1806336
325  325 327 1806336
326  326 328 200704
327  327 329 200704
328  328 330 1024
329  329 331 1024
330  330 332 1024
331  331 333 1024
332  332 334 1024
333  333 1706 1806336
334  334 1700 1806336
335  335 1705 1806336
336  336 339 1806336
337  337 339 1806336
338  338 340 1806336
339  339 1683 1806336
340  340 342 1806336
341  341 1680 1806336
342  342 344 524288
343  343 349 3612672
344  344 346 3612672
345  345 347 401408
346  346 348 401408
347  347 350 2048
348  348 352 3612672
349  349 351 2048
350  350 352 3612672
351  351 363 3612672
352  352 354 3612672
353  353 355 3612672
354  354 356 401408
355  355 357 401408
356  356 358 2048
357  357 359 2048
358  358 360 2048
359  359 361 2048
360  360 362 2048
361  361 1668 3612672
362  362 1662 3612672
363  363 1667 3612672
364  364 367 3612672
365  365 367 3612672
366  366 368 3612672
367  367 1649 3612672
368  368 1641 3612672
369  369 375 3612672
370  370 372 3612672
371  371 373 401408
372  372 374 401408
373  373 376 2048
374  374 378 3612672
375  375 377 2048
376  376 378 3612672
377  377 389 3612672
378  378 380 3612672
379  379 381 3612672
380  380 382 401408
381  381 383 401408
382  382 384 2048
383  383 385 2048
384  384 386 2048
385  385 387 2048
386  386 388 2048
387  387 1581 3612672
388  388 1575 3612672
389  389 1580 3612672
390  390 393 3612672
391  391 393 3612672
392  392 394 3612672
393  393 1558 3612672
394  394 396 3612672
395  395 1555 3612672
396  396 398 1048576
397  397 403 3612672
398  398 400 3612672
399  399 401 401408
400  400 402 401408
401  401 404 2048
402  402 406 3612672
403  403 405 2048
404  404 406 3612672
405  405 417 3612672
406  406 408 3612672
407  407 409 3612672
408  408 410 401408
409  409 411 401408
410  410 412 2048
411  411 413 2048
412  412 414 2048
413  413 415 2048
414  414 416 2048
415  415 1543 3612672
416  416 1537 3612672
417  417 1542 3612672
418  418 421 3612672
419  419 421 3612672
420  420 422 3612672
421  421 1524 3612672
422  422 1516 3612672
423  423 429 3612672
424  424 426 3612672
425  425 427 401408
426  426 428 401408
427  427 430 2048
428  428 432 3612672
429  429 431 2048
430  430 432 3612672
431  431 443 3612672
432  432 434 3612672
433  433 435 3612672
434  434 436 401408
435  435 437 401408
436  436 438 2048
437  437 439 2048
438  438 440 2048
439  439 441 2048
440  440 442 2048
441  441 1456 3612672
442  442 1450 3612672
443  443 1455 3612672
444  444 447 3612672
445  445 447 3612672
446  446 448 3612672
447  447 1433 3612672
448  448 450 3612672
449  449 1430 3612672
450  450 452 1048576
451  451 457 3612672
452  452 454 3612672
453  453 455 401408
454  454 456 401408
455  455 458 2048
456  456 460 3612672
457  457 459 2048
458  458 460 3612672
459  459 471 3612672
460  460 462 3612672
461  461 463 3612672
462  462 464 401408
463  463 465 401408
464  464 466 2048
465  465 467 2048
466  466 468 2048
467  467 469 2048
468  468 470 2048
469  469 1418 3612672
470  470 1412 3612672
471  471 1417 3612672
472  472 475 3612672
473  473 475 3612672
474  474 476 3612672
475  475 1399 3612672
476  476 1391 3612672
477  477 483 3612672
478  478 480 3612672
479  479 481 401408
480  480 482 401408
481  481 484 2048
482  482 486 3612672
483  483 485 2048
484  484 486 3612672
485  485 497 3612672
486  486 488 3612672
487  487 489 3612672
488  488 490 401408
489  489 491 401408
490  490 492 2048
491  491 493 2048
492  492 494 2048
493  493 495 2048
494  494 496 2048
495  495 1331 3612672
496  496 1325 3612672
497  497 1330 3612672
498  498 501 3612672
499  499 501 3612672
500  500 502 3612672
501  501 1308 3612672
502  502 504 3612672
503  503 1305 3612672
504  504 506 1048576
505  505 511 3612672
506  506 508 3612672
507  507 509 401408
508  508 510 401408
509  509 512 2048
510  510 514 3612672
511  511 513 2048
512  512 514 3612672
513  513 525 3612672
514  514 516 3612672
515  515 517 3612672
516  516 518 401408
517  517 519 401408
518  518 520 2048
519  519 521 2048
520  520 522 2048
521  521 523 2048
522  522 524 2048
523  523 1293 3612672
524  524 1287 3612672
525  525 1292 3612672
526  526 529 3612672
527  527 529 3612672
528  528 530 3612672
529  529 1274 3612672
530  530 1266 3612672
531  531 537 3612672
532  532 534 3612672
533  533 535 401408
534  534 536 401408
535  535 538 2048
536  536 540 3612672
537  537 539 2048
538  538 540 3612672
539  539 551 3612672
540  540 542 3612672
541  541 543 3612672
542  542 544 401408
543  543 545 401408
544  544 546 2048
545  545 547 2048
546  546 548 2048
547  547 549 2048
548  548 550 2048
549  549 1206 3612672
550  550 1200 3612672
551  551 1205 3612672
552  552 555 3612672
553  553 555 3612672
554  554 556 3612672
555  555 1183 3612672
556  556 558 3612672
557  557 1180 3612672
558  558 560 1048576
559  559 565 3612672
560  560 562 3612672
561  561 563 401408
562  562 564 401408
563  563 566 2048
564  564 568 3612672
565  565 567 2048
566  566 568 3612672
567  567 579 3612672
568  568 570 3612672
569  569 571 3612672
570  570 572 401408
571  571 573 401408
572  572 574 2048
573  573 575 2048
574  574 576 2048
575  575 577 2048
576  576 578 2048
577  577 1168 3612672
578  578 1162 3612672
579  579 1167 3612672
580  580 583 3612672
581  581 583 3612672
582  582 584 3612672
583  583 1149 3612672
584  584 1141 3612672
585  585 591 3612672
586  586 588 3612672
587  587 589 401408
588  588 590 401408
589  589 592 2048
590  590 594 3612672
591  591 593 2048
592  592 594 3612672
593  593 605 3612672
594  594 596 3612672
595  595 597 3612672
596  596 598 401408
597  597 599 401408
598  598 600 2048
599  599 601 2048
600  600 602 2048
601  601 603 2048
602  602 604 2048
603  603 1081 3612672
604  604 1075 3612672
605  605 1080 3612672
606  606 609 3612672
607  607 609 3612672
608  608 610 3612672
609  609 1058 3612672
610  610 612 3612672
611  611 1055 3612672
612  612 614 1048576
613  613 619 3612672
614  614 616 3612672
615  615 617 401408
616  616 618 401408
617  617 620 2048
618  618 622 3612672
619  619 621 2048
620  620 622 3612672
621  621 633 3612672
622  622 624 3612672
623  623 625 3612672
624  624 626 401408
625  625 627 401408
626  626 628 2048
627  627 629 2048
628  628 630 2048
629  629 631 2048
630  630 632 2048
631  631 1042 3612672
632  632 1036 3612672
633  633 1041 3612672
634  634 637 3612672
635  635 637 3612672
636  636 638 3612672
637  637 1023 3612672
638  638 1015 3612672
639  639 645 903168
640  640 642 903168
641  641 643 100352
642  642 644 100352
643  643 646 2048
644  644 648 903168
645  645 647 2048
646  646 648 903168
647  647 659 903168
648  648 650 903168
649  649 651 903168
650  650 652 100352
651  651 653 100352
652  652 654 2048
653  653 655 2048
654  654 656 2048
655  655 657 2048
656  656 658 2048
657  657 954 903168
658  658 948 903168
659  659 953 903168
660  660 663 903168
661  661 663 903168
662  662 664 903168
663  663 931 903168
664  664 666 903168
665  665 928 903168
666  666 668 2097152
667  667 673 1806336
668  668 670 1806336
669  669 671 200704
670  670 672 200704
671  671 674 4096
672  672 676 1806336
673  673 675 4096
674  674 676 1806336
675  675 687 1806336
676  676 678 1806336
677  677 679 1806336
678  678 680 200704
679  679 681 200704
680  680 682 4096
681  681 683 4096
682  682 684 4096
683  683 685 4096
684  684 686 4096
685  685 916 1806336
686  686 910 1806336
687  687 915 1806336
688  688 691 1806336
689  689 691 1806336
690  690 692 1806336
691  691 897 1806336
692  692 889 1806336
693  693 699 1806336
694  694 696 1806336
695  695 697 200704
696  696 698 200704
697  697 700 4096
698  698 702 1806336
699  699 701 4096
700  700 702 1806336
701  701 713 1806336
702  702 704 1806336
703  703 705 1806336
704  704 706 200704
705  705 707 200704
706  706 708 4096
707  707 709 4096
708  708 710 4096
709  709 711 4096
710  710 712 4096
711  711 829 1806336
712  712 823 1806336
713  713 828 1806336
714  714 717 1806336
715  715 717 1806336
716  716 718 1806336
717  717 806 1806336
718  718 720 1806336
719  719 803 1806336
720  720 722 4194304
721  721 727 1806336
722  722 724 1806336
723  723 725 200704
724  724 726 200704
725  725 728 4096
726  726 730 1806336
727  727 729 4096
728  728 730 1806336
729  729 741 1806336
730  730 732 1806336
731  731 733 1806336
732  732 734 200704
733  733 735 200704
734  734 736 4096
735  735 737 4096
736  736 738 4096
737  737 739 4096
738  738 740 4096
739  739 790 1806336
740  740 784 1806336
741  741 789 1806336
742  742 745 1806336
743  743 745 1806336
744  744 746 1806336
745  745 768 1806336
746  746 748 1806336
747  747 749 36864
748  748 750 36864
749  749 765 36864
750  750 753 36096
751  751 753 36096
752  752 754 36096
753  753 762 36096
754  754 761 36096
755  755 757 36096
756  756 758 36096
757  757 759 64
758  758 760 64
759  759 761 36096
760  760 762 36096
761  761 772 36096
762  762 764 36096
763  763 2438 4032
764  764 2519 4100096
765  765 767 1806336
766  766 771 1806336
767  767 769 1806336
768  768 770 1806336
769  769 771 1806336
770  770 777 1806336
771  771 773 36864
772  772 774 36864
773  773 775 88510464
774  774 776 1806336
775  775 777 1806336
776  776 778 1806336
777  777 783 1806336
778  778 780 1806336
779  779 781 200704
780  780 782 200704
781  781 2439 4096
782  782 789 1806336
783  783 785 1806336
784  784 786 1806336
785  785 787 200704
786  786 788 200704
787  787 2440 4096
788  788 790 1806336
789  789 801 1806336
790  790 792 1806336
791  791 793 1806336
792  792 794 200704
793  793 795 200704
794  794 796 4096
795  795 797 4096
796  796 799 4096
797  797 925 1806336
798  798 800 1806336
799  799 801 1806336
800  800 811 1806336
801  801 803 1806336
802  802 2441 4194304
803  803 805 1806336
804  804 809 1806336
805  805 807 1806336
806  806 808 1806336
807  807 809 1806336
808  808 816 1806336
809  809 812 4194304
810  810 812 1806336
811  811 813 1806336
812  812 814 1806336
813  813 815 1806336
814  814 816 1806336
815  815 817 1806336
816  816 822 1806336
817  817 819 1806336
818  818 820 200704
819  819 821 200704
820  820 2442 4096
821  821 828 1806336
822  822 824 1806336
823  823 825 1806336
824  824 826 200704
825  825 827 200704
826  826 2443 4096
827  827 829 1806336
828  828 839 1806336
829  829 831 1806336
830  830 832 1806336
831  831 833 200704
832  832 834 200704
833  833 835 4096
834  834 836 4096
835  835 837 4096
836  836 838 1806336
837  837 839 1806336
838  838 901 1806336
839  839 842 1806336
840  840 890 1806336
841  841 843 1806336
842  842 844 1806336
843  843 845 36864
844  844 846 36864
845  845 2444 4096
846  846 848 1806336
847  847 849 1806336
848  848 850 1806336
849  849 851 36864
850  850 852 36864
851  851 2444 4096
852  852 854 1806336
853  853 855 1806336
854  854 856 1806336
855  855 857 36864
856  856 858 36864
857  857 2444 4096
858  858 860 1806336
859  859 861 1806336
860  860 862 1806336
861  861 863 36864
862  862 864 36864
863  863 2444 4096
864  864 866 1806336
865  865 867 1806336
866  866 868 1806336
867  867 869 36864
868  868 870 36864
869  869 2444 4096
870  870 872 1806336
871  871 873 1806336
872  872 874 1806336
873  873 875 36864
874  874 876 36864
875  875 2444 4096
876  876 878 1806336
877  877 879 1806336
878  878 880 1806336
879  879 881 36864
880  880 882 36864
881  881 2444 4096
882  882 884 1806336
883  883 885 1806336
884  884 886 1806336
885  885 887 36864
886  886 888 36864
887  887 2444 4096
888  888 890 1806336
889  889 891 1806336
890  890 892 1806336
891  891 893 36864
892  892 894 36864
893  893 2444 4096
894  894 896 1806336
895  895 900 1806336
896  896 898 1806336
897  897 899 1806336
898  898 900 1806336
899  899 903 1806336
900  900 902 1806336
901  901 903 1806336
902  902 904 1806336
903  903 909 1806336
904  904 906 1806336
905  905 907 200704
906  906 908 200704
907  907 2445 4096
908  908 915 1806336
909  909 911 1806336
910  910 912 1806336
911  911 913 200704
912  912 914 200704
913  913 2446 4096
914  914 916 1806336
915  915 926 1806336
916  916 918 1806336
917  917 919 1806336
918  918 920 200704
919  919 921 200704
920  920 922 4096
921  921 923 4096
922  922 924 4096
923  923 925 1806336
924  924 926 1806336
925  925 936 1806336
926  926 928 1806336
927  927 2447 2097152
928  928 930 903168
929  929 934 903168
930  930 932 903168
931  931 933 903168
932  932 934 903168
933  933 941 903168
934  934 937 2097152
935  935 937 1806336
936  936 938 903168
937  937 939 903168
938  938 940 903168
939  939 941 903168
940  940 942 903168
941  941 947 903168
942  942 944 903168
943  943 945 100352
944  944 946 100352
945  945 2448 2048
946  946 953 903168
947  947 949 903168
948  948 950 903168
949  949 951 100352
950  950 952 100352
951  951 2449 2048
952  952 954 903168
953  953 965 903168
954  954 956 903168
955  955 957 903168
956  956 958 100352
957  957 959 100352
958  958 960 2048
959  959 961 2048
960  960 963 2048
961  961 964 903168
962  962 964 903168
963  963 965 903168
964  964 1027 903168
965  965 968 903168
966  966 1016 903168
967  967 969 903168
968  968 970 903168
969  969 971 18432
970  970 972 18432
971  971 2450 2048
972  972 974 903168
973  973 975 903168
974  974 976 903168
975  975 977 18432
976  976 978 18432
977  977 2450 2048
978  978 980 903168
979  979 981 903168
980  980 982 903168
981  981 983 18432
982  982 984 18432
983  983 2450 2048
984  984 986 903168
985  985 987 903168
986  986 988 903168
987  987 989 18432
988  988 990 18432
989  989 2450 2048
990  990 992 903168
991  991 993 903168
992  992 994 903168
993  993 995 18432
994  994 996 18432
995  995 2450 2048
996  996 998 903168
997  997 999 903168
998  998 1000 903168
999  999 1001 18432
1000  1000 1002 18432
1001  1001 2450 2048
1002  1002 1004 903168
1003  1003 1005 903168
1004  1004 1006 903168
1005  1005 1007 18432
1006  1006 1008 18432
1007  1007 2450 2048
1008  1008 1010 903168
1009  1009 1011 903168
1010  1010 1012 903168
1011  1011 1013 18432
1012  1012 1014 18432
1013  1013 2450 2048
1014  1014 1016 903168
1015  1015 1017 903168
1016  1016 1018 903168
1017  1017 1019 18432
1018  1018 1020 18432
1019  1019 2450 2048
1020  1020 1022 3612672
1021  1021 1026 3612672
1022  1022 1024 3612672
1023  1023 1025 3612672
1024  1024 1026 3612672
1025  1025 1029 3612672
1026  1026 1028 903168
1027  1027 1029 3612672
1028  1028 1030 3612672
1029  1029 1035 3612672
1030  1030 1032 3612672
1031  1031 1033 401408
1032  1032 1034 401408
1033  1033 2451 2048
1034  1034 1041 3612672
1035  1035 1037 3612672
1036  1036 1038 3612672
1037  1037 1039 401408
1038  1038 1040 401408
1039  1039 2452 2048
1040  1040 1042 3612672
1041  1041 1053 3612672
1042  1042 1044 3612672
1043  1043 1045 3612672
1044  1044 1046 401408
1045  1045 1047 401408
1046  1046 1048 2048
1047  1047 1049 2048
1048  1048 1051 2048
1049  1049 1677 3612672
1050  1050 1052 3612672
1051  1051 1053 3612672
1052  1052 1063 3612672
1053  1053 1055 3612672
1054  1054 2453 1048576
1055  1055 1057 3612672
1056  1056 1061 3612672
1057  1057 1059 3612672
1058  1058 1060 3612672
1059  1059 1061 3612672
1060  1060 1068 3612672
1061  1061 1064 1048576
1062  1062 1064 3612672
1063  1063 1065 3612672
1064  1064 1066 3612672
1065  1065 1067 3612672
1066  1066 1068 3612672
1067  1067 1069 3612672
1068  1068 1074 3612672
1069  1069 1071 3612672
1070  1070 1072 401408
1071  1071 1073 401408
1072  1072 2454 2048
1073  1073 1080 3612672
1074  1074 1076 3612672
1075  1075 1077 3612672
1076  1076 1078 401408
1077  1077 1079 401408
1078  1078 2455 2048
1079  1079 1081 3612672
1080  1080 1091 3612672
1081  1081 1083 3612672
1082  1082 1084 3612672
1083  1083 1085 401408
1084  1084 1086 401408
1085  1085 1087 2048
1086  1086 1088 2048
1087  1087 1089 2048
1088  1088 1090 3612672
1089  1089 1091 3612672
1090  1090 1153 3612672
1091  1091 1094 3612672
1092  1092 1142 3612672
1093  1093 1095 3612672
1094  1094 1096 3612672
1095  1095 1097 18432
1096  1096 1098 18432
1097  1097 2456 2048
1098  1098 1100 3612672
1099  1099 1101 3612672
1100  1100 1102 3612672
1101  1101 1103 18432
1102  1102 1104 18432
1103  1103 2456 2048
1104  1104 1106 3612672
1105  1105 1107 3612672
1106  1106 1108 3612672
1107  1107 1109 18432
1108  1108 1110 18432
1109  1109 2456 2048
1110  1110 1112 3612672
1111  1111 1113 3612672
1112  1112 1114 3612672
1113  1113 1115 18432
1114  1114 1116 18432
1115  1115 2456 2048
1116  1116 1118 3612672
1117  1117 1119 3612672
1118  1118 1120 3612672
1119  1119 1121 18432
1120  1120 1122 18432
1121  1121 2456 2048
1122  1122 1124 3612672
1123  1123 1125 3612672
1124  1124 1126 3612672
1125  1125 1127 18432
1126  1126 1128 18432
1127  1127 2456 2048
1128  1128 1130 3612672
1129  1129 1131 3612672
1130  1130 1132 3612672
1131  1131 1133 18432
1132  1132 1134 18432
1133  1133 2456 2048
1134  1134 1136 3612672
1135  1135 1137 3612672
1136  1136 1138 3612672
1137  1137 1139 18432
1138  1138 1140 18432
1139  1139 2456 2048
1140  1140 1142 3612672
1141  1141 1143 3612672
1142  1142 1144 3612672
1143  1143 1145 18432
1144  1144 1146 18432
1145  1145 2456 2048
1146  1146 1148 3612672
1147  1147 1152 3612672
1148  1148 1150 3612672
1149  1149 1151 3612672
1150  1150 1152 3612672
1151  1151 1155 3612672
1152  1152 1154 3612672
1153  1153 1155 3612672
1154  1154 1156 3612672
1155  1155 1161 3612672
1156  1156 1158 3612672
1157  1157 1159 401408
1158  1158 1160 401408
1159  1159 2457 2048
1160  1160 1167 3612672
1161  1161 1163 3612672
1162  1162 1164 3612672
1163  1163 1165 401408
1164  1164 1166 401408
1165  1165 2458 2048
1166  1166 1168 3612672
1167  1167 1178 3612672
1168  1168 1170 3612672
1169  1169 1171 3612672
1170  1170 1172 401408
1171  1171 1173 401408
1172  1172 1174 2048
1173  1173 1175 2048
1174  1174 1176 2048
1175  1175 1177 3612672
1176  1176 1178 3612672
1177  1177 1188 3612672
1178  1178 1180 3612672
1179  1179 2459 1048576
1180  1180 1182 3612672
1181  1181 1186 3612672
1182  1182 1184 3612672
1183  1183 1185 3612672
1184  1184 1186 3612672
1185  1185 1193 3612672
1186  1186 1189 1048576
1187  1187 1189 3612672
1188  1188 1190 3612672
1189  1189 1191 3612672
1190  1190 1192 3612672
1191  1191 1193 3612672
1192  1192 1194 3612672
1193  1193 1199 3612672
1194  1194 1196 3612672
1195  1195 1197 401408
1196  1196 1198 401408
1197  1197 2460 2048
1198  1198 1205 3612672
1199  1199 1201 3612672
1200  1200 1202 3612672
1201  1201 1203 401408
1202  1202 1204 401408
1203  1203 2461 2048
1204  1204 1206 3612672
1205  1205 1216 3612672
1206  1206 1208 3612672
1207  1207 1209 3612672
1208  1208 1210 401408
1209  1209 1211 401408
1210  1210 1212 2048
1211  1211 1213 2048
1212  1212 1214 2048
1213  1213 1215 3612672
1214  1214 1216 3612672
1215  1215 1278 3612672
1216  1216 1219 3612672
1217  1217 1267 3612672
1218  1218 1220 3612672
1219  1219 1221 3612672
1220  1220 1222 18432
1221  1221 1223 18432
1222  1222 2462 2048
1223  1223 1225 3612672
1224  1224 1226 3612672
1225  1225 1227 3612672
1226  1226 1228 18432
1227  1227 1229 18432
1228  1228 2462 2048
1229  1229 1231 3612672
1230  1230 1232 3612672
1231  1231 1233 3612672
1232  1232 1234 18432
1233  1233 1235 18432
1234  1234 2462 2048
1235  1235 1237 3612672
1236  1236 1238 3612672
1237  1237 1239 3612672
1238  1238 1240 18432
1239  1239 1241 18432
1240  1240 2462 2048
1241  1241 1243 3612672
1242  1242 1244 3612672
1243  1243 1245 3612672
1244  1244 1246 18432
1245  1245 1247 18432
1246  1246 2462 2048
1247  1247 1249 3612672
1248  1248 1250 3612672
1249  1249 1251 3612672
1250  1250 1252 18432
1251  1251 1253 18432
1252  1252 2462 2048
1253  1253 1255 3612672
1254  1254 1256 3612672
1255  1255 1257 3612672
1256  1256 1258 18432
1257  1257 1259 18432
1258  1258 2462 2048
1259  1259 1261 3612672
1260  1260 1262 3612672
1261  1261 1263 3612672
1262  1262 1264 18432
1263  1263 1265 18432
1264  1264 2462 2048
1265  1265 1267 3612672
1266  1266 1268 3612672
1267  1267 1269 3612672
1268  1268 1270 18432
1269  1269 1271 18432
1270  1270 2462 2048
1271  1271 1273 3612672
1272  1272 1277 3612672
1273  1273 1275 3612672
1274  1274 1276 3612672
1275  1275 1277 3612672
1276  1276 1280 3612672
1277  1277 1279 3612672
1278  1278 1280 3612672
1279  1279 1281 3612672
1280  1280 1286 3612672
1281  1281 1283 3612672
1282  1282 1284 401408
1283  1283 1285 401408
1284  1284 2463 2048
1285  1285 1292 3612672
1286  1286 1288 3612672
1287  1287 1289 3612672
1288  1288 1290 401408
1289  1289 1291 401408
1290  1290 2464 2048
1291  1291 1293 3612672
1292  1292 1303 3612672
1293  1293 1295 3612672
1294  1294 1296 3612672
1295  1295 1297 401408
1296  1296 1298 401408
1297  1297 1299 2048
1298  1298 1300 2048
1299  1299 1301 2048
1300  1300 1302 3612672
1301  1301 1303 3612672
1302  1302 1313 3612672
1303  1303 1305 3612672
1304  1304 2465 1048576
1305  1305 1307 3612672
1306  1306 1311 3612672
1307  1307 1309 3612672
1308  1308 1310 3612672
1309  1309 1311 3612672
1310  1310 1318 3612672
1311  1311 1314 1048576
1312  1312 1314 3612672
1313  1313 1315 3612672
1314  1314 1316 3612672
1315  1315 1317 3612672
1316  1316 1318 3612672
1317  1317 1319 3612672
1318  1318 1324 3612672
1319  1319 1321 3612672
1320  1320 1322 401408
1321  1321 1323 401408
1322  1322 2466 2048
1323  1323 1330 3612672
1324  1324 1326 3612672
1325  1325 1327 3612672
1326  1326 1328 401408
1327  1327 1329 401408
1328  1328 2467 2048
1329  1329 1331 3612672
1330  1330 1341 3612672
1331  1331 1333 3612672
1332  1332 1334 3612672
1333  1333 1335 401408
1334  1334 1336 401408
1335  1335 1337 2048
1336  1336 1338 2048
1337  1337 1339 2048
1338  1338 1340 3612672
1339  1339 1341 3612672
1340  1340 1403 3612672
1341  1341 1344 3612672
1342  1342 1392 3612672
1343  1343 1345 3612672
1344  1344 1346 3612672
1345  1345 1347 18432
1346  1346 1348 18432
1347  1347 2468 2048
1348  1348 1350 3612672
1349  1349 1351 3612672
1350  1350 1352 3612672
1351  1351 1353 18432
1352  1352 1354 18432
1353  1353 2468 2048
1354  1354 1356 3612672
1355  1355 1357 3612672
1356  1356 1358 3612672
1357  1357 1359 18432
1358  1358 1360 18432
1359  1359 2468 2048
1360  1360 1362 3612672
1361  1361 1363 3612672
1362  1362 1364 3612672
1363  1363 1365 18432
1364  1364 1366 18432
1365  1365 2468 2048
1366  1366 1368 3612672
1367  1367 1369 3612672
1368  1368 1370 3612672
1369  1369 1371 18432
1370  1370 1372 18432
1371  1371 2468 2048
1372  1372 1374 3612672
1373  1373 1375 3612672
1374  1374 1376 3612672
1375  1375 1377 18432
1376  1376 1378 18432
1377  1377 2468 2048
1378  1378 1380 3612672
1379  1379 1381 3612672
1380  1380 1382 3612672
1381  1381 1383 18432
1382  1382 1384 18432
1383  1383 2468 2048
1384  1384 1386 3612672
1385  1385 1387 3612672
1386  1386 1388 3612672
1387  1387 1389 18432
1388  1388 1390 18432
1389  1389 2468 2048
1390  1390 1392 3612672
1391  1391 1393 3612672
1392  1392 1394 3612672
1393  1393 1395 18432
1394  1394 1396 18432
1395  1395 2468 2048
1396  1396 1398 3612672
1397  1397 1402 3612672
1398  1398 1400 3612672
1399  1399 1401 3612672
1400  1400 1402 3612672
1401  1401 1405 3612672
1402  1402 1404 3612672
1403  1403 1405 3612672
1404  1404 1406 3612672
1405  1405 1411 3612672
1406  1406 1408 3612672
1407  1407 1409 401408
1408  1408 1410 401408
1409  1409 2469 2048
1410  1410 1417 3612672
1411  1411 1413 3612672
1412  1412 1414 3612672
1413  1413 1415 401408
1414  1414 1416 401408
1415  1415 2470 2048
1416  1416 1418 3612672
1417  1417 1428 3612672
1418  1418 1420 3612672
1419  1419 1421 3612672
1420  1420 1422 401408
1421  1421 1423 401408
1422  1422 1424 2048
1423  1423 1425 2048
1424  1424 1426 2048
1425  1425 1427 3612672
1426  1426 1428 3612672
1427  1427 1438 3612672
1428  1428 1430 3612672
1429  1429 2471 1048576
1430  1430 1432 3612672
1431  1431 1436 3612672
1432  1432 1434 3612672
1433  1433 1435 3612672
1434  1434 1436 3612672
1435  1435 1443 3612672
1436  1436 1439 1048576
1437  1437 1439 3612672
1438  1438 1440 3612672
1439  1439 1441 3612672
1440  1440 1442 3612672
1441  1441 1443 3612672
1442  1442 1444 3612672
1443  1443 1449 3612672
1444  1444 1446 3612672
1445  1445 1447 401408
1446  1446 1448 401408
1447  1447 2472 2048
1448  1448 1455 3612672
1449  1449 1451 3612672
1450  1450 1452 3612672
1451  1451 1453 401408
1452  1452 1454 401408
1453  1453 2473 2048
1454  1454 1456 3612672
1455  1455 1466 3612672
1456  1456 1458 3612672
1457  1457 1459 3612672
1458  1458 1460 401408
1459  1459 1461 401408
1460  1460 1462 2048
1461  1461 1463 2048
1462  1462 1464 2048
1463  1463 1465 3612672
1464  1464 1466 3612672
1465  1465 1528 3612672
1466  1466 1469 3612672
1467  1467 1517 3612672
1468  1468 1470 3612672
1469  1469 1471 3612672
1470  1470 1472 18432
1471  1471 1473 18432
1472  1472 2474 2048
1473  1473 1475 3612672
1474  1474 1476 3612672
1475  1475 1477 3612672
1476  1476 1478 18432
1477  1477 1479 18432
1478  1478 2474 2048
1479  1479 1481 3612672
1480  1480 1482 3612672
1481  1481 1483 3612672
1482  1482 1484 18432
1483  1483 1485 18432
1484  1484 2474 2048
1485  1485 1487 3612672
1486  1486 1488 3612672
1487  1487 1489 3612672
1488  1488 1490 18432
1489  1489 1491 18432
1490  1490 2474 2048
1491  1491 1493 3612672
1492  1492 1494 3612672
1493  1493 1495 3612672
1494  1494 1496 18432
1495  1495 1497 18432
1496  1496 2474 2048
1497  1497 1499 3612672
1498  1498 1500 3612672
1499  1499 1501 3612672
1500  1500 1502 18432
1501  1501 1503 18432
1502  1502 2474 2048
1503  1503 1505 3612672
1504  1504 1506 3612672
1505  1505 1507 3612672
1506  1506 1508 18432
1507  1507 1509 18432
1508  1508 2474 2048
1509  1509 1511 3612672
1510  1510 1512 3612672
1511  1511 1513 3612672
1512  1512 1514 18432
1513  1513 1515 18432
1514  1514 2474 2048
1515  1515 1517 3612672
1516  1516 1518 3612672
1517  1517 1519 3612672
1518  1518 1520 18432
1519  1519 1521 18432
1520  1520 2474 2048
1521  1521 1523 3612672
1522  1522 1527 3612672
1523  1523 1525 3612672
1524  1524 1526 3612672
1525  1525 1527 3612672
1526  1526 1530 3612672
1527  1527 1529 3612672
1528  1528 1530 3612672
1529  1529 1531 3612672
1530  1530 1536 3612672
1531  1531 1533 3612672
1532  1532 1534 401408
1533  1533 1535 401408
1534  1534 2475 2048
1535  1535 1542 3612672
1536  1536 1538 3612672
1537  1537 1539 3612672
1538  1538 1540 401408
1539  1539 1541 401408
1540  1540 2476 2048
1541  1541 1543 3612672
1542  1542 1553 3612672
1543  1543 1545 3612672
1544  1544 1546 3612672
1545  1545 1547 401408
1546  1546 1548 401408
1547  1547 1549 2048
1548  1548 1550 2048
1549  1549 1551 2048
1550  1550 1552 3612672
1551  1551 1553 3612672
1552  1552 1563 3612672
1553  1553 1555 3612672
1554  1554 2477 1048576
1555  1555 1557 3612672
1556  1556 1561 3612672
1557  1557 1559 3612672
1558  1558 1560 3612672
1559  1559 1561 3612672
1560  1560 1568 3612672
1561  1561 1564 1048576
1562  1562 1564 3612672
1563  1563 1565 3612672
1564  1564 1566 3612672
1565  1565 1567 3612672
1566  1566 1568 3612672
1567  1567 1569 3612672
1568  1568 1574 3612672
1569  1569 1571 3612672
1570  1570 1572 401408
1571  1571 1573 401408
1572  1572 2478 2048
1573  1573 1580 3612672
1574  1574 1576 3612672
1575  1575 1577 3612672
1576  1576 1578 401408
1577  1577 1579 401408
1578  1578 2479 2048
1579  1579 1581 3612672
1580  1580 1591 3612672
1581  1581 1583 3612672
1582  1582 1584 3612672
1583  1583 1585 401408
1584  1584 1586 401408
1585  1585 1587 2048
1586  1586 1588 2048
1587  1587 1589 2048
1588  1588 1590 3612672
1589  1589 1591 3612672
1590  1590 1653 3612672
1591  1591 1594 3612672
1592  1592 1642 3612672
1593  1593 1595 3612672
1594  1594 1596 3612672
1595  1595 1597 18432
1596  1596 1598 18432
1597  1597 2480 2048
1598  1598 1600 3612672
1599  1599 1601 3612672
1600  1600 1602 3612672
1601  1601 1603 18432
1602  1602 1604 18432
1603  1603 2480 2048
1604  1604 1606 3612672
1605  1605 1607 3612672
1606  1606 1608 3612672
1607  1607 1609 18432
1608  1608 1610 18432
1609  1609 2480 2048
1610  1610 1612 3612672
1611  1611 1613 3612672
1612  1612 1614 3612672
1613  1613 1615 18432
1614  1614 1616 18432
1615  1615 2480 2048
1616  1616 1618 3612672
1617  1617 1619 3612672
1618  1618 1620 3612672
1619  1619 1621 18432
1620  1620 1622 18432
1621  1621 2480 2048
1622  1622 1624 3612672
1623  1623 1625 3612672
1624  1624 1626 3612672
1625  1625 1627 18432
1626  1626 1628 18432
1627  1627 2480 2048
1628  1628 1630 3612672
1629  1629 1631 3612672
1630  1630 1632 3612672
1631  1631 1633 18432
1632  1632 1634 18432
1633  1633 2480 2048
1634  1634 1636 3612672
1635  1635 1637 3612672
1636  1636 1638 3612672
1637  1637 1639 18432
1638  1638 1640 18432
1639  1639 2480 2048
1640  1640 1642 3612672
1641  1641 1643 3612672
1642  1642 1644 3612672
1643  1643 1645 18432
1644  1644 1646 18432
1645  1645 2480 2048
1646  1646 1648 3612672
1647  1647 1652 3612672
1648  1648 1650 3612672
1649  1649 1651 3612672
1650  1650 1652 3612672
1651  1651 1655 3612672
1652  1652 1654 3612672
1653  1653 1655 3612672
1654  1654 1656 3612672
1655  1655 1661 3612672
1656  1656 1658 3612672
1657  1657 1659 401408
1658  1658 1660 401408
1659  1659 2481 2048
1660  1660 1667 3612672
1661  1661 1663 3612672
1662  1662 1664 3612672
1663  1663 1665 401408
1664  1664 1666 401408
1665  1665 2482 2048
1666  1666 1668 3612672
1667  1667 1678 3612672
1668  1668 1670 3612672
1669  1669 1671 3612672
1670  1670 1672 401408
1671  1671 1673 401408
1672  1672 1674 2048
1673  1673 1675 2048
1674  1674 1676 2048
1675  1675 1677 3612672
1676  1676 1678 3612672
1677  1677 1688 3612672
1678  1678 1680 3612672
1679  1679 2483 524288
1680  1680 1682 1806336
1681  1681 1686 1806336
1682  1682 1684 1806336
1683  1683 1685 1806336
1684  1684 1686 1806336
1685  1685 1693 1806336
1686  1686 1689 524288
1687  1687 1689 3612672
1688  1688 1690 1806336
1689  1689 1691 1806336
1690  1690 1692 1806336
1691  1691 1693 1806336
1692  1692 1694 1806336
1693  1693 1699 1806336
1694  1694 1696 1806336
1695  1695 1697 200704
1696  1696 1698 200704
1697  1697 2484 1024
1698  1698 1705 1806336
1699  1699 1701 1806336
1700  1700 1702 1806336
1701  1701 1703 200704
1702  1702 1704 200704
1703  1703 2485 1024
1704  1704 1706 1806336
1705  1705 1717 1806336
1706  1706 1708 1806336
1707  1707 1709 1806336
1708  1708 1710 200704
1709  1709 1711 200704
1710  1710 1712 1024
1711  1711 1713 1024
1712  1712 1715 1024
1713  1713 1716 1806336
1714  1714 1716 1806336
1715  1715 1717 1806336
1716  1716 1779 1806336
1717  1717 1720 1806336
1718  1718 1768 1806336
1719  1719 1721 1806336
1720  1720 1722 1806336
1721  1721 1723 9216
1722  1722 1724 9216
1723  1723 2486 1024
1724  1724 1726 1806336
1725  1725 1727 1806336
1726  1726 1728 1806336
1727  1727 1729 9216
1728  1728 1730 9216
1729  1729 2486 1024
1730  1730 1732 1806336
1731  1731 1733 1806336
1732  1732 1734 1806336
1733  1733 1735 9216
1734  1734 1736 9216
1735  1735 2486 1024
1736  1736 1738 1806336
1737  1737 1739 1806336
1738  1738 1740 1806336
1739  1739 1741 9216
1740  1740 1742 9216
1741  1741 2486 1024
1742  1742 1744 1806336
1743  1743 1745 1806336
1744  1744 1746 1806336
1745  1745 1747 9216
1746  1746 1748 9216
1747  1747 2486 1024
1748  1748 1750 1806336
1749  1749 1751 1806336
1750  1750 1752 1806336
1751  1751 1753 9216
1752  1752 1754 9216
1753  1753 2486 1024
1754  1754 1756 1806336
1755  1755 1757 1806336
1756  1756 1758 1806336
1757  1757 1759 9216
1758  1758 1760 9216
1759  1759 2486 1024
1760  1760 1762 1806336
1761  1761 1763 1806336
1762  1762 1764 1806336
1763  1763 1765 9216
1764  1764 1766 9216
1765  1765 2486 1024
1766  1766 1768 1806336
1767  1767 1769 1806336
1768  1768 1770 1806336
1769  1769 1771 9216
1770  1770 1772 9216
1771  1771 2486 1024
1772  1772 1774 7225344
1773  1773 1778 7225344
1774  1774 1776 7225344
1775  1775 1777 7225344
1776  1776 1778 7225344
1777  1777 1781 7225344
1778  1778 1780 1806336
1779  1779 1781 7225344
1780  1780 1782 7225344
1781  1781 1787 7225344
1782  1782 1784 7225344
1783  1783 1785 802816
1784  1784 1786 802816
1785  1785 2487 1024
1786  1786 1793 7225344
1787  1787 1789 7225344
1788  1788 1790 7225344
1789  1789 1791 802816
1790  1790 1792 802816
1791  1791 2488 1024
1792  1792 1794 7225344
1793  1793 1805 7225344
1794  1794 1796 7225344
1795  1795 1797 7225344
1796  1796 1798 802816
1797  1797 1799 802816
1798  1798 1800 1024
1799  1799 1801 1024
1800  1800 1803 1024
1801  1801 1929 7225344
1802  1802 1804 7225344
1803  1803 1805 7225344
1804  1804 1815 7225344
1805  1805 1807 7225344
1806  1806 2489 262144
1807  1807 1809 7225344
1808  1808 1813 7225344
1809  1809 1811 7225344
1810  1810 1812 7225344
1811  1811 1813 7225344
1812  1812 1820 7225344
1813  1813 1816 262144
1814  1814 1816 7225344
1815  1815 1817 7225344
1816  1816 1818 7225344
1817  1817 1819 7225344
1818  1818 1820 7225344
1819  1819 1821 7225344
1820  1820 1826 7225344
1821  1821 1823 7225344
1822  1822 1824 802816
1823  1823 1825 802816
1824  1824 2490 1024
1825  1825 1832 7225344
1826  1826 1828 7225344
1827  1827 1829 7225344
1828  1828 1830 802816
1829  1829 1831 802816
1830  1830 2491 1024
1831  1831 1833 7225344
1832  1832 1843 7225344
1833  1833 1835 7225344
1834  1834 1836 7225344
1835  1835 1837 802816
1836  1836 1838 802816
1837  1837 1839 1024
1838  1838 1840 1024
1839  1839 1841 1024
1840  1840 1842 7225344
1841  1841 1843 7225344
1842  1842 1905 7225344
1843  1843 1846 7225344
1844  1844 1894 7225344
1845  1845 1847 7225344
1846  1846 1848 7225344
1847  1847 1849 9216
1848  1848 1850 9216
1849  1849 2492 1024
1850  1850 1852 7225344
1851  1851 1853 7225344
1852  1852 1854 7225344
1853  1853 1855 9216
1854  1854 1856 9216
1855  1855 2492 1024
1856  1856 1858 7225344
1857  1857 1859 7225344
1858  1858 1860 7225344
1859  1859 1861 9216
1860  1860 1862 9216
1861  1861 2492 1024
1862  1862 1864 7225344
1863  1863 1865 7225344
1864  1864 1866 7225344
1865  1865 1867 9216
1866  1866 1868 9216
1867  1867 2492 1024
1868  1868 1870 7225344
1869  1869 1871 7225344
1870  1870 1872 7225344
1871  1871 1873 9216
1872  1872 1874 9216
1873  1873 2492 1024
1874  1874 1876 7225344
1875  1875 1877 7225344
1876  1876 1878 7225344
1877  1877 1879 9216
1878  1878 1880 9216
1879  1879 2492 1024
1880  1880 1882 7225344
1881  1881 1883 7225344
1882  1882 1884 7225344
1883  1883 1885 9216
1884  1884 1886 9216
1885  1885 2492 1024
1886  1886 1888 7225344
1887  1887 1889 7225344
1888  1888 1890 7225344
1889  1889 1891 9216
1890  1890 1892 9216
1891  1891 2492 1024
1892  1892 1894 7225344
1893  1893 1895 7225344
1894  1894 1896 7225344
1895  1895 1897 9216
1896  1896 1898 9216
1897  1897 2492 1024
1898  1898 1900 7225344
1899  1899 1904 7225344
1900  1900 1902 7225344
1901  1901 1903 7225344
1902  1902 1904 7225344
1903  1903 1907 7225344
1904  1904 1906 7225344
1905  1905 1907 7225344
1906  1906 1908 7225344
1907  1907 1913 7225344
1908  1908 1910 7225344
1909  1909 1911 802816
1910  1910 1912 802816
1911  1911 2493 1024
1912  1912 1919 7225344
1913  1913 1915 7225344
1914  1914 1916 7225344
1915  1915 1917 802816
1916  1916 1918 802816
1917  1917 2494 1024
1918  1918 1920 7225344
1919  1919 1930 7225344
1920  1920 1922 7225344
1921  1921 1923 7225344
1922  1922 1924 802816
1923  1923 1925 802816
1924  1924 1926 1024
1925  1925 1927 1024
1926  1926 1928 1024
1927  1927 1929 7225344
1928  1928 1930 7225344
1929  1929 1940 7225344
1930  1930 1932 7225344
1931  1931 2495 131072
1932  1932 1934 3612672
1933  1933 1938 3612672
1934  1934 1936 3612672
1935  1935 1937 3612672
1936  1936 1938 3612672
1937  1937 1945 3612672
1938  1938 1941 131072
1939  1939 1941 7225344
1940  1940 1942 3612672
1941  1941 1943 3612672
1942  1942 1944 3612672
1943  1943 1945 3612672
1944  1944 1946 3612672
1945  1945 1951 3612672
1946  1946 1948 3612672
1947  1947 1949 401408
1948  1948 1950 401408
1949  1949 2496 512
1950  1950 1957 3612672
1951  1951 1953 3612672
1952  1952 1954 3612672
1953  1953 1955 401408
1954  1954 1956 401408
1955  1955 2497 512
1956  1956 1958 3612672
1957  1957 1969 3612672
1958  1958 1960 3612672
1959  1959 1961 3612672
1960  1960 1962 401408
1961  1961 1963 401408
1962  1962 1964 512
1963  1963 1965 512
1964  1964 1967 512
1965  1965 1968 3612672
1966  1966 1968 3612672
1967  1967 1969 3612672
1968  1968 2031 3612672
1969  1969 1972 3612672
1970  1970 2020 3612672
1971  1971 1973 3612672
1972  1972 1974 3612672
1973  1973 1975 4608
1974  1974 1976 4608
1975  1975 2498 512
1976  1976 1978 3612672
1977  1977 1979 3612672
1978  1978 1980 3612672
1979  1979 1981 4608
1980  1980 1982 4608
1981  1981 2498 512
1982  1982 1984 3612672
1983  1983 1985 3612672
1984  1984 1986 3612672
1985  1985 1987 4608
1986  1986 1988 4608
1987  1987 2498 512
1988  1988 1990 3612672
1989  1989 1991 3612672
1990  1990 1992 3612672
1991  1991 1993 4608
1992  1992 1994 4608
1993  1993 2498 512
1994  1994 1996 3612672
1995  1995 1997 3612672
1996  1996 1998 3612672
1997  1997 1999 4608
1998  1998 2000 4608
1999  1999 2498 512
2000  2000 2002 3612672
2001  2001 2003 3612672
2002  2002 2004 3612672
2003  2003 2005 4608
2004  2004 2006 4608
2005  2005 2498 512
2006  2006 2008 3612672
2007  2007 2009 3612672
2008  2008 2010 3612672
2009  2009 2011 4608
2010  2010 2012 4608
2011  2011 2498 512
2012  2012 2014 3612672
2013  2013 2015 3612672
2014  2014 2016 3612672
2015  2015 2017 4608
2016  2016 2018 4608
2017  2017 2498 512
2018  2018 2020 3612672
2019  2019 2021 3612672
2020  2020 2022 3612672
2021  2021 2023 4608
2022  2022 2024 4608
2023  2023 2498 512
2024  2024 2026 14450688
2025  2025 2030 14450688
2026  2026 2028 14450688
2027  2027 2029 14450688
2028  2028 2030 14450688
2029  2029 2033 14450688
2030  2030 2032 3612672
2031  2031 2033 14450688
2032  2032 2034 14450688
2033  2033 2039 14450688
2034  2034 2036 14450688
2035  2035 2037 1605632
2036  2036 2038 1605632
2037  2037 2499 512
2038  2038 2045 14450688
2039  2039 2041 14450688
2040  2040 2042 14450688
2041  2041 2043 1605632
2042  2042 2044 1605632
2043  2043 2500 512
2044  2044 2046 14450688
2045  2045 2057 14450688
2046  2046 2048 14450688
2047  2047 2049 14450688
2048  2048 2050 1605632
2049  2049 2051 1605632
2050  2050 2052 512
2051  2051 2053 512
2052  2052 2055 512
2053  2053 2181 14450688
2054  2054 2056 14450688
2055  2055 2057 14450688
2056  2056 2067 14450688
2057  2057 2059 14450688
2058  2058 2501 65536
2059  2059 2061 14450688
2060  2060 2065 14450688
2061  2061 2063 14450688
2062  2062 2064 14450688
2063  2063 2065 14450688
2064  2064 2072 14450688
2065  2065 2068 65536
2066  2066 2068 14450688
2067  2067 2069 14450688
2068  2068 2070 14450688
2069  2069 2071 14450688
2070  2070 2072 14450688
2071  2071 2073 14450688
2072  2072 2078 14450688
2073  2073 2075 14450688
2074  2074 2076 1605632
2075  2075 2077 1605632
2076  2076 2502 512
2077  2077 2084 14450688
2078  2078 2080 14450688
2079  2079 2081 14450688
2080  2080 2082 1605632
2081  2081 2083 1605632
2082  2082 2503 512
2083  2083 2085 14450688
2084  2084 2095 14450688
2085  2085 2087 14450688
2086  2086 2088 14450688
2087  2087 2089 1605632
2088  2088 2090 1605632
2089  2089 2091 512
2090  2090 2092 512
2091  2091 2093 512
2092  2092 2094 14450688
2093  2093 2095 14450688
2094  2094 2157 14450688
2095  2095 2098 14450688
2096  2096 2146 14450688
2097  2097 2099 14450688
2098  2098 2100 14450688
2099  2099 2101 4608
2100  2100 2102 4608
2101  2101 2504 512
2102  2102 2104 14450688
2103  2103 2105 14450688
2104  2104 2106 14450688
2105  2105 2107 4608
2106  2106 2108 4608
2107  2107 2504 512
2108  2108 2110 14450688
2109  2109 2111 14450688
2110  2110 2112 14450688
2111  2111 2113 4608
2112  2112 2114 4608
2113  2113 2504 512
2114  2114 2116 14450688
2115  2115 2117 14450688
2116  2116 2118 14450688
2117  2117 2119 4608
2118  2118 2120 4608
2119  2119 2504 512
2120  2120 2122 14450688
2121  2121 2123 14450688
2122  2122 2124 14450688
2123  2123 2125 4608
2124  2124 2126 4608
2125  2125 2504 512
2126  2126 2128 14450688
2127  2127 2129 14450688
2128  2128 2130 14450688
2129  2129 2131 4608
2130  2130 2132 4608
2131  2131 2504 512
2132  2132 2134 14450688
2133  2133 2135 14450688
2134  2134 2136 14450688
2135  2135 2137 4608
2136  2136 2138 4608
2137  2137 2504 512
2138  2138 2140 14450688
2139  2139 2141 14450688
2140  2140 2142 14450688
2141  2141 2143 4608
2142  2142 2144 4608
2143  2143 2504 512
2144  2144 2146 14450688
2145  2145 2147 14450688
2146  2146 2148 14450688
2147  2147 2149 4608
2148  2148 2150 4608
2149  2149 2504 512
2150  2150 2152 14450688
2151  2151 2156 14450688
2152  2152 2154 14450688
2153  2153 2155 14450688
2154  2154 2156 14450688
2155  2155 2159 14450688
2156  2156 2158 14450688
2157  2157 2159 14450688
2158  2158 2160 14450688
2159  2159 2165 14450688
2160  2160 2162 14450688
2161  2161 2163 1605632
2162  2162 2164 1605632
2163  2163 2505 512
2164  2164 2171 14450688
2165  2165 2167 14450688
2166  2166 2168 14450688
2167  2167 2169 1605632
2168  2168 2170 1605632
2169  2169 2506 512
2170  2170 2172 14450688
2171  2171 2182 14450688
2172  2172 2174 14450688
2173  2173 2175 14450688
2174  2174 2176 1605632
2175  2175 2177 1605632
2176  2176 2178 512
2177  2177 2179 512
2178  2178 2180 512
2179  2179 2181 14450688
2180  2180 2182 14450688
2181  2181 2192 14450688
2182  2182 2184 14450688
2183  2183 2507 32768
2184  2184 2186 7225344
2185  2185 2190 7225344
2186  2186 2188 7225344
2187  2187 2189 7225344
2188  2188 2190 7225344
2189  2189 2197 7225344
2190  2190 2193 32768
2191  2191 2193 14450688
2192  2192 2194 7225344
2193  2193 2195 7225344
2194  2194 2196 7225344
2195  2195 2197 7225344
2196  2196 2198 7225344
2197  2197 2203 7225344
2198  2198 2200 7225344
2199  2199 2201 802816
2200  2200 2202 802816
2201  2201 2508 256
2202  2202 2209 7225344
2203  2203 2205 7225344
2204  2204 2206 7225344
2205  2205 2207 802816
2206  2206 2208 802816
2207  2207 2509 256
2208  2208 2210 7225344
2209  2209 2221 7225344
2210  2210 2212 7225344
2211  2211 2213 7225344
2212  2212 2214 802816
2213  2213 2215 802816
2214  2214 2216 256
2215  2215 2217 256
2216  2216 2219 256
2217  2217 2220 7225344
2218  2218 2220 7225344
2219  2219 2221 7225344
2220  2220 2283 7225344
2221  2221 2224 7225344
2222  2222 2272 7225344
2223  2223 2225 7225344
2224  2224 2226 7225344
2225  2225 2227 2304
2226  2226 2228 2304
2227  2227 2510 256
2228  2228 2230 7225344
2229  2229 2231 7225344
2230  2230 2232 7225344
2231  2231 2233 2304
2232  2232 2234 2304
2233  2233 2510 256
2234  2234 2236 7225344
2235  2235 2237 7225344
2236  2236 2238 7225344
2237  2237 2239 2304
2238  2238 2240 2304
2239  2239 2510 256
2240  2240 2242 7225344
2241  2241 2243 7225344
2242  2242 2244 7225344
2243  2243 2245 2304
2244  2244 2246 2304
2245  2245 2510 256
2246  2246 2248 7225344
2247  2247 2249 7225344
2248  2248 2250 7225344
2249  2249 2251 2304
2250  2250 2252 2304
2251  2251 2510 256
2252  2252 2254 7225344
2253  2253 2255 7225344
2254  2254 2256 7225344
2255  2255 2257 2304
2256  2256 2258 2304
2257  2257 2510 256
2258  2258 2260 7225344
2259  2259 2261 7225344
2260  2260 2262 7225344
2261  2261 2263 2304
2262  2262 2264 2304
2263  2263 2510 256
2264  2264 2266 7225344
2265  2265 2267 7225344
2266  2266 2268 7225344
2267  2267 2269 2304
2268  2268 2270 2304
2269  2269 2510 256
2270  2270 2272 7225344
2271  2271 2273 7225344
2272  2272 2274 7225344
2273  2273 2275 2304
2274  2274 2276 2304
2275  2275 2510 256
2276  2276 2278 28901376
2277  2277 2282 28901376
2278  2278 2280 28901376
2279  2279 2281 28901376
2280  2280 2282 28901376
2281  2281 2285 28901376
2282  2282 2284 7225344
2283  2283 2285 28901376
2284  2284 2286 28901376
2285  2285 2291 28901376
2286  2286 2288 28901376
2287  2287 2289 3211264
2288  2288 2290 3211264
2289  2289 2511 256
2290  2290 2297 28901376
2291  2291 2293 28901376
2292  2292 2294 28901376
2293  2293 2295 3211264
2294  2294 2296 3211264
2295  2295 2512 256
2296  2296 2298 28901376
2297  2297 2309 28901376
2298  2298 2300 28901376
2299  2299 2301 28901376
2300  2300 2302 3211264
2301  2301 2303 3211264
2302  2302 2304 256
2303  2303 2305 256
2304  2304 2307 256
2305  2305 2308 28901376
2306  2306 2308 28901376
2307  2307 2309 28901376
2308  2308 2319 28901376
2309  2309 2311 28901376
2310  2310 2513 8192
2311  2311 2313 14450688
2312  2312 2317 14450688
2313  2313 2315 14450688
2314  2314 2316 14450688
2315  2315 2317 14450688
2316  2316 2324 14450688
2317  2317 2320 8192
2318  2318 2320 28901376
2319  2319 2321 14450688
2320  2320 2322 14450688
2321  2321 2323 14450688
2322  2322 2324 14450688
2323  2323 2325 14450688
2324  2324 2330 14450688
2325  2325 2327 14450688
2326  2326 2328 1605632
2327  2327 2329 1605632
2328  2328 2514 128
2329  2329 2336 14450688
2330  2330 2332 14450688
2331  2331 2333 14450688
2332  2332 2334 1605632
2333  2333 2335 1605632
2334  2334 2515 128
2335  2335 2337 14450688
2336  2336 2348 14450688
2337  2337 2339 14450688
2338  2338 2340 14450688
2339  2339 2341 1605632
2340  2340 2342 1605632
2341  2341 2343 128
2342  2342 2344 128
2343  2343 2346 128
2344  2344 2434 14450688
2345  2345 2347 14450688
2346  2346 2348 14450688
2347  2347 2410 14450688
2348  2348 2351 14450688
2349  2349 2399 14450688
2350  2350 2352 14450688
2351  2351 2353 14450688
2352  2352 2354 1152
2353  2353 2355 1152
2354  2354 2516 128
2355  2355 2357 14450688
2356  2356 2358 14450688
2357  2357 2359 14450688
2358  2358 2360 1152
2359  2359 2361 1152
2360  2360 2516 128
2361  2361 2363 14450688
2362  2362 2364 14450688
2363  2363 2365 14450688
2364  2364 2366 1152
2365  2365 2367 1152
2366  2366 2516 128
2367  2367 2369 14450688
2368  2368 2370 14450688
2369  2369 2371 14450688
2370  2370 2372 1152
2371  2371 2373 1152
2372  2372 2516 128
2373  2373 2375 14450688
2374  2374 2376 14450688
2375  2375 2377 14450688
2376  2376 2378 1152
2377  2377 2379 1152
2378  2378 2516 128
2379  2379 2381 14450688
2380  2380 2382 14450688
2381  2381 2383 14450688
2382  2382 2384 1152
2383  2383 2385 1152
2384  2384 2516 128
2385  2385 2387 14450688
2386  2386 2388 14450688
2387  2387 2389 14450688
2388  2388 2390 1152
2389  2389 2391 1152
2390  2390 2516 128
2391  2391 2393 14450688
2392  2392 2394 14450688
2393  2393 2395 14450688
2394  2394 2396 1152
2395  2395 2397 1152
2396  2396 2516 128
2397  2397 2399 14450688
2398  2398 2400 14450688
2399  2399 2401 14450688
2400  2400 2402 1152
2401  2401 2403 1152
2402  2402 2516 128
2403  2403 2405 14450688
2404  2404 2409 14450688
2405  2405 2407 14450688
2406  2406 2408 14450688
2407  2407 2409 14450688
2408  2408 2412 14450688
2409  2409 2411 14450688
2410  2410 2412 14450688
2411  2411 2413 14450688
2412  2412 2418 14450688
2413  2413 2415 14450688
2414  2414 2416 1605632
2415  2415 2417 1605632
2416  2416 2517 128
2417  2417 2424 14450688
2418  2418 2420 14450688
2419  2419 2421 14450688
2420  2420 2422 1605632
2421  2421 2423 1605632
2422  2422 2518 128
2423  2423 2425 14450688
2424  2424 2435 14450688
2425  2425 2427 14450688
2426  2426 2428 14450688
2427  2427 2429 1605632
2428  2428 2430 1605632
2429  2429 2431 128
2430  2430 2432 128
2431  2431 2433 128
2432  2432 2434 14450688
2433  2433 2435 14450688
2434  2434 2436 14450688
2435  2435 2437 14450688
2436  2436 2519 3456
2437  2437 2519 4032
2438  2438 2519 4096
2439  2439 2519 4096
2440  2440 2519 4194304
2441  2441 2519 4096
2442  2442 2519 4096
2443  2443 2519 36864
2444  2444 2519 4096
2445  2445 2519 4096
2446  2446 2519 2097152
2447  2447 2519 2048
2448  2448 2519 2048
2449  2449 2519 18432
2450  2450 2519 2048
2451  2451 2519 2048
2452  2452 2519 1048576
2453  2453 2519 2048
2454  2454 2519 2048
2455  2455 2519 18432
2456  2456 2519 2048
2457  2457 2519 2048
2458  2458 2519 1048576
2459  2459 2519 2048
2460  2460 2519 2048
2461  2461 2519 18432
2462  2462 2519 2048
2463  2463 2519 2048
2464  2464 2519 1048576
2465  2465 2519 2048
2466  2466 2519 2048
2467  2467 2519 18432
2468  2468 2519 2048
2469  2469 2519 2048
2470  2470 2519 1048576
2471  2471 2519 2048
2472  2472 2519 2048
2473  2473 2519 18432
2474  2474 2519 2048
2475  2475 2519 2048
2476  2476 2519 1048576
2477  2477 2519 2048
2478  2478 2519 2048
2479  2479 2519 18432
2480  2480 2519 2048
2481  2481 2519 2048
2482  2482 2519 524288
2483  2483 2519 1024
2484  2484 2519 1024
2485  2485 2519 9216
2486  2486 2519 1024
2487  2487 2519 1024
2488  2488 2519 262144
2489  2489 2519 1024
2490  2490 2519 1024
2491  2491 2519 9216
2492  2492 2519 1024
2493  2493 2519 1024
2494  2494 2519 131072
2495  2495 2519 512
2496  2496 2519 512
2497  2497 2519 4608
2498  2498 2519 512
2499  2499 2519 512
2500  2500 2519 65536
2501  2501 2519 512
2502  2502 2519 512
2503  2503 2519 4608
2504  2504 2519 512
2505  2505 2519 512
2506  2506 2519 32768
2507  2507 2519 256
2508  2508 2519 256
2509  2509 2519 2304
2510  2510 2519 256
2511  2511 2519 256
2512  2512 2519 8192
2513  2513 2519 128
2514  2514 2519 128
2515  2515 2519 1152
2516  2516 2519 128
2517  2517 2519 128
2518  2518 2519 3456
