17:0  17 18 8429568
19:0  19 20 3456
19:1  19 20 19668992
19:2  19 20 22478848
19:3  19 20 2624
45:0  45 46 1152
45:1  45 46 128
46:0  46 47 22478848
71:0  71 72 22478848
73:0  73 74 8192
73:1  73 74 22478848
73:2  73 74 44957696
73:3  73 74 3072
99:0  99 100 2304
99:1  99 100 256
100:0  100 101 11239424
125:0  125 126 11239424
127:0  127 128 32768
127:1  127 128 11239424
127:2  127 128 22478848
127:3  127 128 6144
153:0  153 154 4608
153:1  153 154 512
154:0  154 155 22478848
179:0  179 180 22478848
181:0  181 182 65536
181:1  181 182 22478848
181:2  181 182 22478848
181:3  181 182 12288
207:0  207 208 4608
207:1  207 208 512
208:0  208 209 5619712
233:0  233 234 5619712
235:0  235 236 131072
235:1  235 236 5619712
235:2  235 236 11239424
235:3  235 236 2807808
235:4  235 236 32768
235:11  235 236 6144
235:12  235 236 12288
261:0  261 262 9216
261:1  261 262 1024
262:0  262 263 11239424
287:0  287 288 11239424
289:0  289 290 262144
289:1  289 290 11239424
289:2  289 290 11239424
289:3  289 290 2807808
289:4  289 290 65536
289:11  289 290 12288
289:12  289 290 24576
315:0  315 316 9216
315:1  315 316 1024
316:0  316 317 2809856
341:0  341 342 2809856
343:0  343 344 524288
343:1  343 344 2809856
343:2  343 344 5619712
343:3  343 344 1400832
343:4  343 344 131072
343:11  343 344 12288
343:12  343 344 24576
369:0  369 370 18432
369:1  369 370 2048
370:0  370 371 5619712
395:0  395 396 5619712
397:0  397 398 1048576
397:1  397 398 5619712
397:2  397 398 5619712
397:3  397 398 1400832
397:4  397 398 262144
397:59  397 398 350208
397:60  397 398 65536
397:67  397 398 12288
397:68  397 398 49152
423:0  423 424 18432
423:1  423 424 2048
424:0  424 425 5619712
449:0  449 450 5619712
451:0  451 452 1048576
451:1  451 452 5619712
451:2  451 452 5619712
451:3  451 452 1400832
451:4  451 452 262144
451:59  451 452 350208
451:60  451 452 65536
451:67  451 452 12288
451:68  451 452 49152
477:0  477 478 18432
477:1  477 478 2048
478:0  478 479 5619712
503:0  503 504 5619712
505:0  505 506 1048576
505:1  505 506 5619712
505:2  505 506 5619712
505:3  505 506 1400832
505:4  505 506 262144
505:59  505 506 350208
505:60  505 506 65536
505:67  505 506 12288
505:68  505 506 49152
531:0  531 532 18432
531:1  531 532 2048
532:0  532 533 5619712
557:0  557 558 5619712
559:0  559 560 1048576
559:1  559 560 5619712
559:2  559 560 5619712
559:3  559 560 1400832
559:4  559 560 262144
559:59  559 560 350208
559:60  559 560 65536
559:67  559 560 12288
559:68  559 560 49152
585:0  585 586 18432
585:1  585 586 2048
586:0  586 587 5619712
611:0  611 612 5619712
613:0  613 614 1048576
613:1  613 614 5619712
613:2  613 614 5619712
613:3  613 614 1400832
613:4  613 614 262144
613:59  613 614 350208
613:60  613 614 65536
613:67  613 614 12288
613:68  613 614 49152
639:0  639 640 18432
639:1  639 640 2048
640:0  640 641 1404928
665:0  665 666 1404928
667:0  667 668 2097152
667:1  667 668 1404928
667:2  667 668 2809856
667:3  667 668 688128
667:4  667 668 524288
667:59  667 668 172032
667:60  667 668 131072
667:67  667 668 12288
667:68  667 668 49152
693:0  693 694 36864
693:1  693 694 4096
694:0  694 695 2809856
719:0  719 720 2809856
721:0  721 722 4194304
721:1  721 722 2809856
721:2  721 722 2809856
721:3  721 722 688128
721:4  721 722 1048576
721:59  721 722 172032
721:60  721 722 262144
721:67  721 722 24576
721:68  721 722 98304
750:0  750 751 4112384
750:1  750 751 57344
750:2  750 751 56256
750:3  750 751 98304
764:0  764 765 57344
764:1  764 765 64064
764:2  764 765 4100096
764:3  764 765 1344
771:0  771 772 4100096
771:1  771 772 56256
771:2  771 772 57344
771:3  771 772 96128
778:0  778 779 2809856
802:0  802 803 2809856
802:1  802 803 2818048
802:2  802 803 4194304
802:3  802 803 65856
811:0  811 812 2818048
811:1  811 812 4194304
811:2  811 812 2818048
811:3  811 812 1032192
811:4  811 812 704512
811:479  811 812 258048
811:480  811 812 176128
811:547  811 812 61440
811:548  811 812 43008
811:555  811 812 12288
811:557  811 812 24576
811:558  811 812 98304
814:0  814 815 2809856
817:0  817 818 2809856
839:0  839 840 2809856
846:0  846 847 2809856
852:0  852 853 2809856
858:0  858 859 2809856
870:0  870 871 2809856
876:0  876 877 2809856
882:0  882 883 2809856
888:0  888 889 2809856
901:0  901 902 36864
901:1  901 902 4096
904:0  904 905 2809856
927:0  927 928 2809856
927:1  927 928 1409024
927:2  927 928 2097152
927:3  927 928 65856
936:0  936 937 2818048
936:1  936 937 2097152
936:2  936 937 1409024
936:3  936 937 516096
936:4  936 937 704512
936:65  936 937 122880
936:66  936 937 176128
936:73  936 937 24576
936:74  936 937 49152
936:75  936 937 98304
939:0  939 940 1404928
942:0  942 943 1404928
965:0  965 966 5619712
972:0  972 973 5619712
978:0  978 979 5619712
984:0  984 985 5619712
990:0  990 991 5619712
996:0  996 997 5619712
1002:0  1002 1003 5619712
1008:0  1008 1009 5619712
1014:0  1014 1015 5619712
1027:0  1027 1028 18432
1027:1  1027 1028 2048
1030:0  1030 1031 5619712
1054:0  1054 1055 5619712
1054:1  1054 1055 5619712
1054:2  1054 1055 1048576
1054:3  1054 1055 1382976
1054:4  1054 1055 1404928
1054:11  1054 1055 131712
1054:12  1054 1055 263424
1063:0  1063 1064 5619712
1063:1  1063 1064 1048576
1063:2  1063 1064 5619712
1063:3  1063 1064 1382976
1063:4  1063 1064 1404928
1063:71  1063 1064 328320
1063:72  1063 1064 350208
1063:79  1063 1064 12288
1063:81  1063 1064 24576
1063:82  1063 1064 49152
1066:0  1066 1067 5619712
1069:0  1069 1070 5619712
1091:0  1091 1092 5619712
1098:0  1098 1099 5619712
1104:0  1104 1105 5619712
1110:0  1110 1111 5619712
1122:0  1122 1123 5619712
1128:0  1128 1129 5619712
1134:0  1134 1135 5619712
1140:0  1140 1141 5619712
1153:0  1153 1154 18432
1153:1  1153 1154 2048
1156:0  1156 1157 5619712
1179:0  1179 1180 5619712
1179:1  1179 1180 5619712
1179:2  1179 1180 1048576
1179:3  1179 1180 1382976
1179:4  1179 1180 1404928
1179:11  1179 1180 131712
1179:12  1179 1180 263424
1188:0  1188 1189 5619712
1188:1  1188 1189 1048576
1188:2  1188 1189 5619712
1188:3  1188 1189 1382976
1188:4  1188 1189 1404928
1188:71  1188 1189 328320
1188:72  1188 1189 350208
1188:79  1188 1189 12288
1188:81  1188 1189 24576
1188:82  1188 1189 49152
1191:0  1191 1192 5619712
1194:0  1194 1195 5619712
1216:0  1216 1217 5619712
1223:0  1223 1224 5619712
1229:0  1229 1230 5619712
1235:0  1235 1236 5619712
1247:0  1247 1248 5619712
1253:0  1253 1254 5619712
1259:0  1259 1260 5619712
1265:0  1265 1266 5619712
1278:0  1278 1279 18432
1278:1  1278 1279 2048
1281:0  1281 1282 5619712
1304:0  1304 1305 5619712
1304:1  1304 1305 5619712
1304:2  1304 1305 1048576
1304:3  1304 1305 1382976
1304:4  1304 1305 1404928
1304:11  1304 1305 131712
1304:12  1304 1305 263424
1313:0  1313 1314 5619712
1313:1  1313 1314 1048576
1313:2  1313 1314 5619712
1313:3  1313 1314 1382976
1313:4  1313 1314 1404928
1313:71  1313 1314 328320
1313:72  1313 1314 350208
1313:79  1313 1314 12288
1313:81  1313 1314 24576
1313:82  1313 1314 49152
1316:0  1316 1317 5619712
1319:0  1319 1320 5619712
1341:0  1341 1342 5619712
1348:0  1348 1349 5619712
1354:0  1354 1355 5619712
1360:0  1360 1361 5619712
1372:0  1372 1373 5619712
1378:0  1378 1379 5619712
1384:0  1384 1385 5619712
1390:0  1390 1391 5619712
1403:0  1403 1404 18432
1403:1  1403 1404 2048
1406:0  1406 1407 5619712
1429:0  1429 1430 5619712
1429:1  1429 1430 5619712
1429:2  1429 1430 1048576
1429:3  1429 1430 1382976
1429:4  1429 1430 1404928
1429:11  1429 1430 131712
1429:12  1429 1430 263424
1438:0  1438 1439 5619712
1438:1  1438 1439 1048576
1438:2  1438 1439 5619712
1438:3  1438 1439 1382976
1438:4  1438 1439 1404928
1438:71  1438 1439 328320
1438:72  1438 1439 350208
1438:79  1438 1439 12288
1438:81  1438 1439 24576
1438:82  1438 1439 49152
1441:0  1441 1442 5619712
1444:0  1444 1445 5619712
1466:0  1466 1467 5619712
1473:0  1473 1474 5619712
1479:0  1479 1480 5619712
1485:0  1485 1486 5619712
1497:0  1497 1498 5619712
1503:0  1503 1504 5619712
1509:0  1509 1510 5619712
1515:0  1515 1516 5619712
1528:0  1528 1529 18432
1528:1  1528 1529 2048
1531:0  1531 1532 5619712
1554:0  1554 1555 5619712
1554:1  1554 1555 5619712
1554:2  1554 1555 1048576
1554:3  1554 1555 1382976
1554:4  1554 1555 1404928
1554:11  1554 1555 131712
1554:12  1554 1555 263424
1563:0  1563 1564 5619712
1563:1  1563 1564 1048576
1563:2  1563 1564 5619712
1563:3  1563 1564 1382976
1563:4  1563 1564 1404928
1563:71  1563 1564 328320
1563:72  1563 1564 350208
1563:79  1563 1564 12288
1563:81  1563 1564 24576
1563:82  1563 1564 49152
1566:0  1566 1567 5619712
1569:0  1569 1570 5619712
1591:0  1591 1592 5619712
1598:0  1598 1599 5619712
1604:0  1604 1605 5619712
1610:0  1610 1611 5619712
1622:0  1622 1623 5619712
1628:0  1628 1629 5619712
1634:0  1634 1635 5619712
1640:0  1640 1641 5619712
1653:0  1653 1654 18432
1653:1  1653 1654 2048
1656:0  1656 1657 5619712
1679:0  1679 1680 5619712
1679:1  1679 1680 2809856
1679:2  1679 1680 524288
1679:3  1679 1680 658560
1679:4  1679 1680 1404928
1679:11  1679 1680 131712
1679:12  1679 1680 263424
1688:0  1688 1689 5619712
1688:1  1688 1689 524288
1688:2  1688 1689 2809856
1688:3  1688 1689 658560
1688:4  1688 1689 1404928
1688:11  1688 1689 24576
1688:12  1688 1689 49152
1691:0  1691 1692 2809856
1694:0  1694 1695 2809856
1717:0  1717 1718 11239424
1724:0  1724 1725 11239424
1730:0  1730 1731 11239424
1736:0  1736 1737 11239424
1742:0  1742 1743 11239424
1748:0  1748 1749 11239424
1754:0  1754 1755 11239424
1760:0  1760 1761 11239424
1766:0  1766 1767 11239424
1779:0  1779 1780 9216
1779:1  1779 1780 1024
1782:0  1782 1783 11239424
1806:0  1806 1807 11239424
1806:1  1806 1807 11239424
1806:2  1806 1807 262144
1806:3  1806 1807 2634240
1806:4  1806 1807 2809856
1806:59  1806 1807 658560
1806:60  1806 1807 702464
1806:67  1806 1807 263424
1806:68  1806 1807 1053696
1815:0  1815 1816 11239424
1815:1  1815 1816 262144
1815:2  1815 1816 11239424
1815:3  1815 1816 2634240
1815:4  1815 1816 2809856
1815:11  1815 1816 12288
1815:12  1815 1816 24576
1818:0  1818 1819 11239424
1821:0  1821 1822 11239424
1843:0  1843 1844 11239424
1850:0  1850 1851 11239424
1856:0  1856 1857 11239424
1862:0  1862 1863 11239424
1874:0  1874 1875 11239424
1880:0  1880 1881 11239424
1886:0  1886 1887 11239424
1892:0  1892 1893 11239424
1905:0  1905 1906 9216
1905:1  1905 1906 1024
1908:0  1908 1909 11239424
1931:0  1931 1932 11239424
1931:1  1931 1932 5619712
1931:2  1931 1932 131072
1931:3  1931 1932 1317120
1931:4  1931 1932 2809856
1931:11  1931 1932 526848
1931:12  1931 1932 1053696
1940:0  1940 1941 11239424
1940:1  1940 1941 131072
1940:2  1940 1941 5619712
1940:3  1940 1941 24576
1943:0  1943 1944 5619712
1946:0  1946 1947 5619712
1969:0  1969 1970 22478848
1976:0  1976 1977 22478848
1982:0  1982 1983 22478848
1988:0  1988 1989 22478848
1994:0  1994 1995 22478848
2000:0  2000 2001 22478848
2006:0  2006 2007 22478848
2012:0  2012 2013 22478848
2018:0  2018 2019 22478848
2031:0  2031 2032 4608
2031:1  2031 2032 512
2034:0  2034 2035 22478848
2058:0  2058 2059 22478848
2058:1  2058 2059 22478848
2058:2  2058 2059 65536
2058:3  2058 2059 5268480
2058:4  2058 2059 5619712
2058:11  2058 2059 2107392
2058:12  2058 2059 4214784
2067:0  2067 2068 22478848
2067:1  2067 2068 65536
2067:2  2067 2068 22478848
2067:3  2067 2068 12288
2070:0  2070 2071 22478848
2073:0  2073 2074 22478848
2095:0  2095 2096 22478848
2102:0  2102 2103 22478848
2108:0  2108 2109 22478848
2114:0  2114 2115 22478848
2126:0  2126 2127 22478848
2132:0  2132 2133 22478848
2138:0  2138 2139 22478848
2144:0  2144 2145 22478848
2157:0  2157 2158 4608
2157:1  2157 2158 512
2160:0  2160 2161 22478848
2183:0  2183 2184 22478848
2183:1  2183 2184 11239424
2183:2  2183 2184 32768
2183:3  2183 2184 4214784
2192:0  2192 2193 22478848
2192:1  2192 2193 32768
2192:2  2192 2193 11239424
2192:3  2192 2193 12288
2195:0  2195 2196 11239424
2198:0  2198 2199 11239424
2221:0  2221 2222 44957696
2228:0  2228 2229 44957696
2234:0  2234 2235 44957696
2240:0  2240 2241 44957696
2246:0  2246 2247 44957696
2252:0  2252 2253 44957696
2258:0  2258 2259 44957696
2264:0  2264 2265 44957696
2270:0  2270 2271 44957696
2283:0  2283 2284 2304
2283:1  2283 2284 256
2286:0  2286 2287 44957696
2310:0  2310 2311 44957696
2310:1  2310 2311 22478848
2310:2  2310 2311 8192
2310:3  2310 2311 16859136
2319:0  2319 2320 44957696
2319:1  2319 2320 8192
2319:2  2319 2320 22478848
2319:3  2319 2320 6144
2322:0  2322 2323 22478848
2325:0  2325 2326 22478848
2348:0  2348 2349 22478848
2355:0  2355 2356 22478848
2361:0  2361 2362 22478848
2367:0  2367 2368 22478848
2379:0  2379 2380 22478848
2385:0  2385 2386 22478848
2391:0  2391 2392 22478848
2397:0  2397 2398 22478848
2410:0  2410 2411 1152
2410:1  2410 2411 128
2413:0  2413 2414 22478848
2436:0  2436 2437 22478848
2436:1  2436 2437 18966528
2436:2  2436 2437 3456
2436:3  2436 2437 16859136
0  0 2 64
1  1 4 64
2  2 5 64
3  3 5 64
4  4 7 64
5  5 9 56064
6  6 8 64
7  7 9 56064
8  8 15 56064
9  9 11 64
10  10 12 64
11  11 13 64
12  12 14 64
13  13 15 56064
14  14 755 56064
15  15 17 8429568
16  16 18 11239424
17  17 2437 18966528
18  18 20 3456
19  19 25 22478848
20  20 22 22478848
21  21 23 1605632
22  22 24 1605632
23  23 26 128
24  24 28 22478848
25  25 27 128
26  26 28 22478848
27  27 39 22478848
28  28 30 22478848
29  29 31 22478848
30  30 32 1605632
31  31 33 1605632
32  32 34 128
33  33 35 128
34  34 36 128
35  35 37 128
36  36 38 128
37  37 2425 22478848
38  38 2419 22478848
39  39 2424 22478848
40  40 43 22478848
41  41 43 22478848
42  42 44 22478848
43  43 2406 22478848
44  44 2398 22478848
45  45 51 22478848
46  46 48 22478848
47  47 49 1605632
48  48 50 1605632
49  49 52 128
50  50 54 22478848
51  51 53 128
52  52 54 22478848
53  53 65 22478848
54  54 56 22478848
55  55 57 22478848
56  56 58 1605632
57  57 59 1605632
58  58 60 128
59  59 61 128
60  60 62 128
61  61 63 128
62  62 64 128
63  63 2337 22478848
64  64 2331 22478848
65  65 2336 22478848
66  66 69 22478848
67  67 69 22478848
68  68 70 22478848
69  69 2314 22478848
70  70 72 22478848
71  71 2311 22478848
72  72 74 8192
73  73 79 44957696
74  74 76 44957696
75  75 77 3211264
76  76 78 3211264
77  77 80 256
78  78 82 44957696
79  79 81 256
80  80 82 44957696
81  81 93 44957696
82  82 84 44957696
83  83 85 44957696
84  84 86 3211264
85  85 87 3211264
86  86 88 256
87  87 89 256
88  88 90 256
89  89 91 256
90  90 92 256
91  91 2298 44957696
92  92 2292 44957696
93  93 2297 44957696
94  94 97 44957696
95  95 97 44957696
96  96 98 44957696
97  97 2279 44957696
98  98 2271 44957696
99  99 105 11239424
100  100 102 11239424
101  101 103 802816
102  102 104 802816
103  103 106 256
104  104 108 11239424
105  105 107 256
106  106 108 11239424
107  107 119 11239424
108  108 110 11239424
109  109 111 11239424
110  110 112 802816
111  111 113 802816
112  112 114 256
113  113 115 256
114  114 116 256
115  115 117 256
116  116 118 256
117  117 2210 11239424
118  118 2204 11239424
119  119 2209 11239424
120  120 123 11239424
121  121 123 11239424
122  122 124 11239424
123  123 2187 11239424
124  124 126 11239424
125  125 2184 11239424
126  126 128 32768
127  127 133 22478848
128  128 130 22478848
129  129 131 1605632
130  130 132 1605632
131  131 134 512
132  132 136 22478848
133  133 135 512
134  134 136 22478848
135  135 147 22478848
136  136 138 22478848
137  137 139 22478848
138  138 140 1605632
139  139 141 1605632
140  140 142 512
141  141 143 512
142  142 144 512
143  143 145 512
144  144 146 512
145  145 2172 22478848
146  146 2166 22478848
147  147 2171 22478848
148  148 151 22478848
149  149 151 22478848
150  150 152 22478848
151  151 2153 22478848
152  152 2145 22478848
153  153 159 22478848
154  154 156 22478848
155  155 157 1605632
156  156 158 1605632
157  157 160 512
158  158 162 22478848
159  159 161 512
160  160 162 22478848
161  161 173 22478848
162  162 164 22478848
163  163 165 22478848
164  164 166 1605632
165  165 167 1605632
166  166 168 512
167  167 169 512
168  168 170 512
169  169 171 512
170  170 172 512
171  171 2085 22478848
172  172 2079 22478848
173  173 2084 22478848
174  174 177 22478848
175  175 177 22478848
176  176 178 22478848
177  177 2062 22478848
178  178 180 22478848
179  179 2059 22478848
180  180 182 65536
181  181 187 22478848
182  182 184 22478848
183  183 185 1605632
184  184 186 1605632
185  185 188 512
186  186 190 22478848
187  187 189 512
188  188 190 22478848
189  189 201 22478848
190  190 192 22478848
191  191 193 22478848
192  192 194 1605632
193  193 195 1605632
194  194 196 512
195  195 197 512
196  196 198 512
197  197 199 512
198  198 200 512
199  199 2046 22478848
200  200 2040 22478848
201  201 2045 22478848
202  202 205 22478848
203  203 205 22478848
204  204 206 22478848
205  205 2027 22478848
206  206 2019 22478848
207  207 213 5619712
208  208 210 5619712
209  209 211 401408
210  210 212 401408
211  211 214 512
212  212 216 5619712
213  213 215 512
214  214 216 5619712
215  215 227 5619712
216  216 218 5619712
217  217 219 5619712
218  218 220 401408
219  219 221 401408
220  220 222 512
221  221 223 512
222  222 224 512
223  223 225 512
224  224 226 512
225  225 1958 5619712
226  226 1952 5619712
227  227 1957 5619712
228  228 231 5619712
229  229 231 5619712
230  230 232 5619712
231  231 1935 5619712
232  232 234 5619712
233  233 1932 5619712
234  234 236 131072
235  235 241 11239424
236  236 238 11239424
237  237 239 802816
238  238 240 802816
239  239 242 1024
240  240 244 11239424
241  241 243 1024
242  242 244 11239424
243  243 255 11239424
244  244 246 11239424
245  245 247 11239424
246  246 248 802816
247  247 249 802816
248  248 250 1024
249  249 251 1024
250  250 252 1024
251  251 253 1024
252  252 254 1024
253  253 1920 11239424
254  254 1914 11239424
255  255 1919 11239424
256  256 259 11239424
257  257 259 11239424
258  258 260 11239424
259  259 1901 11239424
260  260 1893 11239424
261  261 267 11239424
262  262 264 11239424
263  263 265 802816
264  264 266 802816
265  265 268 1024
266  266 270 11239424
267  267 269 1024
268  268 270 11239424
269  269 281 11239424
270  270 272 11239424
271  271 273 11239424
272  272 274 802816
273  273 275 802816
274  274 276 1024
275  275 277 1024
276  276 278 1024
277  277 279 1024
278  278 280 1024
279  279 1833 11239424
280  280 1827 11239424
281  281 1832 11239424
282  282 285 11239424
283  283 285 11239424
284  284 286 11239424
285  285 1810 11239424
286  286 288 11239424
287  287 1807 11239424
288  288 290 262144
289  289 295 11239424
290  290 292 11239424
291  291 293 802816
292  292 294 802816
293  293 296 1024
294  294 298 11239424
295  295 297 1024
296  296 298 11239424
297  297 309 11239424
298  298 300 11239424
299  299 301 11239424
300  300 302 802816
301  301 303 802816
302  302 304 1024
303  303 305 1024
304  304 306 1024
305  305 307 1024
306  306 308 1024
307  307 1794 11239424
308  308 1788 11239424
309  309 1793 11239424
310  310 313 11239424
311  311 313 11239424
312  312 314 11239424
313  313 1775 11239424
314  314 1767 11239424
315  315 321 2809856
316  316 318 2809856
317  317 319 200704
318  318 320 200704
319  319 322 1024
320  320 324 2809856
321  321 323 1024
322  322 324 2809856
323  323 335 2809856
324  324 326 2809856
325  325 327 2809856
326  326 328 200704
327  327 329 200704
328  328 330 1024
329  329 331 1024
330  330 332 1024
331  331 333 1024
332  332 334 1024
333  333 1706 2809856
334  334 1700 2809856
335  335 1705 2809856
336  336 339 2809856
337  337 339 2809856
338  338 340 2809856
339  339 1683 2809856
340  340 342 2809856
341  341 1680 2809856
342  342 344 524288
343  343 349 5619712
344  344 346 5619712
345  345 347 401408
346  346 348 401408
347  347 350 2048
348  348 352 5619712
349  349 351 2048
350  350 352 5619712
351  351 363 5619712
352  352 354 5619712
353  353 355 5619712
354  354 356 401408
355  355 357 401408
356  356 358 2048
357  357 359 2048
358  358 360 2048
359  359 361 2048
360  360 362 2048
361  361 1668 5619712
362  362 1662 5619712
363  363 1667 5619712
364  364 367 5619712
365  365 367 5619712
366  366 368 5619712
367  367 1649 5619712
368  368 1641 5619712
369  369 375 5619712
370  370 372 5619712
371  371 373 401408
372  372 374 401408
373  373 376 2048
374  374 378 5619712
375  375 377 2048
376  376 378 5619712
377  377 389 5619712
378  378 380 5619712
379  379 381 5619712
380  380 382 401408
381  381 383 401408
382  382 384 2048
383  383 385 2048
384  384 386 2048
385  385 387 2048
386  386 388 2048
387  387 1581 5619712
388  388 1575 5619712
389  389 1580 5619712
390  390 393 5619712
391  391 393 5619712
392  392 394 5619712
393  393 1558 5619712
394  394 396 5619712
395  395 1555 5619712
396  396 398 1048576
397  397 403 5619712
398  398 400 5619712
399  399 401 401408
400  400 402 401408
401  401 404 2048
402  402 406 5619712
403  403 405 2048
404  404 406 5619712
405  405 417 5619712
406  406 408 5619712
407  407 409 5619712
408  408 410 401408
409  409 411 401408
410  410 412 2048
411  411 413 2048
412  412 414 2048
413  413 415 2048
414  414 416 2048
415  415 1543 5619712
416  416 1537 5619712
417  417 1542 5619712
418  418 421 5619712
419  419 421 5619712
420  420 422 5619712
421  421 1524 5619712
422  422 1516 5619712
423  423 429 5619712
424  424 426 5619712
425  425 427 401408
426  426 428 401408
427  427 430 2048
428  428 432 5619712
429  429 431 2048
430  430 432 5619712
431  431 443 5619712
432  432 434 5619712
433  433 435 5619712
434  434 436 401408
435  435 437 401408
436  436 438 2048
437  437 439 2048
438  438 440 2048
439  439 441 2048
440  440 442 2048
441  441 1456 5619712
442  442 1450 5619712
443  443 1455 5619712
444  444 447 5619712
445  445 447 5619712
446  446 448 5619712
447  447 1433 5619712
448  448 450 5619712
449  449 1430 5619712
450  450 452 1048576
451  451 457 5619712
452  452 454 5619712
453  453 455 401408
454  454 456 401408
455  455 458 2048
456  456 460 5619712
457  457 459 2048
458  458 460 5619712
459  459 471 5619712
460  460 462 5619712
461  461 463 5619712
462  462 464 401408
463  463 465 401408
464  464 466 2048
465  465 467 2048
466  466 468 2048
467  467 469 2048
468  468 470 2048
469  469 1418 5619712
470  470 1412 5619712
471  471 1417 5619712
472  472 475 5619712
473  473 475 5619712
474  474 476 5619712
475  475 1399 5619712
476  476 1391 5619712
477  477 483 5619712
478  478 480 5619712
479  479 481 401408
480  480 482 401408
481  481 484 2048
482  482 486 5619712
483  483 485 2048
484  484 486 5619712
485  485 497 5619712
486  486 488 5619712
487  487 489 5619712
488  488 490 401408
489  489 491 401408
490  490 492 2048
491  491 493 2048
492  492 494 2048
493  493 495 2048
494  494 496 2048
495  495 1331 5619712
496  496 1325 5619712
497  497 1330 5619712
498  498 501 5619712
499  499 501 5619712
500  500 502 5619712
501  501 1308 5619712
502  502 504 5619712
503  503 1305 5619712
504  504 506 1048576
505  505 511 5619712
506  506 508 5619712
507  507 509 401408
508  508 510 401408
509  509 512 2048
510  510 514 5619712
511  511 513 2048
512  512 514 5619712
513  513 525 5619712
514  514 516 5619712
515  515 517 5619712
516  516 518 401408
517  517 519 401408
518  518 520 2048
519  519 521 2048
520  520 522 2048
521  521 523 2048
522  522 524 2048
523  523 1293 5619712
524  524 1287 5619712
525  525 1292 5619712
526  526 529 5619712
527  527 529 5619712
528  528 530 5619712
529  529 1274 5619712
530  530 1266 5619712
531  531 537 5619712
532  532 534 5619712
533  533 535 401408
534  534 536 401408
535  535 538 2048
536  536 540 5619712
537  537 539 2048
538  538 540 5619712
539  539 551 5619712
540  540 542 5619712
541  541 543 5619712
542  542 544 401408
543  543 545 401408
544  544 546 2048
545  545 547 2048
546  546 548 2048
547  547 549 2048
548  548 550 2048
549  549 1206 5619712
550  550 1200 5619712
551  551 1205 5619712
552  552 555 5619712
553  553 555 5619712
554  554 556 5619712
555  555 1183 5619712
556  556 558 5619712
557  557 1180 5619712
558  558 560 1048576
559  559 565 5619712
560  560 562 5619712
561  561 563 401408
562  562 564 401408
563  563 566 2048
564  564 568 5619712
565  565 567 2048
566  566 568 5619712
567  567 579 5619712
568  568 570 5619712
569  569 571 5619712
570  570 572 401408
571  571 573 401408
572  572 574 2048
573  573 575 2048
574  574 576 2048
575  575 577 2048
576  576 578 2048
577  577 1168 5619712
578  578 1162 5619712
579  579 1167 5619712
580  580 583 5619712
581  581 583 5619712
582  582 584 5619712
583  583 1149 5619712
584  584 1141 5619712
585  585 591 5619712
586  586 588 5619712
587  587 589 401408
588  588 590 401408
589  589 592 2048
590  590 594 5619712
591  591 593 2048
592  592 594 5619712
593  593 605 5619712
594  594 596 5619712
595  595 597 5619712
596  596 598 401408
597  597 599 401408
598  598 600 2048
599  599 601 2048
600  600 602 2048
601  601 603 2048
602  602 604 2048
603  603 1081 5619712
604  604 1075 5619712
605  605 1080 5619712
606  606 609 5619712
607  607 609 5619712
608  608 610 5619712
609  609 1058 5619712
610  610 612 5619712
611  611 1055 5619712
612  612 614 1048576
613  613 619 5619712
614  614 616 5619712
615  615 617 401408
616  616 618 401408
617  617 620 2048
618  618 622 5619712
619  619 621 2048
620  620 622 5619712
621  621 633 5619712
622  622 624 5619712
623  623 625 5619712
624  624 626 401408
625  625 627 401408
626  626 628 2048
627  627 629 2048
628  628 630 2048
629  629 631 2048
630  630 632 2048
631  631 1042 5619712
632  632 1036 5619712
633  633 1041 5619712
634  634 637 5619712
635  635 637 5619712
636  636 638 5619712
637  637 1023 5619712
638  638 1015 5619712
639  639 645 1404928
640  640 642 1404928
641  641 643 100352
642  642 644 100352
643  643 646 2048
644  644 648 1404928
645  645 647 2048
646  646 648 1404928
647  647 659 1404928
648  648 650 1404928
649  649 651 1404928
650  650 652 100352
651  651 653 100352
652  652 654 2048
653  653 655 2048
654  654 656 2048
655  655 657 2048
656  656 658 2048
657  657 954 1404928
658  658 948 1404928
659  659 953 1404928
660  660 663 1404928
661  661 663 1404928
662  662 664 1404928
663  663 931 1404928
664  664 666 1404928
665  665 928 1404928
666  666 668 2097152
667  667 673 2809856
668  668 670 2809856
669  669 671 200704
670  670 672 200704
671  671 674 4096
672  672 676 2809856
673  673 675 4096
674  674 676 2809856
675  675 687 2809856
676  676 678 2809856
677  677 679 2809856
678  678 680 200704
679  679 681 200704
680  680 682 4096
681  681 683 4096
682  682 684 4096
683  683 685 4096
684  684 686 4096
685  685 916 2809856
686  686 910 2809856
687  687 915 2809856
688  688 691 2809856
689  689 691 2809856
690  690 692 2809856
691  691 897 2809856
692  692 889 2809856
693  693 699 2809856
694  694 696 2809856
695  695 697 200704
696  696 698 200704
697  697 700 4096
698  698 702 2809856
699  699 701 4096
700  700 702 2809856
701  701 713 2809856
702  702 704 2809856
703  703 705 2809856
704  704 706 200704
705  705 707 200704
706  706 708 4096
707  707 709 4096
708  708 710 4096
709  709 711 4096
710  710 712 4096
711  711 829 2809856
712  712 823 2809856
713  713 828 2809856
714  714 717 2809856
715  715 717 2809856
716  716 718 2809856
717  717 806 2809856
718  718 720 2809856
719  719 803 2809856
720  720 722 4194304
721  721 727 2809856
722  722 724 2809856
723  723 725 200704
724  724 726 200704
725  725 728 4096
726  726 730 2809856
727  727 729 4096
728  728 730 2809856
729  729 741 2809856
730  730 732 2809856
731  731 733 2809856
732  732 734 200704
733  733 735 200704
734  734 736 4096
735  735 737 4096
736  736 738 4096
737  737 739 4096
738  738 740 4096
739  739 790 2809856
740  740 784 2809856
741  741 789 2809856
742  742 745 2809856
743  743 745 2809856
744  744 746 2809856
745  745 768 2809856
746  746 748 2809856
747  747 749 57344
748  748 750 57344
749  749 765 57344
750  750 753 56064
751  751 753 56064
752  752 754 56064
753  753 762 56064
754  754 761 56064
755  755 757 56064
756  756 758 56064
757  757 759 64
758  758 760 64
759  759 761 56064
760  760 762 56064
761  761 772 56064
762  762 764 56064
763  763 2471 4032
764  764 2519 4100096
765  765 767 2809856
766  766 771 2809856
767  767 769 2809856
768  768 770 2809856
769  769 771 2809856
770  770 777 2809856
771  771 773 57344
772  772 774 57344
773  773 775 137682944
774  774 776 2809856
775  775 777 2809856
776  776 778 2809856
777  777 783 2809856
778  778 780 2809856
779  779 781 200704
780  780 782 200704
781  781 2472 4096
782  782 789 2809856
783  783 785 2809856
784  784 786 2809856
785  785 787 200704
786  786 788 200704
787  787 2473 4096
788  788 790 2809856
789  789 801 2809856
790  790 792 2809856
791  791 793 2809856
792  792 794 200704
793  793 795 200704
794  794 796 4096
795  795 797 4096
796  796 799 4096
797  797 925 2809856
798  798 800 2809856
799  799 801 2809856
800  800 811 2809856
801  801 803 2809856
802  802 2474 4194304
803  803 805 2809856
804  804 809 2809856
805  805 807 2809856
806  806 808 2809856
807  807 809 2809856
808  808 816 2809856
809  809 812 4194304
810  810 812 2809856
811  811 813 2809856
812  812 814 2809856
813  813 815 2809856
814  814 816 2809856
815  815 817 2809856
816  816 822 2809856
817  817 819 2809856
818  818 820 200704
819  819 821 200704
820  820 2475 4096
821  821 828 2809856
822  822 824 2809856
823  823 825 2809856
824  824 826 200704
825  825 827 200704
826  826 2476 4096
827  827 829 2809856
828  828 839 2809856
829  829 831 2809856
830  830 832 2809856
831  831 833 200704
832  832 834 200704
833  833 835 4096
834  834 836 4096
835  835 837 4096
836  836 838 2809856
837  837 839 2809856
838  838 901 2809856
839  839 842 2809856
840  840 890 2809856
841  841 843 2809856
842  842 844 2809856
843  843 845 57344
844  844 846 57344
845  845 2477 4096
846  846 848 2809856
847  847 849 2809856
848  848 850 2809856
849  849 851 57344
850  850 852 57344
851  851 2477 4096
852  852 854 2809856
853  853 855 2809856
854  854 856 2809856
855  855 857 57344
856  856 858 57344
857  857 2477 4096
858  858 860 2809856
859  859 861 2809856
860  860 862 2809856
861  861 863 57344
862  862 864 57344
863  863 2477 4096
864  864 866 2809856
865  865 867 2809856
866  866 868 2809856
867  867 869 57344
868  868 870 57344
869  869 2477 4096
870  870 872 2809856
871  871 873 2809856
872  872 874 2809856
873  873 875 57344
874  874 876 57344
875  875 2477 4096
876  876 878 2809856
877  877 879 2809856
878  878 880 2809856
879  879 881 57344
880  880 882 57344
881  881 2477 4096
882  882 884 2809856
883  883 885 2809856
884  884 886 2809856
885  885 887 57344
886  886 888 57344
887  887 2477 4096
888  888 890 2809856
889  889 891 2809856
890  890 892 2809856
891  891 893 57344
892  892 894 57344
893  893 2477 4096
894  894 896 2809856
895  895 900 2809856
896  896 898 2809856
897  897 899 2809856
898  898 900 2809856
899  899 903 2809856
900  900 902 2809856
901  901 903 2809856
902  902 904 2809856
903  903 909 2809856
904  904 906 2809856
905  905 907 200704
906  906 908 200704
907  907 2478 4096
908  908 915 2809856
909  909 911 2809856
910  910 912 2809856
911  911 913 200704
912  912 914 200704
913  913 2479 4096
914  914 916 2809856
915  915 926 2809856
916  916 918 2809856
917  917 919 2809856
918  918 920 200704
919  919 921 200704
920  920 922 4096
921  921 923 4096
922  922 924 4096
923  923 925 2809856
924  924 926 2809856
925  925 936 2809856
926  926 928 2809856
927  927 2480 2097152
928  928 930 1404928
929  929 934 1404928
930  930 932 1404928
931  931 933 1404928
932  932 934 1404928
933  933 941 1404928
934  934 937 2097152
935  935 937 2809856
936  936 938 1404928
937  937 939 1404928
938  938 940 1404928
939  939 941 1404928
940  940 942 1404928
941  941 947 1404928
942  942 944 1404928
943  943 945 100352
944  944 946 100352
945  945 2481 2048
946  946 953 1404928
947  947 949 1404928
948  948 950 1404928
949  949 951 100352
950  950 952 100352
951  951 2482 2048
952  952 954 1404928
953  953 965 1404928
954  954 956 1404928
955  955 957 1404928
956  956 958 100352
957  957 959 100352
958  958 960 2048
959  959 961 2048
960  960 963 2048
961  961 964 1404928
962  962 964 1404928
963  963 965 1404928
964  964 1027 1404928
965  965 968 1404928
966  966 1016 1404928
967  967 969 1404928
968  968 970 1404928
969  969 971 28672
970  970 972 28672
971  971 2483 2048
972  972 974 1404928
973  973 975 1404928
974  974 976 1404928
975  975 977 28672
976  976 978 28672
977  977 2483 2048
978  978 980 1404928
979  979 981 1404928
980  980 982 1404928
981  981 983 28672
982  982 984 28672
983  983 2483 2048
984  984 986 1404928
985  985 987 1404928
986  986 988 1404928
987  987 989 28672
988  988 990 28672
989  989 2483 2048
990  990 992 1404928
991  991 993 1404928
992  992 994 1404928
993  993 995 28672
994  994 996 28672
995  995 2483 2048
996  996 998 1404928
997  997 999 1404928
998  998 1000 1404928
999  999 1001 28672
1000  1000 1002 28672
1001  1001 2483 2048
1002  1002 1004 1404928
1003  1003 1005 1404928
1004  1004 1006 1404928
1005  1005 1007 28672
1006  1006 1008 28672
1007  1007 2483 2048
1008  1008 1010 1404928
1009  1009 1011 1404928
1010  1010 1012 1404928
1011  1011 1013 28672
1012  1012 1014 28672
1013  1013 2483 2048
1014  1014 1016 1404928
1015  1015 1017 1404928
1016  1016 1018 1404928
1017  1017 1019 28672
1018  1018 1020 28672
1019  1019 2483 2048
1020  1020 1022 5619712
1021  1021 1026 5619712
1022  1022 1024 5619712
1023  1023 1025 5619712
1024  1024 1026 5619712
1025  1025 1029 5619712
1026  1026 1028 1404928
1027  1027 1029 5619712
1028  1028 1030 5619712
1029  1029 1035 5619712
1030  1030 1032 5619712
1031  1031 1033 401408
1032  1032 1034 401408
1033  1033 2484 2048
1034  1034 1041 5619712
1035  1035 1037 5619712
1036  1036 1038 5619712
1037  1037 1039 401408
1038  1038 1040 401408
1039  1039 2485 2048
1040  1040 1042 5619712
1041  1041 1053 5619712
1042  1042 1044 5619712
1043  1043 1045 5619712
1044  1044 1046 401408
1045  1045 1047 401408
1046  1046 1048 2048
1047  1047 1049 2048
1048  1048 1051 2048
1049  1049 1677 5619712
1050  1050 1052 5619712
1051  1051 1053 5619712
1052  1052 1063 5619712
1053  1053 1055 5619712
1054  1054 2486 1048576
1055  1055 1057 5619712
1056  1056 1061 5619712
1057  1057 1059 5619712
1058  1058 1060 5619712
1059  1059 1061 5619712
1060  1060 1068 5619712
1061  1061 1064 1048576
1062  1062 1064 5619712
1063  1063 1065 5619712
1064  1064 1066 5619712
1065  1065 1067 5619712
1066  1066 1068 5619712
1067  1067 1069 5619712
1068  1068 1074 5619712
1069  1069 1071 5619712
1070  1070 1072 401408
1071  1071 1073 401408
1072  1072 2487 2048
1073  1073 1080 5619712
1074  1074 1076 5619712
1075  1075 1077 5619712
1076  1076 1078 401408
1077  1077 1079 401408
1078  1078 2488 2048
1079  1079 1081 5619712
1080  1080 1091 5619712
1081  1081 1083 5619712
1082  1082 1084 5619712
1083  1083 1085 401408
1084  1084 1086 401408
1085  1085 1087 2048
1086  1086 1088 2048
1087  1087 1089 2048
1088  1088 1090 5619712
1089  1089 1091 5619712
1090  1090 1153 5619712
1091  1091 1094 5619712
1092  1092 1142 5619712
1093  1093 1095 5619712
1094  1094 1096 5619712
1095  1095 1097 28672
1096  1096 1098 28672
1097  1097 2489 2048
1098  1098 1100 5619712
1099  1099 1101 5619712
1100  1100 1102 5619712
1101  1101 1103 28672
1102  1102 1104 28672
1103  1103 2489 2048
1104  1104 1106 5619712
1105  1105 1107 5619712
1106  1106 1108 5619712
1107  1107 1109 28672
1108  1108 1110 28672
1109  1109 2489 2048
1110  1110 1112 5619712
1111  1111 1113 5619712
1112  1112 1114 5619712
1113  1113 1115 28672
1114  1114 1116 28672
1115  1115 2489 2048
1116  1116 1118 5619712
1117  1117 1119 5619712
1118  1118 1120 5619712
1119  1119 1121 28672
1120  1120 1122 28672
1121  1121 2489 2048
1122  1122 1124 5619712
1123  1123 1125 5619712
1124  1124 1126 5619712
1125  1125 1127 28672
1126  1126 1128 28672
1127  1127 2489 2048
1128  1128 1130 5619712
1129  1129 1131 5619712
1130  1130 1132 5619712
1131  1131 1133 28672
1132  1132 1134 28672
1133  1133 2489 2048
1134  1134 1136 5619712
1135  1135 1137 5619712
1136  1136 1138 5619712
1137  1137 1139 28672
1138  1138 1140 28672
1139  1139 2489 2048
1140  1140 1142 5619712
1141  1141 1143 5619712
1142  1142 1144 5619712
1143  1143 1145 28672
1144  1144 1146 28672
1145  1145 2489 2048
1146  1146 1148 5619712
1147  1147 1152 5619712
1148  1148 1150 5619712
1149  1149 1151 5619712
1150  1150 1152 5619712
1151  1151 1155 5619712
1152  1152 1154 5619712
1153  1153 1155 5619712
1154  1154 1156 5619712
1155  1155 1161 5619712
1156  1156 1158 5619712
1157  1157 1159 401408
1158  1158 1160 401408
1159  1159 2490 2048
1160  1160 1167 5619712
1161  1161 1163 5619712
1162  1162 1164 5619712
1163  1163 1165 401408
1164  1164 1166 401408
1165  1165 2491 2048
1166  1166 1168 5619712
1167  1167 1178 5619712
1168  1168 1170 5619712
1169  1169 1171 5619712
1170  1170 1172 401408
1171  1171 1173 401408
1172  1172 1174 2048
1173  1173 1175 2048
1174  1174 1176 2048
1175  1175 1177 5619712
1176  1176 1178 5619712
1177  1177 1188 5619712
1178  1178 1180 5619712
1179  1179 2492 1048576
1180  1180 1182 5619712
1181  1181 1186 5619712
1182  1182 1184 5619712
1183  1183 1185 5619712
1184  1184 1186 5619712
1185  1185 1193 5619712
1186  1186 1189 1048576
1187  1187 1189 5619712
1188  1188 1190 5619712
1189  1189 1191 5619712
1190  1190 1192 5619712
1191  1191 1193 5619712
1192  1192 1194 5619712
1193  1193 1199 5619712
1194  1194 1196 5619712
1195  1195 1197 401408
1196  1196 1198 401408
1197  1197 2493 2048
1198  1198 1205 5619712
1199  1199 1201 5619712
1200  1200 1202 5619712
1201  1201 1203 401408
1202  1202 1204 401408
1203  1203 2494 2048
1204  1204 1206 5619712
1205  1205 1216 5619712
1206  1206 1208 5619712
1207  1207 1209 5619712
1208  1208 1210 401408
1209  1209 1211 401408
1210  1210 1212 2048
1211  1211 1213 2048
1212  1212 1214 2048
1213  1213 1215 5619712
1214  1214 1216 5619712
1215  1215 1278 5619712
1216  1216 1219 5619712
1217  1217 1267 5619712
1218  1218 1220 5619712
1219  1219 1221 5619712
1220  1220 1222 28672
1221  1221 1223 28672
1222  1222 2495 2048
1223  1223 1225 5619712
1224  1224 1226 5619712
1225  1225 1227 5619712
1226  1226 1228 28672
1227  1227 1229 28672
1228  1228 2495 2048
1229  1229 1231 5619712
1230  1230 1232 5619712
1231  1231 1233 5619712
1232  1232 1234 28672
1233  1233 1235 28672
1234  1234 2495 2048
1235  1235 1237 5619712
1236  1236 1238 5619712
1237  1237 1239 5619712
1238  1238 1240 28672
1239  1239 1241 28672
1240  1240 2495 2048
1241  1241 1243 5619712
1242  1242 1244 5619712
1243  1243 1245 5619712
1244  1244 1246 28672
1245  1245 1247 28672
1246  1246 2495 2048
1247  1247 1249 5619712
1248  1248 1250 5619712
1249  1249 1251 5619712
1250  1250 1252 28672
1251  1251 1253 28672
1252  1252 2495 2048
1253  1253 1255 5619712
1254  1254 1256 5619712
1255  1255 1257 5619712
1256  1256 1258 28672
1257  1257 1259 28672
1258  1258 2495 2048
1259  1259 1261 5619712
1260  1260 1262 5619712
1261  1261 1263 5619712
1262  1262 1264 28672
1263  1263 1265 28672
1264  1264 2495 2048
1265  1265 1267 5619712
1266  1266 1268 5619712
1267  1267 1269 5619712
1268  1268 1270 28672
1269  1269 1271 28672
1270  1270 2495 2048
1271  1271 1273 5619712
1272  1272 1277 5619712
1273  1273 1275 5619712
1274  1274 1276 5619712
1275  1275 1277 5619712
1276  1276 1280 5619712
1277  1277 1279 5619712
1278  1278 1280 5619712
1279  1279 1281 5619712
1280  1280 1286 5619712
1281  1281 1283 5619712
1282  1282 1284 401408
1283  1283 1285 401408
1284  1284 2496 2048
1285  1285 1292 5619712
1286  1286 1288 5619712
1287  1287 1289 5619712
1288  1288 1290 401408
1289  1289 1291 401408
1290  1290 2497 2048
1291  1291 1293 5619712
1292  1292 1303 5619712
1293  1293 1295 5619712
1294  1294 1296 5619712
1295  1295 1297 401408
1296  1296 1298 401408
1297  1297 1299 2048
1298  1298 1300 2048
1299  1299 1301 2048
1300  1300 1302 5619712
1301  1301 1303 5619712
1302  1302 1313 5619712
1303  1303 1305 5619712
1304  1304 2498 1048576
1305  1305 1307 5619712
1306  1306 1311 5619712
1307  1307 1309 5619712
1308  1308 1310 5619712
1309  1309 1311 5619712
1310  1310 1318 5619712
1311  1311 1314 1048576
1312  1312 1314 5619712
1313  1313 1315 5619712
1314  1314 1316 5619712
1315  1315 1317 5619712
1316  1316 1318 5619712
1317  1317 1319 5619712
1318  1318 1324 5619712
1319  1319 1321 5619712
1320  1320 1322 401408
1321  1321 1323 401408
1322  1322 2499 2048
1323  1323 1330 5619712
1324  1324 1326 5619712
1325  1325 1327 5619712
1326  1326 1328 401408
1327  1327 1329 401408
1328  1328 2500 2048
1329  1329 1331 5619712
1330  1330 1341 5619712
1331  1331 1333 5619712
1332  1332 1334 5619712
1333  1333 1335 401408
1334  1334 1336 401408
1335  1335 1337 2048
1336  1336 1338 2048
1337  1337 1339 2048
1338  1338 1340 5619712
1339  1339 1341 5619712
1340  1340 1403 5619712
1341  1341 1344 5619712
1342  1342 1392 5619712
1343  1343 1345 5619712
1344  1344 1346 5619712
1345  1345 1347 28672
1346  1346 1348 28672
1347  1347 2501 2048
1348  1348 1350 5619712
1349  1349 1351 5619712
1350  1350 1352 5619712
1351  1351 1353 28672
1352  1352 1354 28672
1353  1353 2501 2048
1354  1354 1356 5619712
1355  1355 1357 5619712
1356  1356 1358 5619712
1357  1357 1359 28672
1358  1358 1360 28672
1359  1359 2501 2048
1360  1360 1362 5619712
1361  1361 1363 5619712
1362  1362 1364 5619712
1363  1363 1365 28672
1364  1364 1366 28672
1365  1365 2501 2048
1366  1366 1368 5619712
1367  1367 1369 5619712
1368  1368 1370 5619712
1369  1369 1371 28672
1370  1370 1372 28672
1371  1371 2501 2048
1372  1372 1374 5619712
1373  1373 1375 5619712
1374  1374 1376 5619712
1375  1375 1377 28672
1376  1376 1378 28672
1377  1377 2501 2048
1378  1378 1380 5619712
1379  1379 1381 5619712
1380  1380 1382 5619712
1381  1381 1383 28672
1382  1382 1384 28672
1383  1383 2501 2048
1384  1384 1386 5619712
1385  1385 1387 5619712
1386  1386 1388 5619712
1387  1387 1389 28672
1388  1388 1390 28672
1389  1389 2501 2048
1390  1390 1392 5619712
1391  1391 1393 5619712
1392  1392 1394 5619712
1393  1393 1395 28672
1394  1394 1396 28672
1395  1395 2501 2048
1396  1396 1398 5619712
1397  1397 1402 5619712
1398  1398 1400 5619712
1399  1399 1401 5619712
1400  1400 1402 5619712
1401  1401 1405 5619712
1402  1402 1404 5619712
1403  1403 1405 5619712
1404  1404 1406 5619712
1405  1405 1411 5619712
1406  1406 1408 5619712
1407  1407 1409 401408
1408  1408 1410 401408
1409  1409 2502 2048
1410  1410 1417 5619712
1411  1411 1413 5619712
1412  1412 1414 5619712
1413  1413 1415 401408
1414  1414 1416 401408
1415  1415 2503 2048
1416  1416 1418 5619712
1417  1417 1428 5619712
1418  1418 1420 5619712
1419  1419 1421 5619712
1420  1420 1422 401408
1421  1421 1423 401408
1422  1422 1424 2048
1423  1423 1425 2048
1424  1424 1426 2048
1425  1425 1427 5619712
1426  1426 1428 5619712
1427  1427 1438 5619712
1428  1428 1430 5619712
1429  1429 2504 1048576
1430  1430 1432 5619712
1431  1431 1436 5619712
1432  1432 1434 5619712
1433  1433 1435 5619712
1434  1434 1436 5619712
1435  1435 1443 5619712
1436  1436 1439 1048576
1437  1437 1439 5619712
1438  1438 1440 5619712
1439  1439 1441 5619712
1440  1440 1442 5619712
1441  1441 1443 5619712
1442  1442 1444 5619712
1443  1443 1449 5619712
1444  1444 1446 5619712
1445  1445 1447 401408
1446  1446 1448 401408
1447  1447 2505 2048
1448  1448 1455 5619712
1449  1449 1451 5619712
1450  1450 1452 5619712
1451  1451 1453 401408
1452  1452 1454 401408
1453  1453 2506 2048
1454  1454 1456 5619712
1455  1455 1466 5619712
1456  1456 1458 5619712
1457  1457 1459 5619712
1458  1458 1460 401408
1459  1459 1461 401408
1460  1460 1462 2048
1461  1461 1463 2048
1462  1462 1464 2048
1463  1463 1465 5619712
1464  1464 1466 5619712
1465  1465 1528 5619712
1466  1466 1469 5619712
1467  1467 1517 5619712
1468  1468 1470 5619712
1469  1469 1471 5619712
1470  1470 1472 28672
1471  1471 1473 28672
1472  1472 2507 2048
1473  1473 1475 5619712
1474  1474 1476 5619712
1475  1475 1477 5619712
1476  1476 1478 28672
1477  1477 1479 28672
1478  1478 2507 2048
1479  1479 1481 5619712
1480  1480 1482 5619712
1481  1481 1483 5619712
1482  1482 1484 28672
1483  1483 1485 28672
1484  1484 2507 2048
1485  1485 1487 5619712
1486  1486 1488 5619712
1487  1487 1489 5619712
1488  1488 1490 28672
1489  1489 1491 28672
1490  1490 2507 2048
1491  1491 1493 5619712
1492  1492 1494 5619712
1493  1493 1495 5619712
1494  1494 1496 28672
1495  1495 1497 28672
1496  1496 2507 2048
1497  1497 1499 5619712
1498  1498 1500 5619712
1499  1499 1501 5619712
1500  1500 1502 28672
1501  1501 1503 28672
1502  1502 2507 2048
1503  1503 1505 5619712
1504  1504 1506 5619712
1505  1505 1507 5619712
1506  1506 1508 28672
1507  1507 1509 28672
1508  1508 2507 2048
1509  1509 1511 5619712
1510  1510 1512 5619712
1511  1511 1513 5619712
1512  1512 1514 28672
1513  1513 1515 28672
1514  1514 2507 2048
1515  1515 1517 5619712
1516  1516 1518 5619712
1517  1517 1519 5619712
1518  1518 1520 28672
1519  1519 1521 28672
1520  1520 2507 2048
1521  1521 1523 5619712
1522  1522 1527 5619712
1523  1523 1525 5619712
1524  1524 1526 5619712
1525  1525 1527 5619712
1526  1526 1530 5619712
1527  1527 1529 5619712
1528  1528 1530 5619712
1529  1529 1531 5619712
1530  1530 1536 5619712
1531  1531 1533 5619712
1532  1532 1534 401408
1533  1533 1535 401408
1534  1534 2508 2048
1535  1535 1542 5619712
1536  1536 1538 5619712
1537  1537 1539 5619712
1538  1538 1540 401408
1539  1539 1541 401408
1540  1540 2509 2048
1541  1541 1543 5619712
1542  1542 1553 5619712
1543  1543 1545 5619712
1544  1544 1546 5619712
1545  1545 1547 401408
1546  1546 1548 401408
1547  1547 1549 2048
1548  1548 1550 2048
1549  1549 1551 2048
1550  1550 1552 5619712
1551  1551 1553 5619712
1552  1552 1563 5619712
1553  1553 1555 5619712
1554  1554 2510 1048576
1555  1555 1557 5619712
1556  1556 1561 5619712
1557  1557 1559 5619712
1558  1558 1560 5619712
1559  1559 1561 5619712
1560  1560 1568 5619712
1561  1561 1564 1048576
1562  1562 1564 5619712
1563  1563 1565 5619712
1564  1564 1566 5619712
1565  1565 1567 5619712
1566  1566 1568 5619712
1567  1567 1569 5619712
1568  1568 1574 5619712
1569  1569 1571 5619712
1570  1570 1572 401408
1571  1571 1573 401408
1572  1572 2511 2048
1573  1573 1580 5619712
1574  1574 1576 5619712
1575  1575 1577 5619712
1576  1576 1578 401408
1577  1577 1579 401408
1578  1578 2512 2048
1579  1579 1581 5619712
1580  1580 1591 5619712
1581  1581 1583 5619712
1582  1582 1584 5619712
1583  1583 1585 401408
1584  1584 1586 401408
1585  1585 1587 2048
1586  1586 1588 2048
1587  1587 1589 2048
1588  1588 1590 5619712
1589  1589 1591 5619712
1590  1590 1653 5619712
1591  1591 1594 5619712
1592  1592 1642 5619712
1593  1593 1595 5619712
1594  1594 1596 5619712
1595  1595 1597 28672
1596  1596 1598 28672
1597  1597 2513 2048
1598  1598 1600 5619712
1599  1599 1601 5619712
1600  1600 1602 5619712
1601  1601 1603 28672
1602  1602 1604 28672
1603  1603 2513 2048
1604  1604 1606 5619712
1605  1605 1607 5619712
1606  1606 1608 5619712
1607  1607 1609 28672
1608  1608 1610 28672
1609  1609 2513 2048
1610  1610 1612 5619712
1611  1611 1613 5619712
1612  1612 1614 5619712
1613  1613 1615 28672
1614  1614 1616 28672
1615  1615 2513 2048
1616  1616 1618 5619712
1617  1617 1619 5619712
1618  1618 1620 5619712
1619  1619 1621 28672
1620  1620 1622 28672
1621  1621 2513 2048
1622  1622 1624 5619712
1623  1623 1625 5619712
1624  1624 1626 5619712
1625  1625 1627 28672
1626  1626 1628 28672
1627  1627 2513 2048
1628  1628 1630 5619712
1629  1629 1631 5619712
1630  1630 1632 5619712
1631  1631 1633 28672
1632  1632 1634 28672
1633  1633 2513 2048
1634  1634 1636 5619712
1635  1635 1637 5619712
1636  1636 1638 5619712
1637  1637 1639 28672
1638  1638 1640 28672
1639  1639 2513 2048
1640  1640 1642 5619712
1641  1641 1643 5619712
1642  1642 1644 5619712
1643  1643 1645 28672
1644  1644 1646 28672
1645  1645 2513 2048
1646  1646 1648 5619712
1647  1647 1652 5619712
1648  1648 1650 5619712
1649  1649 1651 5619712
1650  1650 1652 5619712
1651  1651 1655 5619712
1652  1652 1654 5619712
1653  1653 1655 5619712
1654  1654 1656 5619712
1655  1655 1661 5619712
1656  1656 1658 5619712
1657  1657 1659 401408
1658  1658 1660 401408
1659  1659 2514 2048
1660  1660 1667 5619712
1661  1661 1663 5619712
1662  1662 1664 5619712
1663  1663 1665 401408
1664  1664 1666 401408
1665  1665 2515 2048
1666  1666 1668 5619712
1667  1667 1678 5619712
1668  1668 1670 5619712
1669  1669 1671 5619712
1670  1670 1672 401408
1671  1671 1673 401408
1672  1672 1674 2048
1673  1673 1675 2048
1674  1674 1676 2048
1675  1675 1677 5619712
1676  1676 1678 5619712
1677  1677 1688 5619712
1678  1678 1680 5619712
1679  1679 2516 524288
1680  1680 1682 2809856
1681  1681 1686 2809856
1682  1682 1684 2809856
1683  1683 1685 2809856
1684  1684 1686 2809856
1685  1685 1693 2809856
1686  1686 1689 524288
1687  1687 1689 5619712
1688  1688 1690 2809856
1689  1689 1691 2809856
1690  1690 1692 2809856
1691  1691 1693 2809856
1692  1692 1694 2809856
1693  1693 1699 2809856
1694  1694 1696 2809856
1695  1695 1697 200704
1696  1696 1698 200704
1697  1697 2517 1024
1698  1698 1705 2809856
1699  1699 1701 2809856
1700  1700 1702 2809856
1701  1701 1703 200704
1702  1702 1704 200704
1703  1703 2518 1024
1704  1704 1706 2809856
1705  1705 1717 2809856
1706  1706 1708 2809856
1707  1707 1709 2809856
1708  1708 1710 200704
1709  1709 1711 200704
1710  1710 1712 1024
1711  1711 1713 1024
1712  1712 1715 1024
1713  1713 1716 2809856
1714  1714 1716 2809856
1715  1715 1717 2809856
1716  1716 1779 2809856
1717  1717 1720 2809856
1718  1718 1768 2809856
1719  1719 1721 2809856
1720  1720 1722 2809856
1721  1721 1723 14336
1722  1722 1724 14336
1723  1723 2519 1024
1724  1724 1726 2809856
1725  1725 1727 2809856
1726  1726 1728 2809856
1727  1727 1729 14336
1728  1728 1730 14336
1729  1729 2519 1024
1730  1730 1732 2809856
1731  1731 1733 2809856
1732  1732 1734 2809856
1733  1733 1735 14336
1734  1734 1736 14336
1735  1735 2519 1024
1736  1736 1738 2809856
1737  1737 1739 2809856
1738  1738 1740 2809856
1739  1739 1741 14336
1740  1740 1742 14336
1741  1741 2519 1024
1742  1742 1744 2809856
1743  1743 1745 2809856
1744  1744 1746 2809856
1745  1745 1747 14336
1746  1746 1748 14336
1747  1747 2519 1024
1748  1748 1750 2809856
1749  1749 1751 2809856
1750  1750 1752 2809856
1751  1751 1753 14336
1752  1752 1754 14336
1753  1753 2519 1024
1754  1754 1756 2809856
1755  1755 1757 2809856
1756  1756 1758 2809856
1757  1757 1759 14336
1758  1758 1760 14336
1759  1759 2519 1024
1760  1760 1762 2809856
1761  1761 1763 2809856
1762  1762 1764 2809856
1763  1763 1765 14336
1764  1764 1766 14336
1765  1765 2519 1024
1766  1766 1768 2809856
1767  1767 1769 2809856
1768  1768 1770 2809856
1769  1769 1771 14336
1770  1770 1772 14336
1771  1771 2519 1024
1772  1772 1774 11239424
1773  1773 1778 11239424
1774  1774 1776 11239424
1775  1775 1777 11239424
1776  1776 1778 11239424
1777  1777 1781 11239424
1778  1778 1780 2809856
1779  1779 1781 11239424
1780  1780 1782 11239424
1781  1781 1787 11239424
1782  1782 1784 11239424
1783  1783 1785 802816
1784  1784 1786 802816
1785  1785 2438 1024
1786  1786 1793 11239424
1787  1787 1789 11239424
1788  1788 1790 11239424
1789  1789 1791 802816
1790  1790 1792 802816
1791  1791 2439 1024
1792  1792 1794 11239424
1793  1793 1805 11239424
1794  1794 1796 11239424
1795  1795 1797 11239424
1796  1796 1798 802816
1797  1797 1799 802816
1798  1798 1800 1024
1799  1799 1801 1024
1800  1800 1803 1024
1801  1801 1929 11239424
1802  1802 1804 11239424
1803  1803 1805 11239424
1804  1804 1815 11239424
1805  1805 1807 11239424
1806  1806 2440 262144
1807  1807 1809 11239424
1808  1808 1813 11239424
1809  1809 1811 11239424
1810  1810 1812 11239424
1811  1811 1813 11239424
1812  1812 1820 11239424
1813  1813 1816 262144
1814  1814 1816 11239424
1815  1815 1817 11239424
1816  1816 1818 11239424
1817  1817 1819 11239424
1818  1818 1820 11239424
1819  1819 1821 11239424
1820  1820 1826 11239424
1821  1821 1823 11239424
1822  1822 1824 802816
1823  1823 1825 802816
1824  1824 2441 1024
1825  1825 1832 11239424
1826  1826 1828 11239424
1827  1827 1829 11239424
1828  1828 1830 802816
1829  1829 1831 802816
1830  1830 2442 1024
1831  1831 1833 11239424
1832  1832 1843 11239424
1833  1833 1835 11239424
1834  1834 1836 11239424
1835  1835 1837 802816
1836  1836 1838 802816
1837  1837 1839 1024
1838  1838 1840 1024
1839  1839 1841 1024
1840  1840 1842 11239424
1841  1841 1843 11239424
1842  1842 1905 11239424
1843  1843 1846 11239424
1844  1844 1894 11239424
1845  1845 1847 11239424
1846  1846 1848 11239424
1847  1847 1849 14336
1848  1848 1850 14336
1849  1849 2443 1024
1850  1850 1852 11239424
1851  1851 1853 11239424
1852  1852 1854 11239424
1853  1853 1855 14336
1854  1854 1856 14336
1855  1855 2443 1024
1856  1856 1858 11239424
1857  1857 1859 11239424
1858  1858 1860 11239424
1859  1859 1861 14336
1860  1860 1862 14336
1861  1861 2443 1024
1862  1862 1864 11239424
1863  1863 1865 11239424
1864  1864 1866 11239424
1865  1865 1867 14336
1866  1866 1868 14336
1867  1867 2443 1024
1868  1868 1870 11239424
1869  1869 1871 11239424
1870  1870 1872 11239424
1871  1871 1873 14336
1872  1872 1874 14336
1873  1873 2443 1024
1874  1874 1876 11239424
1875  1875 1877 11239424
1876  1876 1878 11239424
1877  1877 1879 14336
1878  1878 1880 14336
1879  1879 2443 1024
1880  1880 1882 11239424
1881  1881 1883 11239424
1882  1882 1884 11239424
1883  1883 1885 14336
1884  1884 1886 14336
1885  1885 2443 1024
1886  1886 1888 11239424
1887  1887 1889 11239424
1888  1888 1890 11239424
1889  1889 1891 14336
1890  1890 1892 14336
1891  1891 2443 1024
1892  1892 1894 11239424
1893  1893 1895 11239424
1894  1894 1896 11239424
1895  1895 1897 14336
1896  1896 1898 14336
1897  1897 2443 1024
1898  1898 1900 11239424
1899  1899 1904 11239424
1900  1900 1902 11239424
1901  1901 1903 11239424
1902  1902 1904 11239424
1903  1903 1907 11239424
1904  1904 1906 11239424
1905  1905 1907 11239424
1906  1906 1908 11239424
1907  1907 1913 11239424
1908  1908 1910 11239424
1909  1909 1911 802816
1910  1910 1912 802816
1911  1911 2444 1024
1912  1912 1919 11239424
1913  1913 1915 11239424
1914  1914 1916 11239424
1915  1915 1917 802816
1916  1916 1918 802816
1917  1917 2445 1024
1918  1918 1920 11239424
1919  1919 1930 11239424
1920  1920 1922 11239424
1921  1921 1923 11239424
1922  1922 1924 802816
1923  1923 1925 802816
1924  1924 1926 1024
1925  1925 1927 1024
1926  1926 1928 1024
1927  1927 1929 11239424
1928  1928 1930 11239424
1929  1929 1940 11239424
1930  1930 1932 11239424
1931  1931 2446 131072
1932  1932 1934 5619712
1933  1933 1938 5619712
1934  1934 1936 5619712
1935  1935 1937 5619712
1936  1936 1938 5619712
1937  1937 1945 5619712
1938  1938 1941 131072
1939  1939 1941 11239424
1940  1940 1942 5619712
1941  1941 1943 5619712
1942  1942 1944 5619712
1943  1943 1945 5619712
1944  1944 1946 5619712
1945  1945 1951 5619712
1946  1946 1948 5619712
1947  1947 1949 401408
1948  1948 1950 401408
1949  1949 2447 512
1950  1950 1957 5619712
1951  1951 1953 5619712
1952  1952 1954 5619712
1953  1953 1955 401408
1954  1954 1956 401408
1955  1955 2448 512
1956  1956 1958 5619712
1957  1957 1969 5619712
1958  1958 1960 5619712
1959  1959 1961 5619712
1960  1960 1962 401408
1961  1961 1963 401408
1962  1962 1964 512
1963  1963 1965 512
1964  1964 1967 512
1965  1965 1968 5619712
1966  1966 1968 5619712
1967  1967 1969 5619712
1968  1968 2031 5619712
1969  1969 1972 5619712
1970  1970 2020 5619712
1971  1971 1973 5619712
1972  1972 1974 5619712
1973  1973 1975 7168
1974  1974 1976 7168
1975  1975 2449 512
1976  1976 1978 5619712
1977  1977 1979 5619712
1978  1978 1980 5619712
1979  1979 1981 7168
1980  1980 1982 7168
1981  1981 2449 512
1982  1982 1984 5619712
1983  1983 1985 5619712
1984  1984 1986 5619712
1985  1985 1987 7168
1986  1986 1988 7168
1987  1987 2449 512
1988  1988 1990 5619712
1989  1989 1991 5619712
1990  1990 1992 5619712
1991  1991 1993 7168
1992  1992 1994 7168
1993  1993 2449 512
1994  1994 1996 5619712
1995  1995 1997 5619712
1996  1996 1998 5619712
1997  1997 1999 7168
1998  1998 2000 7168
1999  1999 2449 512
2000  2000 2002 5619712
2001  2001 2003 5619712
2002  2002 2004 5619712
2003  2003 2005 7168
2004  2004 2006 7168
2005  2005 2449 512
2006  2006 2008 5619712
2007  2007 2009 5619712
2008  2008 2010 5619712
2009  2009 2011 7168
2010  2010 2012 7168
2011  2011 2449 512
2012  2012 2014 5619712
2013  2013 2015 5619712
2014  2014 2016 5619712
2015  2015 2017 7168
2016  2016 2018 7168
2017  2017 2449 512
2018  2018 2020 5619712
2019  2019 2021 5619712
2020  2020 2022 5619712
2021  2021 2023 7168
2022  2022 2024 7168
2023  2023 2449 512
2024  2024 2026 22478848
2025  2025 2030 22478848
2026  2026 2028 22478848
2027  2027 2029 22478848
2028  2028 2030 22478848
2029  2029 2033 22478848
2030  2030 2032 5619712
2031  2031 2033 22478848
2032  2032 2034 22478848
2033  2033 2039 22478848
2034  2034 2036 22478848
2035  2035 2037 1605632
2036  2036 2038 1605632
2037  2037 2450 512
2038  2038 2045 22478848
2039  2039 2041 22478848
2040  2040 2042 22478848
2041  2041 2043 1605632
2042  2042 2044 1605632
2043  2043 2451 512
2044  2044 2046 22478848
2045  2045 2057 22478848
2046  2046 2048 22478848
2047  2047 2049 22478848
2048  2048 2050 1605632
2049  2049 2051 1605632
2050  2050 2052 512
2051  2051 2053 512
2052  2052 2055 512
2053  2053 2181 22478848
2054  2054 2056 22478848
2055  2055 2057 22478848
2056  2056 2067 22478848
2057  2057 2059 22478848
2058  2058 2452 65536
2059  2059 2061 22478848
2060  2060 2065 22478848
2061  2061 2063 22478848
2062  2062 2064 22478848
2063  2063 2065 22478848
2064  2064 2072 22478848
2065  2065 2068 65536
2066  2066 2068 22478848
2067  2067 2069 22478848
2068  2068 2070 22478848
2069  2069 2071 22478848
2070  2070 2072 22478848
2071  2071 2073 22478848
2072  2072 2078 22478848
2073  2073 2075 22478848
2074  2074 2076 1605632
2075  2075 2077 1605632
2076  2076 2453 512
2077  2077 2084 22478848
2078  2078 2080 22478848
2079  2079 2081 22478848
2080  2080 2082 1605632
2081  2081 2083 1605632
2082  2082 2454 512
2083  2083 2085 22478848
2084  2084 2095 22478848
2085  2085 2087 22478848
2086  2086 2088 22478848
2087  2087 2089 1605632
2088  2088 2090 1605632
2089  2089 2091 512
2090  2090 2092 512
2091  2091 2093 512
2092  2092 2094 22478848
2093  2093 2095 22478848
2094  2094 2157 22478848
2095  2095 2098 22478848
2096  2096 2146 22478848
2097  2097 2099 22478848
2098  2098 2100 22478848
2099  2099 2101 7168
2100  2100 2102 7168
2101  2101 2455 512
2102  2102 2104 22478848
2103  2103 2105 22478848
2104  2104 2106 22478848
2105  2105 2107 7168
2106  2106 2108 7168
2107  2107 2455 512
2108  2108 2110 22478848
2109  2109 2111 22478848
2110  2110 2112 22478848
2111  2111 2113 7168
2112  2112 2114 7168
2113  2113 2455 512
2114  2114 2116 22478848
2115  2115 2117 22478848
2116  2116 2118 22478848
2117  2117 2119 7168
2118  2118 2120 7168
2119  2119 2455 512
2120  2120 2122 22478848
2121  2121 2123 22478848
2122  2122 2124 22478848
2123  2123 2125 7168
2124  2124 2126 7168
2125  2125 2455 512
2126  2126 2128 22478848
2127  2127 2129 22478848
2128  2128 2130 22478848
2129  2129 2131 7168
2130  2130 2132 7168
2131  2131 2455 512
2132  2132 2134 22478848
2133  2133 2135 22478848
2134  2134 2136 22478848
2135  2135 2137 7168
2136  2136 2138 7168
2137  2137 2455 512
2138  2138 2140 22478848
2139  2139 2141 22478848
2140  2140 2142 22478848
2141  2141 2143 7168
2142  2142 2144 7168
2143  2143 2455 512
2144  2144 2146 22478848
2145  2145 2147 22478848
2146  2146 2148 22478848
2147  2147 2149 7168
2148  2148 2150 7168
2149  2149 2455 512
2150  2150 2152 22478848
2151  2151 2156 22478848
2152  2152 2154 22478848
2153  2153 2155 22478848
2154  2154 2156 22478848
2155  2155 2159 22478848
2156  2156 2158 22478848
2157  2157 2159 22478848
2158  2158 2160 22478848
2159  2159 2165 22478848
2160  2160 2162 22478848
2161  2161 2163 1605632
2162  2162 2164 1605632
2163  2163 2456 512
2164  2164 2171 22478848
2165  2165 2167 22478848
2166  2166 2168 22478848
2167  2167 2169 1605632
2168  2168 2170 1605632
2169  2169 2457 512
2170  2170 2172 22478848
2171  2171 2182 22478848
2172  2172 2174 22478848
2173  2173 2175 22478848
2174  2174 2176 1605632
2175  2175 2177 1605632
2176  2176 2178 512
2177  2177 2179 512
2178  2178 2180 512
2179  2179 2181 22478848
2180  2180 2182 22478848
2181  2181 2192 22478848
2182  2182 2184 22478848
2183  2183 2458 32768
2184  2184 2186 11239424
2185  2185 2190 11239424
2186  2186 2188 11239424
2187  2187 2189 11239424
2188  2188 2190 11239424
2189  2189 2197 11239424
2190  2190 2193 32768
2191  2191 2193 22478848
2192  2192 2194 11239424
2193  2193 2195 11239424
2194  2194 2196 11239424
2195  2195 2197 11239424
2196  2196 2198 11239424
2197  2197 2203 11239424
2198  2198 2200 11239424
2199  2199 2201 802816
2200  2200 2202 802816
2201  2201 2459 256
2202  2202 2209 11239424
2203  2203 2205 11239424
2204  2204 2206 11239424
2205  2205 2207 802816
2206  2206 2208 802816
2207  2207 2460 256
2208  2208 2210 11239424
2209  2209 2221 11239424
2210  2210 2212 11239424
2211  2211 2213 11239424
2212  2212 2214 802816
2213  2213 2215 802816
2214  2214 2216 256
2215  2215 2217 256
2216  2216 2219 256
2217  2217 2220 11239424
2218  2218 2220 11239424
2219  2219 2221 11239424
2220  2220 2283 11239424
2221  2221 2224 11239424
2222  2222 2272 11239424
2223  2223 2225 11239424
2224  2224 2226 11239424
2225  2225 2227 3584
2226  2226 2228 3584
2227  2227 2461 256
2228  2228 2230 11239424
2229  2229 2231 11239424
2230  2230 2232 11239424
2231  2231 2233 3584
2232  2232 2234 3584
2233  2233 2461 256
2234  2234 2236 11239424
2235  2235 2237 11239424
2236  2236 2238 11239424
2237  2237 2239 3584
2238  2238 2240 3584
2239  2239 2461 256
2240  2240 2242 11239424
2241  2241 2243 11239424
2242  2242 2244 11239424
2243  2243 2245 3584
2244  2244 2246 3584
2245  2245 2461 256
2246  2246 2248 11239424
2247  2247 2249 11239424
2248  2248 2250 11239424
2249  2249 2251 3584
2250  2250 2252 3584
2251  2251 2461 256
2252  2252 2254 11239424
2253  2253 2255 11239424
2254  2254 2256 11239424
2255  2255 2257 3584
2256  2256 2258 3584
2257  2257 2461 256
2258  2258 2260 11239424
2259  2259 2261 11239424
2260  2260 2262 11239424
2261  2261 2263 3584
2262  2262 2264 3584
2263  2263 2461 256
2264  2264 2266 11239424
2265  2265 2267 11239424
2266  2266 2268 11239424
2267  2267 2269 3584
2268  2268 2270 3584
2269  2269 2461 256
2270  2270 2272 11239424
2271  2271 2273 11239424
2272  2272 2274 11239424
2273  2273 2275 3584
2274  2274 2276 3584
2275  2275 2461 256
2276  2276 2278 44957696
2277  2277 2282 44957696
2278  2278 2280 44957696
2279  2279 2281 44957696
2280  2280 2282 44957696
2281  2281 2285 44957696
2282  2282 2284 11239424
2283  2283 2285 44957696
2284  2284 2286 44957696
2285  2285 2291 44957696
2286  2286 2288 44957696
2287  2287 2289 3211264
2288  2288 2290 3211264
2289  2289 2462 256
2290  2290 2297 44957696
2291  2291 2293 44957696
2292  2292 2294 44957696
2293  2293 2295 3211264
2294  2294 2296 3211264
2295  2295 2463 256
2296  2296 2298 44957696
2297  2297 2309 44957696
2298  2298 2300 44957696
2299  2299 2301 44957696
2300  2300 2302 3211264
2301  2301 2303 3211264
2302  2302 2304 256
2303  2303 2305 256
2304  2304 2307 256
2305  2305 2308 44957696
2306  2306 2308 44957696
2307  2307 2309 44957696
2308  2308 2319 44957696
2309  2309 2311 44957696
2310  2310 2464 8192
2311  2311 2313 22478848
2312  2312 2317 22478848
2313  2313 2315 22478848
2314  2314 2316 22478848
2315  2315 2317 22478848
2316  2316 2324 22478848
2317  2317 2320 8192
2318  2318 2320 44957696
2319  2319 2321 22478848
2320  2320 2322 22478848
2321  2321 2323 22478848
2322  2322 2324 22478848
2323  2323 2325 22478848
2324  2324 2330 22478848
2325  2325 2327 22478848
2326  2326 2328 1605632
2327  2327 2329 1605632
2328  2328 2465 128
2329  2329 2336 22478848
2330  2330 2332 22478848
2331  2331 2333 22478848
2332  2332 2334 1605632
2333  2333 2335 1605632
2334  2334 2466 128
2335  2335 2337 22478848
2336  2336 2348 22478848
2337  2337 2339 22478848
2338  2338 2340 22478848
2339  2339 2341 1605632
2340  2340 2342 1605632
2341  2341 2343 128
2342  2342 2344 128
2343  2343 2346 128
2344  2344 2434 22478848
2345  2345 2347 22478848
2346  2346 2348 22478848
2347  2347 2410 22478848
2348  2348 2351 22478848
2349  2349 2399 22478848
2350  2350 2352 22478848
2351  2351 2353 22478848
2352  2352 2354 1792
2353  2353 2355 1792
2354  2354 2467 128
2355  2355 2357 22478848
2356  2356 2358 22478848
2357  2357 2359 22478848
2358  2358 2360 1792
2359  2359 2361 1792
2360  2360 2467 128
2361  2361 2363 22478848
2362  2362 2364 22478848
2363  2363 2365 22478848
2364  2364 2366 1792
2365  2365 2367 1792
2366  2366 2467 128
2367  2367 2369 22478848
2368  2368 2370 22478848
2369  2369 2371 22478848
2370  2370 2372 1792
2371  2371 2373 1792
2372  2372 2467 128
2373  2373 2375 22478848
2374  2374 2376 22478848
2375  2375 2377 22478848
2376  2376 2378 1792
2377  2377 2379 1792
2378  2378 2467 128
2379  2379 2381 22478848
2380  2380 2382 22478848
2381  2381 2383 22478848
2382  2382 2384 1792
2383  2383 2385 1792
2384  2384 2467 128
2385  2385 2387 22478848
2386  2386 2388 22478848
2387  2387 2389 22478848
2388  2388 2390 1792
2389  2389 2391 1792
2390  2390 2467 128
2391  2391 2393 22478848
2392  2392 2394 22478848
2393  2393 2395 22478848
2394  2394 2396 1792
2395  2395 2397 1792
2396  2396 2467 128
2397  2397 2399 22478848
2398  2398 2400 22478848
2399  2399 2401 22478848
2400  2400 2402 1792
2401  2401 2403 1792
2402  2402 2467 128
2403  2403 2405 22478848
2404  2404 2409 22478848
2405  2405 2407 22478848
2406  2406 2408 22478848
2407  2407 2409 22478848
2408  2408 2412 22478848
2409  2409 2411 22478848
2410  2410 2412 22478848
2411  2411 2413 22478848
2412  2412 2418 22478848
2413  2413 2415 22478848
2414  2414 2416 1605632
2415  2415 2417 1605632
2416  2416 2468 128
2417  2417 2424 22478848
2418  2418 2420 22478848
2419  2419 2421 22478848
2420  2420 2422 1605632
2421  2421 2423 1605632
2422  2422 2469 128
2423  2423 2425 22478848
2424  2424 2435 22478848
2425  2425 2427 22478848
2426  2426 2428 22478848
2427  2427 2429 1605632
2428  2428 2430 1605632
2429  2429 2431 128
2430  2430 2432 128
2431  2431 2433 128
2432  2432 2434 22478848
2433  2433 2435 22478848
2434  2434 2436 22478848
2435  2435 2437 22478848
2436  2436 2470 3456
2437  2437 2519 1024
2438  2438 2519 1024
2439  2439 2519 262144
2440  2440 2519 1024
2441  2441 2519 1024
2442  2442 2519 9216
2443  2443 2519 1024
2444  2444 2519 1024
2445  2445 2519 131072
2446  2446 2519 512
2447  2447 2519 512
2448  2448 2519 4608
2449  2449 2519 512
2450  2450 2519 512
2451  2451 2519 65536
2452  2452 2519 512
2453  2453 2519 512
2454  2454 2519 4608
2455  2455 2519 512
2456  2456 2519 512
2457  2457 2519 32768
2458  2458 2519 256
2459  2459 2519 256
2460  2460 2519 2304
2461  2461 2519 256
2462  2462 2519 256
2463  2463 2519 8192
2464  2464 2519 128
2465  2465 2519 128
2466  2466 2519 1152
2467  2467 2519 128
2468  2468 2519 128
2469  2469 2519 3456
2470  2470 2519 4032
2471  2471 2519 4096
2472  2472 2519 4096
2473  2473 2519 4194304
2474  2474 2519 4096
2475  2475 2519 4096
2476  2476 2519 36864
2477  2477 2519 4096
2478  2478 2519 4096
2479  2479 2519 2097152
2480  2480 2519 2048
2481  2481 2519 2048
2482  2482 2519 18432
2483  2483 2519 2048
2484  2484 2519 2048
2485  2485 2519 1048576
2486  2486 2519 2048
2487  2487 2519 2048
2488  2488 2519 18432
2489  2489 2519 2048
2490  2490 2519 2048
2491  2491 2519 1048576
2492  2492 2519 2048
2493  2493 2519 2048
2494  2494 2519 18432
2495  2495 2519 2048
2496  2496 2519 2048
2497  2497 2519 1048576
2498  2498 2519 2048
2499  2499 2519 2048
2500  2500 2519 18432
2501  2501 2519 2048
2502  2502 2519 2048
2503  2503 2519 1048576
2504  2504 2519 2048
2505  2505 2519 2048
2506  2506 2519 18432
2507  2507 2519 2048
2508  2508 2519 2048
2509  2509 2519 1048576
2510  2510 2519 2048
2511  2511 2519 2048
2512  2512 2519 18432
2513  2513 2519 2048
2514  2514 2519 2048
2515  2515 2519 524288
2516  2516 2519 1024
2517  2517 2519 1024
2518  2518 2519 9216
