17:0  17 18 6021120
19:0  19 20 3456
19:1  19 20 14049280
19:2  19 20 16056320
19:3  19 20 2624
45:0  45 46 1152
45:1  45 46 128
46:0  46 47 16056320
71:0  71 72 16056320
73:0  73 74 8192
73:1  73 74 16056320
73:2  73 74 32112640
73:3  73 74 3072
99:0  99 100 2304
99:1  99 100 256
100:0  100 101 8028160
125:0  125 126 8028160
127:0  127 128 32768
127:1  127 128 8028160
127:2  127 128 16056320
127:3  127 128 6144
153:0  153 154 4608
153:1  153 154 512
154:0  154 155 16056320
179:0  179 180 16056320
181:0  181 182 65536
181:1  181 182 16056320
181:2  181 182 16056320
181:3  181 182 12288
207:0  207 208 4608
207:1  207 208 512
208:0  208 209 4014080
233:0  233 234 4014080
235:0  235 236 131072
235:1  235 236 4014080
235:2  235 236 8028160
235:3  235 236 2002944
235:4  235 236 32768
235:11  235 236 6144
235:12  235 236 12288
261:0  261 262 9216
261:1  261 262 1024
262:0  262 263 8028160
287:0  287 288 8028160
289:0  289 290 262144
289:1  289 290 8028160
289:2  289 290 8028160
289:3  289 290 2002944
289:4  289 290 65536
289:11  289 290 12288
289:12  289 290 24576
315:0  315 316 9216
315:1  315 316 1024
316:0  316 317 2007040
341:0  341 342 2007040
343:0  343 344 524288
343:1  343 344 2007040
343:2  343 344 4014080
343:3  343 344 995328
343:4  343 344 131072
343:11  343 344 12288
343:12  343 344 24576
369:0  369 370 18432
369:1  369 370 2048
370:0  370 371 4014080
395:0  395 396 4014080
397:0  397 398 1048576
397:1  397 398 4014080
397:2  397 398 4014080
397:3  397 398 995328
397:4  397 398 262144
397:65  397 398 245760
397:66  397 398 65536
397:73  397 398 12288
397:74  397 398 24576
397:75  397 398 49152
423:0  423 424 18432
423:1  423 424 2048
424:0  424 425 4014080
449:0  449 450 4014080
451:0  451 452 1048576
451:1  451 452 4014080
451:2  451 452 4014080
451:3  451 452 995328
451:4  451 452 262144
451:65  451 452 245760
451:66  451 452 65536
451:73  451 452 12288
451:74  451 452 24576
451:75  451 452 49152
477:0  477 478 18432
477:1  477 478 2048
478:0  478 479 4014080
503:0  503 504 4014080
505:0  505 506 1048576
505:1  505 506 4014080
505:2  505 506 4014080
505:3  505 506 995328
505:4  505 506 262144
505:65  505 506 245760
505:66  505 506 65536
505:73  505 506 12288
505:74  505 506 24576
505:75  505 506 49152
531:0  531 532 18432
531:1  531 532 2048
532:0  532 533 4014080
557:0  557 558 4014080
559:0  559 560 1048576
559:1  559 560 4014080
559:2  559 560 4014080
559:3  559 560 995328
559:4  559 560 262144
559:65  559 560 245760
559:66  559 560 65536
559:73  559 560 12288
559:74  559 560 24576
559:75  559 560 49152
585:0  585 586 18432
585:1  585 586 2048
586:0  586 587 4014080
611:0  611 612 4014080
613:0  613 614 1048576
613:1  613 614 4014080
613:2  613 614 4014080
613:3  613 614 995328
613:4  613 614 262144
613:65  613 614 245760
613:66  613 614 65536
613:73  613 614 12288
613:74  613 614 24576
613:75  613 614 49152
639:0  639 640 18432
639:1  639 640 2048
640:0  640 641 1003520
665:0  665 666 1003520
667:0  667 668 2097152
667:1  667 668 1003520
667:2  667 668 2007040
667:3  667 668 491520
667:4  667 668 524288
667:59  667 668 122880
667:60  667 668 131072
667:67  667 668 12288
667:68  667 668 49152
693:0  693 694 36864
693:1  693 694 4096
694:0  694 695 2007040
719:0  719 720 2007040
721:0  721 722 4194304
721:1  721 722 2007040
721:2  721 722 2007040
721:3  721 722 491520
721:4  721 722 1048576
721:59  721 722 122880
721:60  721 722 262144
721:67  721 722 24576
721:68  721 722 98304
750:0  750 751 4112384
750:1  750 751 40960
750:2  750 751 40192
750:3  750 751 98304
764:0  764 765 40960
764:1  764 765 48064
764:2  764 765 4100096
764:3  764 765 960
771:0  771 772 4100096
771:1  771 772 40192
771:2  771 772 40960
771:3  771 772 96128
778:0  778 779 2007040
802:0  802 803 2007040
802:1  802 803 2015232
802:2  802 803 4194304
802:3  802 803 47040
811:0  811 812 2015232
811:1  811 812 4194304
811:2  811 812 2015232
811:3  811 812 1032192
811:4  811 812 499712
811:65  811 812 258048
811:66  811 812 122880
811:73  811 812 24576
811:74  811 812 49152
811:76  811 812 98304
814:0  814 815 2007040
817:0  817 818 2007040
839:0  839 840 2007040
846:0  846 847 2007040
852:0  852 853 2007040
858:0  858 859 2007040
870:0  870 871 2007040
876:0  876 877 2007040
882:0  882 883 2007040
888:0  888 889 2007040
901:0  901 902 36864
901:1  901 902 4096
904:0  904 905 2007040
927:0  927 928 2007040
927:1  927 928 1007616
927:2  927 928 2097152
927:3  927 928 47040
936:0  936 937 2015232
936:1  936 937 2097152
936:2  936 937 1007616
936:3  936 937 516096
936:4  936 937 499712
936:71  936 937 122880
936:72  936 937 122880
936:79  936 937 24576
936:81  936 937 49152
936:83  936 937 98304
939:0  939 940 1003520
942:0  942 943 1003520
965:0  965 966 4014080
972:0  972 973 4014080
978:0  978 979 4014080
984:0  984 985 4014080
990:0  990 991 4014080
996:0  996 997 4014080
1002:0  1002 1003 4014080
1008:0  1008 1009 4014080
1014:0  1014 1015 4014080
1027:0  1027 1028 18432
1027:1  1027 1028 2048
1030:0  1030 1031 4014080
1054:0  1054 1055 4014080
1054:1  1054 1055 4014080
1054:2  1054 1055 1048576
1054:3  1054 1055 987840
1054:4  1054 1055 1003520
1054:11  1054 1055 94080
1054:12  1054 1055 188160
1063:0  1063 1064 4014080
1063:1  1063 1064 1048576
1063:2  1063 1064 4014080
1063:3  1063 1064 987840
1063:4  1063 1064 1003520
1063:71  1063 1064 234240
1063:72  1063 1064 249856
1063:79  1063 1064 12288
1063:81  1063 1064 24576
1063:82  1063 1064 49152
1066:0  1066 1067 4014080
1069:0  1069 1070 4014080
1091:0  1091 1092 4014080
1098:0  1098 1099 4014080
1104:0  1104 1105 4014080
1110:0  1110 1111 4014080
1122:0  1122 1123 4014080
1128:0  1128 1129 4014080
1134:0  1134 1135 4014080
1140:0  1140 1141 4014080
1153:0  1153 1154 18432
1153:1  1153 1154 2048
1156:0  1156 1157 4014080
1179:0  1179 1180 4014080
1179:1  1179 1180 4014080
1179:2  1179 1180 1048576
1179:3  1179 1180 987840
1179:4  1179 1180 1003520
1179:11  1179 1180 94080
1179:12  1179 1180 188160
1188:0  1188 1189 4014080
1188:1  1188 1189 1048576
1188:2  1188 1189 4014080
1188:3  1188 1189 987840
1188:4  1188 1189 1003520
1188:71  1188 1189 234240
1188:72  1188 1189 249856
1188:79  1188 1189 12288
1188:81  1188 1189 24576
1188:82  1188 1189 49152
1191:0  1191 1192 4014080
1194:0  1194 1195 4014080
1216:0  1216 1217 4014080
1223:0  1223 1224 4014080
1229:0  1229 1230 4014080
1235:0  1235 1236 4014080
1247:0  1247 1248 4014080
1253:0  1253 1254 4014080
1259:0  1259 1260 4014080
1265:0  1265 1266 4014080
1278:0  1278 1279 18432
1278:1  1278 1279 2048
1281:0  1281 1282 4014080
1304:0  1304 1305 4014080
1304:1  1304 1305 4014080
1304:2  1304 1305 1048576
1304:3  1304 1305 987840
1304:4  1304 1305 1003520
1304:11  1304 1305 94080
1304:12  1304 1305 188160
1313:0  1313 1314 4014080
1313:1  1313 1314 1048576
1313:2  1313 1314 4014080
1313:3  1313 1314 987840
1313:4  1313 1314 1003520
1313:71  1313 1314 234240
1313:72  1313 1314 249856
1313:79  1313 1314 12288
1313:81  1313 1314 24576
1313:82  1313 1314 49152
1316:0  1316 1317 4014080
1319:0  1319 1320 4014080
1341:0  1341 1342 4014080
1348:0  1348 1349 4014080
1354:0  1354 1355 4014080
1360:0  1360 1361 4014080
1372:0  1372 1373 4014080
1378:0  1378 1379 4014080
1384:0  1384 1385 4014080
1390:0  1390 1391 4014080
1403:0  1403 1404 18432
1403:1  1403 1404 2048
1406:0  1406 1407 4014080
1429:0  1429 1430 4014080
1429:1  1429 1430 4014080
1429:2  1429 1430 1048576
1429:3  1429 1430 987840
1429:4  1429 1430 1003520
1429:11  1429 1430 94080
1429:12  1429 1430 188160
1438:0  1438 1439 4014080
1438:1  1438 1439 1048576
1438:2  1438 1439 4014080
1438:3  1438 1439 987840
1438:4  1438 1439 1003520
1438:71  1438 1439 234240
1438:72  1438 1439 249856
1438:79  1438 1439 12288
1438:81  1438 1439 24576
1438:82  1438 1439 49152
1441:0  1441 1442 4014080
1444:0  1444 1445 4014080
1466:0  1466 1467 4014080
1473:0  1473 1474 4014080
1479:0  1479 1480 4014080
1485:0  1485 1486 4014080
1497:0  1497 1498 4014080
1503:0  1503 1504 4014080
1509:0  1509 1510 4014080
1515:0  1515 1516 4014080
1528:0  1528 1529 18432
1528:1  1528 1529 2048
1531:0  1531 1532 4014080
1554:0  1554 1555 4014080
1554:1  1554 1555 4014080
1554:2  1554 1555 1048576
1554:3  1554 1555 987840
1554:4  1554 1555 1003520
1554:11  1554 1555 94080
1554:12  1554 1555 188160
1563:0  1563 1564 4014080
1563:1  1563 1564 1048576
1563:2  1563 1564 4014080
1563:3  1563 1564 987840
1563:4  1563 1564 1003520
1563:71  1563 1564 234240
1563:72  1563 1564 249856
1563:79  1563 1564 12288
1563:81  1563 1564 24576
1563:82  1563 1564 49152
1566:0  1566 1567 4014080
1569:0  1569 1570 4014080
1591:0  1591 1592 4014080
1598:0  1598 1599 4014080
1604:0  1604 1605 4014080
1610:0  1610 1611 4014080
1622:0  1622 1623 4014080
1628:0  1628 1629 4014080
1634:0  1634 1635 4014080
1640:0  1640 1641 4014080
1653:0  1653 1654 18432
1653:1  1653 1654 2048
1656:0  1656 1657 4014080
1679:0  1679 1680 4014080
1679:1  1679 1680 2007040
1679:2  1679 1680 524288
1679:3  1679 1680 470400
1679:4  1679 1680 1003520
1679:11  1679 1680 94080
1679:12  1679 1680 188160
1688:0  1688 1689 4014080
1688:1  1688 1689 524288
1688:2  1688 1689 2007040
1688:3  1688 1689 470400
1688:4  1688 1689 1003520
1688:11  1688 1689 24576
1688:12  1688 1689 49152
1691:0  1691 1692 2007040
1694:0  1694 1695 2007040
1717:0  1717 1718 8028160
1724:0  1724 1725 8028160
1730:0  1730 1731 8028160
1736:0  1736 1737 8028160
1742:0  1742 1743 8028160
1748:0  1748 1749 8028160
1754:0  1754 1755 8028160
1760:0  1760 1761 8028160
1766:0  1766 1767 8028160
1779:0  1779 1780 9216
1779:1  1779 1780 1024
1782:0  1782 1783 8028160
1806:0  1806 1807 8028160
1806:1  1806 1807 8028160
1806:2  1806 1807 262144
1806:3  1806 1807 1881600
1806:4  1806 1807 2007040
1806:11  1806 1807 376320
1806:12  1806 1807 752640
1815:0  1815 1816 8028160
1815:1  1815 1816 262144
1815:2  1815 1816 8028160
1815:3  1815 1816 1881600
1815:4  1815 1816 2007040
1815:11  1815 1816 12288
1815:12  1815 1816 24576
1818:0  1818 1819 8028160
1821:0  1821 1822 8028160
1843:0  1843 1844 8028160
1850:0  1850 1851 8028160
1856:0  1856 1857 8028160
1862:0  1862 1863 8028160
1874:0  1874 1875 8028160
1880:0  1880 1881 8028160
1886:0  1886 1887 8028160
1892:0  1892 1893 8028160
1905:0  1905 1906 9216
1905:1  1905 1906 1024
1908:0  1908 1909 8028160
1931:0  1931 1932 8028160
1931:1  1931 1932 4014080
1931:2  1931 1932 131072
1931:3  1931 1932 940800
1931:4  1931 1932 2007040
1931:11  1931 1932 376320
1931:12  1931 1932 752640
1940:0  1940 1941 8028160
1940:1  1940 1941 131072
1940:2  1940 1941 4014080
1940:3  1940 1941 24576
1943:0  1943 1944 4014080
1946:0  1946 1947 4014080
1969:0  1969 1970 16056320
1976:0  1976 1977 16056320
1982:0  1982 1983 16056320
1988:0  1988 1989 16056320
1994:0  1994 1995 16056320
2000:0  2000 2001 16056320
2006:0  2006 2007 16056320
2012:0  2012 2013 16056320
2018:0  2018 2019 16056320
2031:0  2031 2032 4608
2031:1  2031 2032 512
2034:0  2034 2035 16056320
2058:0  2058 2059 16056320
2058:1  2058 2059 16056320
2058:2  2058 2059 65536
2058:3  2058 2059 3763200
2058:4  2058 2059 4014080
2058:11  2058 2059 1505280
2058:12  2058 2059 3010560
2067:0  2067 2068 16056320
2067:1  2067 2068 65536
2067:2  2067 2068 16056320
2067:3  2067 2068 12288
2070:0  2070 2071 16056320
2073:0  2073 2074 16056320
2095:0  2095 2096 16056320
2102:0  2102 2103 16056320
2108:0  2108 2109 16056320
2114:0  2114 2115 16056320
2126:0  2126 2127 16056320
2132:0  2132 2133 16056320
2138:0  2138 2139 16056320
2144:0  2144 2145 16056320
2157:0  2157 2158 4608
2157:1  2157 2158 512
2160:0  2160 2161 16056320
2183:0  2183 2184 16056320
2183:1  2183 2184 8028160
2183:2  2183 2184 32768
2183:3  2183 2184 3010560
2192:0  2192 2193 16056320
2192:1  2192 2193 32768
2192:2  2192 2193 8028160
2192:3  2192 2193 12288
2195:0  2195 2196 8028160
2198:0  2198 2199 8028160
2221:0  2221 2222 32112640
2228:0  2228 2229 32112640
2234:0  2234 2235 32112640
2240:0  2240 2241 32112640
2246:0  2246 2247 32112640
2252:0  2252 2253 32112640
2258:0  2258 2259 32112640
2264:0  2264 2265 32112640
2270:0  2270 2271 32112640
2283:0  2283 2284 2304
2283:1  2283 2284 256
2286:0  2286 2287 32112640
2310:0  2310 2311 32112640
2310:1  2310 2311 16056320
2310:2  2310 2311 8192
2310:3  2310 2311 12042240
2319:0  2319 2320 32112640
2319:1  2319 2320 8192
2319:2  2319 2320 16056320
2319:3  2319 2320 6144
2322:0  2322 2323 16056320
2325:0  2325 2326 16056320
2348:0  2348 2349 16056320
2355:0  2355 2356 16056320
2361:0  2361 2362 16056320
2367:0  2367 2368 16056320
2379:0  2379 2380 16056320
2385:0  2385 2386 16056320
2391:0  2391 2392 16056320
2397:0  2397 2398 16056320
2410:0  2410 2411 1152
2410:1  2410 2411 128
2413:0  2413 2414 16056320
2436:0  2436 2437 16056320
2436:1  2436 2437 13547520
2436:2  2436 2437 3456
2436:3  2436 2437 12042240
0  0 2 64
1  1 4 64
2  2 5 64
3  3 5 64
4  4 7 64
5  5 9 40064
6  6 8 64
7  7 9 40064
8  8 15 40064
9  9 11 64
10  10 12 64
11  11 13 64
12  12 14 64
13  13 15 40064
14  14 755 40064
15  15 17 6021120
16  16 18 8028160
17  17 2437 13547520
18  18 20 3456
19  19 25 16056320
20  20 22 16056320
21  21 23 1605632
22  22 24 1605632
23  23 26 128
24  24 28 16056320
25  25 27 128
26  26 28 16056320
27  27 39 16056320
28  28 30 16056320
29  29 31 16056320
30  30 32 1605632
31  31 33 1605632
32  32 34 128
33  33 35 128
34  34 36 128
35  35 37 128
36  36 38 128
37  37 2425 16056320
38  38 2419 16056320
39  39 2424 16056320
40  40 43 16056320
41  41 43 16056320
42  42 44 16056320
43  43 2406 16056320
44  44 2398 16056320
45  45 51 16056320
46  46 48 16056320
47  47 49 1605632
48  48 50 1605632
49  49 52 128
50  50 54 16056320
51  51 53 128
52  52 54 16056320
53  53 65 16056320
54  54 56 16056320
55  55 57 16056320
56  56 58 1605632
57  57 59 1605632
58  58 60 128
59  59 61 128
60  60 62 128
61  61 63 128
62  62 64 128
63  63 2337 16056320
64  64 2331 16056320
65  65 2336 16056320
66  66 69 16056320
67  67 69 16056320
68  68 70 16056320
69  69 2314 16056320
70  70 72 16056320
71  71 2311 16056320
72  72 74 8192
73  73 79 32112640
74  74 76 32112640
75  75 77 3211264
76  76 78 3211264
77  77 80 256
78  78 82 32112640
79  79 81 256
80  80 82 32112640
81  81 93 32112640
82  82 84 32112640
83  83 85 32112640
84  84 86 3211264
85  85 87 3211264
86  86 88 256
87  87 89 256
88  88 90 256
89  89 91 256
90  90 92 256
91  91 2298 32112640
92  92 2292 32112640
93  93 2297 32112640
94  94 97 32112640
95  95 97 32112640
96  96 98 32112640
97  97 2279 32112640
98  98 2271 32112640
99  99 105 8028160
100  100 102 8028160
101  101 103 802816
102  102 104 802816
103  103 106 256
104  104 108 8028160
105  105 107 256
106  106 108 8028160
107  107 119 8028160
108  108 110 8028160
109  109 111 8028160
110  110 112 802816
111  111 113 802816
112  112 114 256
113  113 115 256
114  114 116 256
115  115 117 256
116  116 118 256
117  117 2210 8028160
118  118 2204 8028160
119  119 2209 8028160
120  120 123 8028160
121  121 123 8028160
122  122 124 8028160
123  123 2187 8028160
124  124 126 8028160
125  125 2184 8028160
126  126 128 32768
127  127 133 16056320
128  128 130 16056320
129  129 131 1605632
130  130 132 1605632
131  131 134 512
132  132 136 16056320
133  133 135 512
134  134 136 16056320
135  135 147 16056320
136  136 138 16056320
137  137 139 16056320
138  138 140 1605632
139  139 141 1605632
140  140 142 512
141  141 143 512
142  142 144 512
143  143 145 512
144  144 146 512
145  145 2172 16056320
146  146 2166 16056320
147  147 2171 16056320
148  148 151 16056320
149  149 151 16056320
150  150 152 16056320
151  151 2153 16056320
152  152 2145 16056320
153  153 159 16056320
154  154 156 16056320
155  155 157 1605632
156  156 158 1605632
157  157 160 512
158  158 162 16056320
159  159 161 512
160  160 162 16056320
161  161 173 16056320
162  162 164 16056320
163  163 165 16056320
164  164 166 1605632
165  165 167 1605632
166  166 168 512
167  167 169 512
168  168 170 512
169  169 171 512
170  170 172 512
171  171 2085 16056320
172  172 2079 16056320
173  173 2084 16056320
174  174 177 16056320
175  175 177 16056320
176  176 178 16056320
177  177 2062 16056320
178  178 180 16056320
179  179 2059 16056320
180  180 182 65536
181  181 187 16056320
182  182 184 16056320
183  183 185 1605632
184  184 186 1605632
185  185 188 512
186  186 190 16056320
187  187 189 512
188  188 190 16056320
189  189 201 16056320
190  190 192 16056320
191  191 193 16056320
192  192 194 1605632
193  193 195 1605632
194  194 196 512
195  195 197 512
196  196 198 512
197  197 199 512
198  198 200 512
199  199 2046 16056320
200  200 2040 16056320
201  201 2045 16056320
202  202 205 16056320
203  203 205 16056320
204  204 206 16056320
205  205 2027 16056320
206  206 2019 16056320
207  207 213 4014080
208  208 210 4014080
209  209 211 401408
210  210 212 401408
211  211 214 512
212  212 216 4014080
213  213 215 512
214  214 216 4014080
215  215 227 4014080
216  216 218 4014080
217  217 219 4014080
218  218 220 401408
219  219 221 401408
220  220 222 512
221  221 223 512
222  222 224 512
223  223 225 512
224  224 226 512
225  225 1958 4014080
226  226 1952 4014080
227  227 1957 4014080
228  228 231 4014080
229  229 231 4014080
230  230 232 4014080
231  231 1935 4014080
232  232 234 4014080
233  233 1932 4014080
234  234 236 131072
235  235 241 8028160
236  236 238 8028160
237  237 239 802816
238  238 240 802816
239  239 242 1024
240  240 244 8028160
241  241 243 1024
242  242 244 8028160
243  243 255 8028160
244  244 246 8028160
245  245 247 8028160
246  246 248 802816
247  247 249 802816
248  248 250 1024
249  249 251 1024
250  250 252 1024
251  251 253 1024
252  252 254 1024
253  253 1920 8028160
254  254 1914 8028160
255  255 1919 8028160
256  256 259 8028160
257  257 259 8028160
258  258 260 8028160
259  259 1901 8028160
260  260 1893 8028160
261  261 267 8028160
262  262 264 8028160
263  263 265 802816
264  264 266 802816
265  265 268 1024
266  266 270 8028160
267  267 269 1024
268  268 270 8028160
269  269 281 8028160
270  270 272 8028160
271  271 273 8028160
272  272 274 802816
273  273 275 802816
274  274 276 1024
275  275 277 1024
276  276 278 1024
277  277 279 1024
278  278 280 1024
279  279 1833 8028160
280  280 1827 8028160
281  281 1832 8028160
282  282 285 8028160
283  283 285 8028160
284  284 286 8028160
285  285 1810 8028160
286  286 288 8028160
287  287 1807 8028160
288  288 290 262144
289  289 295 8028160
290  290 292 8028160
291  291 293 802816
292  292 294 802816
293  293 296 1024
294  294 298 8028160
295  295 297 1024
296  296 298 8028160
297  297 309 8028160
298  298 300 8028160
299  299 301 8028160
300  300 302 802816
301  301 303 802816
302  302 304 1024
303  303 305 1024
304  304 306 1024
305  305 307 1024
306  306 308 1024
307  307 1794 8028160
308  308 1788 8028160
309  309 1793 8028160
310  310 313 8028160
311  311 313 8028160
312  312 314 8028160
313  313 1775 8028160
314  314 1767 8028160
315  315 321 2007040
316  316 318 2007040
317  317 319 200704
318  318 320 200704
319  319 322 1024
320  320 324 2007040
321  321 323 1024
322  322 324 2007040
323  323 335 2007040
324  324 326 2007040
325  325 327 2007040
326  326 328 200704
327  327 329 200704
328  328 330 1024
329  329 331 1024
330  330 332 1024
331  331 333 1024
332  332 334 1024
333  333 1706 2007040
334  334 1700 2007040
335  335 1705 2007040
336  336 339 2007040
337  337 339 2007040
338  338 340 2007040
339  339 1683 2007040
340  340 342 2007040
341  341 1680 2007040
342  342 344 524288
343  343 349 4014080
344  344 346 4014080
345  345 347 401408
346  346 348 401408
347  347 350 2048
348  348 352 4014080
349  349 351 2048
350  350 352 4014080
351  351 363 4014080
352  352 354 4014080
353  353 355 4014080
354  354 356 401408
355  355 357 401408
356  356 358 2048
357  357 359 2048
358  358 360 2048
359  359 361 2048
360  360 362 2048
361  361 1668 4014080
362  362 1662 4014080
363  363 1667 4014080
364  364 367 4014080
365  365 367 4014080
366  366 368 4014080
367  367 1649 4014080
368  368 1641 4014080
369  369 375 4014080
370  370 372 4014080
371  371 373 401408
372  372 374 401408
373  373 376 2048
374  374 378 4014080
375  375 377 2048
376  376 378 4014080
377  377 389 4014080
378  378 380 4014080
379  379 381 4014080
380  380 382 401408
381  381 383 401408
382  382 384 2048
383  383 385 2048
384  384 386 2048
385  385 387 2048
386  386 388 2048
387  387 1581 4014080
388  388 1575 4014080
389  389 1580 4014080
390  390 393 4014080
391  391 393 4014080
392  392 394 4014080
393  393 1558 4014080
394  394 396 4014080
395  395 1555 4014080
396  396 398 1048576
397  397 403 4014080
398  398 400 4014080
399  399 401 401408
400  400 402 401408
401  401 404 2048
402  402 406 4014080
403  403 405 2048
404  404 406 4014080
405  405 417 4014080
406  406 408 4014080
407  407 409 4014080
408  408 410 401408
409  409 411 401408
410  410 412 2048
411  411 413 2048
412  412 414 2048
413  413 415 2048
414  414 416 2048
415  415 1543 4014080
416  416 1537 4014080
417  417 1542 4014080
418  418 421 4014080
419  419 421 4014080
420  420 422 4014080
421  421 1524 4014080
422  422 1516 4014080
423  423 429 4014080
424  424 426 4014080
425  425 427 401408
426  426 428 401408
427  427 430 2048
428  428 432 4014080
429  429 431 2048
430  430 432 4014080
431  431 443 4014080
432  432 434 4014080
433  433 435 4014080
434  434 436 401408
435  435 437 401408
436  436 438 2048
437  437 439 2048
438  438 440 2048
439  439 441 2048
440  440 442 2048
441  441 1456 4014080
442  442 1450 4014080
443  443 1455 4014080
444  444 447 4014080
445  445 447 4014080
446  446 448 4014080
447  447 1433 4014080
448  448 450 4014080
449  449 1430 4014080
450  450 452 1048576
451  451 457 4014080
452  452 454 4014080
453  453 455 401408
454  454 456 401408
455  455 458 2048
456  456 460 4014080
457  457 459 2048
458  458 460 4014080
459  459 471 4014080
460  460 462 4014080
461  461 463 4014080
462  462 464 401408
463  463 465 401408
464  464 466 2048
465  465 467 2048
466  466 468 2048
467  467 469 2048
468  468 470 2048
469  469 1418 4014080
470  470 1412 4014080
471  471 1417 4014080
472  472 475 4014080
473  473 475 4014080
474  474 476 4014080
475  475 1399 4014080
476  476 1391 4014080
477  477 483 4014080
478  478 480 4014080
479  479 481 401408
480  480 482 401408
481  481 484 2048
482  482 486 4014080
483  483 485 2048
484  484 486 4014080
485  485 497 4014080
486  486 488 4014080
487  487 489 4014080
488  488 490 401408
489  489 491 401408
490  490 492 2048
491  491 493 2048
492  492 494 2048
493  493 495 2048
494  494 496 2048
495  495 1331 4014080
496  496 1325 4014080
497  497 1330 4014080
498  498 501 4014080
499  499 501 4014080
500  500 502 4014080
501  501 1308 4014080
502  502 504 4014080
503  503 1305 4014080
504  504 506 1048576
505  505 511 4014080
506  506 508 4014080
507  507 509 401408
508  508 510 401408
509  509 512 2048
510  510 514 4014080
511  511 513 2048
512  512 514 4014080
513  513 525 4014080
514  514 516 4014080
515  515 517 4014080
516  516 518 401408
517  517 519 401408
518  518 520 2048
519  519 521 2048
520  520 522 2048
521  521 523 2048
522  522 524 2048
523  523 1293 4014080
524  524 1287 4014080
525  525 1292 4014080
526  526 529 4014080
527  527 529 4014080
528  528 530 4014080
529  529 1274 4014080
530  530 1266 4014080
531  531 537 4014080
532  532 534 4014080
533  533 535 401408
534  534 536 401408
535  535 538 2048
536  536 540 4014080
537  537 539 2048
538  538 540 4014080
539  539 551 4014080
540  540 542 4014080
541  541 543 4014080
542  542 544 401408
543  543 545 401408
544  544 546 2048
545  545 547 2048
546  546 548 2048
547  547 549 2048
548  548 550 2048
549  549 1206 4014080
550  550 1200 4014080
551  551 1205 4014080
552  552 555 4014080
553  553 555 4014080
554  554 556 4014080
555  555 1183 4014080
556  556 558 4014080
557  557 1180 4014080
558  558 560 1048576
559  559 565 4014080
560  560 562 4014080
561  561 563 401408
562  562 564 401408
563  563 566 2048
564  564 568 4014080
565  565 567 2048
566  566 568 4014080
567  567 579 4014080
568  568 570 4014080
569  569 571 4014080
570  570 572 401408
571  571 573 401408
572  572 574 2048
573  573 575 2048
574  574 576 2048
575  575 577 2048
576  576 578 2048
577  577 1168 4014080
578  578 1162 4014080
579  579 1167 4014080
580  580 583 4014080
581  581 583 4014080
582  582 584 4014080
583  583 1149 4014080
584  584 1141 4014080
585  585 591 4014080
586  586 588 4014080
587  587 589 401408
588  588 590 401408
589  589 592 2048
590  590 594 4014080
591  591 593 2048
592  592 594 4014080
593  593 605 4014080
594  594 596 4014080
595  595 597 4014080
596  596 598 401408
597  597 599 401408
598  598 600 2048
599  599 601 2048
600  600 602 2048
601  601 603 2048
602  602 604 2048
603  603 1081 4014080
604  604 1075 4014080
605  605 1080 4014080
606  606 609 4014080
607  607 609 4014080
608  608 610 4014080
609  609 1058 4014080
610  610 612 4014080
611  611 1055 4014080
612  612 614 1048576
613  613 619 4014080
614  614 616 4014080
615  615 617 401408
616  616 618 401408
617  617 620 2048
618  618 622 4014080
619  619 621 2048
620  620 622 4014080
621  621 633 4014080
622  622 624 4014080
623  623 625 4014080
624  624 626 401408
625  625 627 401408
626  626 628 2048
627  627 629 2048
628  628 630 2048
629  629 631 2048
630  630 632 2048
631  631 1042 4014080
632  632 1036 4014080
633  633 1041 4014080
634  634 637 4014080
635  635 637 4014080
636  636 638 4014080
637  637 1023 4014080
638  638 1015 4014080
639  639 645 1003520
640  640 642 1003520
641  641 643 100352
642  642 644 100352
643  643 646 2048
644  644 648 1003520
645  645 647 2048
646  646 648 1003520
647  647 659 1003520
648  648 650 1003520
649  649 651 1003520
650  650 652 100352
651  651 653 100352
652  652 654 2048
653  653 655 2048
654  654 656 2048
655  655 657 2048
656  656 658 2048
657  657 954 1003520
658  658 948 1003520
659  659 953 1003520
660  660 663 1003520
661  661 663 1003520
662  662 664 1003520
663  663 931 1003520
664  664 666 1003520
665  665 928 1003520
666  666 668 2097152
667  667 673 2007040
668  668 670 2007040
669  669 671 200704
670  670 672 200704
671  671 674 4096
672  672 676 2007040
673  673 675 4096
674  674 676 2007040
675  675 687 2007040
676  676 678 2007040
677  677 679 2007040
678  678 680 200704
679  679 681 200704
680  680 682 4096
681  681 683 4096
682  682 684 4096
683  683 685 4096
684  684 686 4096
685  685 916 2007040
686  686 910 2007040
687  687 915 2007040
688  688 691 2007040
689  689 691 2007040
690  690 692 2007040
691  691 897 2007040
692  692 889 2007040
693  693 699 2007040
694  694 696 2007040
695  695 697 200704
696  696 698 200704
697  697 700 4096
698  698 702 2007040
699  699 701 4096
700  700 702 2007040
701  701 713 2007040
702  702 704 2007040
703  703 705 2007040
704  704 706 200704
705  705 707 200704
706  706 708 4096
707  707 709 4096
708  708 710 4096
709  709 711 4096
710  710 712 4096
711  711 829 2007040
712  712 823 2007040
713  713 828 2007040
714  714 717 2007040
715  715 717 2007040
716  716 718 2007040
717  717 806 2007040
718  718 720 2007040
719  719 803 2007040
720  720 722 4194304
721  721 727 2007040
722  722 724 2007040
723  723 725 200704
724  724 726 200704
725  725 728 4096
726  726 730 2007040
727  727 729 4096
728  728 730 2007040
729  729 741 2007040
730  730 732 2007040
731  731 733 2007040
732  732 734 200704
733  733 735 200704
734  734 736 4096
735  735 737 4096
736  736 738 4096
737  737 739 4096
738  738 740 4096
739  739 790 2007040
740  740 784 2007040
741  741 789 2007040
742  742 745 2007040
743  743 745 2007040
744  744 746 2007040
745  745 768 2007040
746  746 748 2007040
747  747 749 40960
748  748 750 40960
749  749 765 40960
750  750 753 40064
751  751 753 40064
752  752 754 40064
753  753 762 40064
754  754 761 40064
755  755 757 40064
756  756 758 40064
757  757 759 64
758  758 760 64
759  759 761 40064
760  760 762 40064
761  761 772 40064
762  762 764 40064
763  763 2471 4032
764  764 2519 4100096
765  765 767 2007040
766  766 771 2007040
767  767 769 2007040
768  768 770 2007040
769  769 771 2007040
770  770 777 2007040
771  771 773 40960
772  772 774 40960
773  773 775 98344960
774  774 776 2007040
775  775 777 2007040
776  776 778 2007040
777  777 783 2007040
778  778 780 2007040
779  779 781 200704
780  780 782 200704
781  781 2472 4096
782  782 789 2007040
783  783 785 2007040
784  784 786 2007040
785  785 787 200704
786  786 788 200704
787  787 2473 4096
788  788 790 2007040
789  789 801 2007040
790  790 792 2007040
791  791 793 2007040
792  792 794 200704
793  793 795 200704
794  794 796 4096
795  795 797 4096
796  796 799 4096
797  797 925 2007040
798  798 800 2007040
799  799 801 2007040
800  800 811 2007040
801  801 803 2007040
802  802 2474 4194304
803  803 805 2007040
804  804 809 2007040
805  805 807 2007040
806  806 808 2007040
807  807 809 2007040
808  808 816 2007040
809  809 812 4194304
810  810 812 2007040
811  811 813 2007040
812  812 814 2007040
813  813 815 2007040
814  814 816 2007040
815  815 817 2007040
816  816 822 2007040
817  817 819 2007040
818  818 820 200704
819  819 821 200704
820  820 2475 4096
821  821 828 2007040
822  822 824 2007040
823  823 825 2007040
824  824 826 200704
825  825 827 200704
826  826 2476 4096
827  827 829 2007040
828  828 839 2007040
829  829 831 2007040
830  830 832 2007040
831  831 833 200704
832  832 834 200704
833  833 835 4096
834  834 836 4096
835  835 837 4096
836  836 838 2007040
837  837 839 2007040
838  838 901 2007040
839  839 842 2007040
840  840 890 2007040
841  841 843 2007040
842  842 844 2007040
843  843 845 40960
844  844 846 40960
845  845 2477 4096
846  846 848 2007040
847  847 849 2007040
848  848 850 2007040
849  849 851 40960
850  850 852 40960
851  851 2477 4096
852  852 854 2007040
853  853 855 2007040
854  854 856 2007040
855  855 857 40960
856  856 858 40960
857  857 2477 4096
858  858 860 2007040
859  859 861 2007040
860  860 862 2007040
861  861 863 40960
862  862 864 40960
863  863 2477 4096
864  864 866 2007040
865  865 867 2007040
866  866 868 2007040
867  867 869 40960
868  868 870 40960
869  869 2477 4096
870  870 872 2007040
871  871 873 2007040
872  872 874 2007040
873  873 875 40960
874  874 876 40960
875  875 2477 4096
876  876 878 2007040
877  877 879 2007040
878  878 880 2007040
879  879 881 40960
880  880 882 40960
881  881 2477 4096
882  882 884 2007040
883  883 885 2007040
884  884 886 2007040
885  885 887 40960
886  886 888 40960
887  887 2477 4096
888  888 890 2007040
889  889 891 2007040
890  890 892 2007040
891  891 893 40960
892  892 894 40960
893  893 2477 4096
894  894 896 2007040
895  895 900 2007040
896  896 898 2007040
897  897 899 2007040
898  898 900 2007040
899  899 903 2007040
900  900 902 2007040
901  901 903 2007040
902  902 904 2007040
903  903 909 2007040
904  904 906 2007040
905  905 907 200704
906  906 908 200704
907  907 2478 4096
908  908 915 2007040
909  909 911 2007040
910  910 912 2007040
911  911 913 200704
912  912 914 200704
913  913 2479 4096
914  914 916 2007040
915  915 926 2007040
916  916 918 2007040
917  917 919 2007040
918  918 920 200704
919  919 921 200704
920  920 922 4096
921  921 923 4096
922  922 924 4096
923  923 925 2007040
924  924 926 2007040
925  925 936 2007040
926  926 928 2007040
927  927 2480 2097152
928  928 930 1003520
929  929 934 1003520
930  930 932 1003520
931  931 933 1003520
932  932 934 1003520
933  933 941 1003520
934  934 937 2097152
935  935 937 2007040
936  936 938 1003520
937  937 939 1003520
938  938 940 1003520
939  939 941 1003520
940  940 942 1003520
941  941 947 1003520
942  942 944 1003520
943  943 945 100352
944  944 946 100352
945  945 2481 2048
946  946 953 1003520
947  947 949 1003520
948  948 950 1003520
949  949 951 100352
950  950 952 100352
951  951 2482 2048
952  952 954 1003520
953  953 965 1003520
954  954 956 1003520
955  955 957 1003520
956  956 958 100352
957  957 959 100352
958  958 960 2048
959  959 961 2048
960  960 963 2048
961  961 964 1003520
962  962 964 1003520
963  963 965 1003520
964  964 1027 1003520
965  965 968 1003520
966  966 1016 1003520
967  967 969 1003520
968  968 970 1003520
969  969 971 20480
970  970 972 20480
971  971 2483 2048
972  972 974 1003520
973  973 975 1003520
974  974 976 1003520
975  975 977 20480
976  976 978 20480
977  977 2483 2048
978  978 980 1003520
979  979 981 1003520
980  980 982 1003520
981  981 983 20480
982  982 984 20480
983  983 2483 2048
984  984 986 1003520
985  985 987 1003520
986  986 988 1003520
987  987 989 20480
988  988 990 20480
989  989 2483 2048
990  990 992 1003520
991  991 993 1003520
992  992 994 1003520
993  993 995 20480
994  994 996 20480
995  995 2483 2048
996  996 998 1003520
997  997 999 1003520
998  998 1000 1003520
999  999 1001 20480
1000  1000 1002 20480
1001  1001 2483 2048
1002  1002 1004 1003520
1003  1003 1005 1003520
1004  1004 1006 1003520
1005  1005 1007 20480
1006  1006 1008 20480
1007  1007 2483 2048
1008  1008 1010 1003520
1009  1009 1011 1003520
1010  1010 1012 1003520
1011  1011 1013 20480
1012  1012 1014 20480
1013  1013 2483 2048
1014  1014 1016 1003520
1015  1015 1017 1003520
1016  1016 1018 1003520
1017  1017 1019 20480
1018  1018 1020 20480
1019  1019 2483 2048
1020  1020 1022 4014080
1021  1021 1026 4014080
1022  1022 1024 4014080
1023  1023 1025 4014080
1024  1024 1026 4014080
1025  1025 1029 4014080
1026  1026 1028 1003520
1027  1027 1029 4014080
1028  1028 1030 4014080
1029  1029 1035 4014080
1030  1030 1032 4014080
1031  1031 1033 401408
1032  1032 1034 401408
1033  1033 2484 2048
1034  1034 1041 4014080
1035  1035 1037 4014080
1036  1036 1038 4014080
1037  1037 1039 401408
1038  1038 1040 401408
1039  1039 2485 2048
1040  1040 1042 4014080
1041  1041 1053 4014080
1042  1042 1044 4014080
1043  1043 1045 4014080
1044  1044 1046 401408
1045  1045 1047 401408
1046  1046 1048 2048
1047  1047 1049 2048
1048  1048 1051 2048
1049  1049 1677 4014080
1050  1050 1052 4014080
1051  1051 1053 4014080
1052  1052 1063 4014080
1053  1053 1055 4014080
1054  1054 2486 1048576
1055  1055 1057 4014080
1056  1056 1061 4014080
1057  1057 1059 4014080
1058  1058 1060 4014080
1059  1059 1061 4014080
1060  1060 1068 4014080
1061  1061 1064 1048576
1062  1062 1064 4014080
1063  1063 1065 4014080
1064  1064 1066 4014080
1065  1065 1067 4014080
1066  1066 1068 4014080
1067  1067 1069 4014080
1068  1068 1074 4014080
1069  1069 1071 4014080
1070  1070 1072 401408
1071  1071 1073 401408
1072  1072 2487 2048
1073  1073 1080 4014080
1074  1074 1076 4014080
1075  1075 1077 4014080
1076  1076 1078 401408
1077  1077 1079 401408
1078  1078 2488 2048
1079  1079 1081 4014080
1080  1080 1091 4014080
1081  1081 1083 4014080
1082  1082 1084 4014080
1083  1083 1085 401408
1084  1084 1086 401408
1085  1085 1087 2048
1086  1086 1088 2048
1087  1087 1089 2048
1088  1088 1090 4014080
1089  1089 1091 4014080
1090  1090 1153 4014080
1091  1091 1094 4014080
1092  1092 1142 4014080
1093  1093 1095 4014080
1094  1094 1096 4014080
1095  1095 1097 20480
1096  1096 1098 20480
1097  1097 2489 2048
1098  1098 1100 4014080
1099  1099 1101 4014080
1100  1100 1102 4014080
1101  1101 1103 20480
1102  1102 1104 20480
1103  1103 2489 2048
1104  1104 1106 4014080
1105  1105 1107 4014080
1106  1106 1108 4014080
1107  1107 1109 20480
1108  1108 1110 20480
1109  1109 2489 2048
1110  1110 1112 4014080
1111  1111 1113 4014080
1112  1112 1114 4014080
1113  1113 1115 20480
1114  1114 1116 20480
1115  1115 2489 2048
1116  1116 1118 4014080
1117  1117 1119 4014080
1118  1118 1120 4014080
1119  1119 1121 20480
1120  1120 1122 20480
1121  1121 2489 2048
1122  1122 1124 4014080
1123  1123 1125 4014080
1124  1124 1126 4014080
1125  1125 1127 20480
1126  1126 1128 20480
1127  1127 2489 2048
1128  1128 1130 4014080
1129  1129 1131 4014080
1130  1130 1132 4014080
1131  1131 1133 20480
1132  1132 1134 20480
1133  1133 2489 2048
1134  1134 1136 4014080
1135  1135 1137 4014080
1136  1136 1138 4014080
1137  1137 1139 20480
1138  1138 1140 20480
1139  1139 2489 2048
1140  1140 1142 4014080
1141  1141 1143 4014080
1142  1142 1144 4014080
1143  1143 1145 20480
1144  1144 1146 20480
1145  1145 2489 2048
1146  1146 1148 4014080
1147  1147 1152 4014080
1148  1148 1150 4014080
1149  1149 1151 4014080
1150  1150 1152 4014080
1151  1151 1155 4014080
1152  1152 1154 4014080
1153  1153 1155 4014080
1154  1154 1156 4014080
1155  1155 1161 4014080
1156  1156 1158 4014080
1157  1157 1159 401408
1158  1158 1160 401408
1159  1159 2490 2048
1160  1160 1167 4014080
1161  1161 1163 4014080
1162  1162 1164 4014080
1163  1163 1165 401408
1164  1164 1166 401408
1165  1165 2491 2048
1166  1166 1168 4014080
1167  1167 1178 4014080
1168  1168 1170 4014080
1169  1169 1171 4014080
1170  1170 1172 401408
1171  1171 1173 401408
1172  1172 1174 2048
1173  1173 1175 2048
1174  1174 1176 2048
1175  1175 1177 4014080
1176  1176 1178 4014080
1177  1177 1188 4014080
1178  1178 1180 4014080
1179  1179 2492 1048576
1180  1180 1182 4014080
1181  1181 1186 4014080
1182  1182 1184 4014080
1183  1183 1185 4014080
1184  1184 1186 4014080
1185  1185 1193 4014080
1186  1186 1189 1048576
1187  1187 1189 4014080
1188  1188 1190 4014080
1189  1189 1191 4014080
1190  1190 1192 4014080
1191  1191 1193 4014080
1192  1192 1194 4014080
1193  1193 1199 4014080
1194  1194 1196 4014080
1195  1195 1197 401408
1196  1196 1198 401408
1197  1197 2493 2048
1198  1198 1205 4014080
1199  1199 1201 4014080
1200  1200 1202 4014080
1201  1201 1203 401408
1202  1202 1204 401408
1203  1203 2494 2048
1204  1204 1206 4014080
1205  1205 1216 4014080
1206  1206 1208 4014080
1207  1207 1209 4014080
1208  1208 1210 401408
1209  1209 1211 401408
1210  1210 1212 2048
1211  1211 1213 2048
1212  1212 1214 2048
1213  1213 1215 4014080
1214  1214 1216 4014080
1215  1215 1278 4014080
1216  1216 1219 4014080
1217  1217 1267 4014080
1218  1218 1220 4014080
1219  1219 1221 4014080
1220  1220 1222 20480
1221  1221 1223 20480
1222  1222 2495 2048
1223  1223 1225 4014080
1224  1224 1226 4014080
1225  1225 1227 4014080
1226  1226 1228 20480
1227  1227 1229 20480
1228  1228 2495 2048
1229  1229 1231 4014080
1230  1230 1232 4014080
1231  1231 1233 4014080
1232  1232 1234 20480
1233  1233 1235 20480
1234  1234 2495 2048
1235  1235 1237 4014080
1236  1236 1238 4014080
1237  1237 1239 4014080
1238  1238 1240 20480
1239  1239 1241 20480
1240  1240 2495 2048
1241  1241 1243 4014080
1242  1242 1244 4014080
1243  1243 1245 4014080
1244  1244 1246 20480
1245  1245 1247 20480
1246  1246 2495 2048
1247  1247 1249 4014080
1248  1248 1250 4014080
1249  1249 1251 4014080
1250  1250 1252 20480
1251  1251 1253 20480
1252  1252 2495 2048
1253  1253 1255 4014080
1254  1254 1256 4014080
1255  1255 1257 4014080
1256  1256 1258 20480
1257  1257 1259 20480
1258  1258 2495 2048
1259  1259 1261 4014080
1260  1260 1262 4014080
1261  1261 1263 4014080
1262  1262 1264 20480
1263  1263 1265 20480
1264  1264 2495 2048
1265  1265 1267 4014080
1266  1266 1268 4014080
1267  1267 1269 4014080
1268  1268 1270 20480
1269  1269 1271 20480
1270  1270 2495 2048
1271  1271 1273 4014080
1272  1272 1277 4014080
1273  1273 1275 4014080
1274  1274 1276 4014080
1275  1275 1277 4014080
1276  1276 1280 4014080
1277  1277 1279 4014080
1278  1278 1280 4014080
1279  1279 1281 4014080
1280  1280 1286 4014080
1281  1281 1283 4014080
1282  1282 1284 401408
1283  1283 1285 401408
1284  1284 2496 2048
1285  1285 1292 4014080
1286  1286 1288 4014080
1287  1287 1289 4014080
1288  1288 1290 401408
1289  1289 1291 401408
1290  1290 2497 2048
1291  1291 1293 4014080
1292  1292 1303 4014080
1293  1293 1295 4014080
1294  1294 1296 4014080
1295  1295 1297 401408
1296  1296 1298 401408
1297  1297 1299 2048
1298  1298 1300 2048
1299  1299 1301 2048
1300  1300 1302 4014080
1301  1301 1303 4014080
1302  1302 1313 4014080
1303  1303 1305 4014080
1304  1304 2498 1048576
1305  1305 1307 4014080
1306  1306 1311 4014080
1307  1307 1309 4014080
1308  1308 1310 4014080
1309  1309 1311 4014080
1310  1310 1318 4014080
1311  1311 1314 1048576
1312  1312 1314 4014080
1313  1313 1315 4014080
1314  1314 1316 4014080
1315  1315 1317 4014080
1316  1316 1318 4014080
1317  1317 1319 4014080
1318  1318 1324 4014080
1319  1319 1321 4014080
1320  1320 1322 401408
1321  1321 1323 401408
1322  1322 2499 2048
1323  1323 1330 4014080
1324  1324 1326 4014080
1325  1325 1327 4014080
1326  1326 1328 401408
1327  1327 1329 401408
1328  1328 2500 2048
1329  1329 1331 4014080
1330  1330 1341 4014080
1331  1331 1333 4014080
1332  1332 1334 4014080
1333  1333 1335 401408
1334  1334 1336 401408
1335  1335 1337 2048
1336  1336 1338 2048
1337  1337 1339 2048
1338  1338 1340 4014080
1339  1339 1341 4014080
1340  1340 1403 4014080
1341  1341 1344 4014080
1342  1342 1392 4014080
1343  1343 1345 4014080
1344  1344 1346 4014080
1345  1345 1347 20480
1346  1346 1348 20480
1347  1347 2501 2048
1348  1348 1350 4014080
1349  1349 1351 4014080
1350  1350 1352 4014080
1351  1351 1353 20480
1352  1352 1354 20480
1353  1353 2501 2048
1354  1354 1356 4014080
1355  1355 1357 4014080
1356  1356 1358 4014080
1357  1357 1359 20480
1358  1358 1360 20480
1359  1359 2501 2048
1360  1360 1362 4014080
1361  1361 1363 4014080
1362  1362 1364 4014080
1363  1363 1365 20480
1364  1364 1366 20480
1365  1365 2501 2048
1366  1366 1368 4014080
1367  1367 1369 4014080
1368  1368 1370 4014080
1369  1369 1371 20480
1370  1370 1372 20480
1371  1371 2501 2048
1372  1372 1374 4014080
1373  1373 1375 4014080
1374  1374 1376 4014080
1375  1375 1377 20480
1376  1376 1378 20480
1377  1377 2501 2048
1378  1378 1380 4014080
1379  1379 1381 4014080
1380  1380 1382 4014080
1381  1381 1383 20480
1382  1382 1384 20480
1383  1383 2501 2048
1384  1384 1386 4014080
1385  1385 1387 4014080
1386  1386 1388 4014080
1387  1387 1389 20480
1388  1388 1390 20480
1389  1389 2501 2048
1390  1390 1392 4014080
1391  1391 1393 4014080
1392  1392 1394 4014080
1393  1393 1395 20480
1394  1394 1396 20480
1395  1395 2501 2048
1396  1396 1398 4014080
1397  1397 1402 4014080
1398  1398 1400 4014080
1399  1399 1401 4014080
1400  1400 1402 4014080
1401  1401 1405 4014080
1402  1402 1404 4014080
1403  1403 1405 4014080
1404  1404 1406 4014080
1405  1405 1411 4014080
1406  1406 1408 4014080
1407  1407 1409 401408
1408  1408 1410 401408
1409  1409 2502 2048
1410  1410 1417 4014080
1411  1411 1413 4014080
1412  1412 1414 4014080
1413  1413 1415 401408
1414  1414 1416 401408
1415  1415 2503 2048
1416  1416 1418 4014080
1417  1417 1428 4014080
1418  1418 1420 4014080
1419  1419 1421 4014080
1420  1420 1422 401408
1421  1421 1423 401408
1422  1422 1424 2048
1423  1423 1425 2048
1424  1424 1426 2048
1425  1425 1427 4014080
1426  1426 1428 4014080
1427  1427 1438 4014080
1428  1428 1430 4014080
1429  1429 2504 1048576
1430  1430 1432 4014080
1431  1431 1436 4014080
1432  1432 1434 4014080
1433  1433 1435 4014080
1434  1434 1436 4014080
1435  1435 1443 4014080
1436  1436 1439 1048576
1437  1437 1439 4014080
1438  1438 1440 4014080
1439  1439 1441 4014080
1440  1440 1442 4014080
1441  1441 1443 4014080
1442  1442 1444 4014080
1443  1443 1449 4014080
1444  1444 1446 4014080
1445  1445 1447 401408
1446  1446 1448 401408
1447  1447 2505 2048
1448  1448 1455 4014080
1449  1449 1451 4014080
1450  1450 1452 4014080
1451  1451 1453 401408
1452  1452 1454 401408
1453  1453 2506 2048
1454  1454 1456 4014080
1455  1455 1466 4014080
1456  1456 1458 4014080
1457  1457 1459 4014080
1458  1458 1460 401408
1459  1459 1461 401408
1460  1460 1462 2048
1461  1461 1463 2048
1462  1462 1464 2048
1463  1463 1465 4014080
1464  1464 1466 4014080
1465  1465 1528 4014080
1466  1466 1469 4014080
1467  1467 1517 4014080
1468  1468 1470 4014080
1469  1469 1471 4014080
1470  1470 1472 20480
1471  1471 1473 20480
1472  1472 2507 2048
1473  1473 1475 4014080
1474  1474 1476 4014080
1475  1475 1477 4014080
1476  1476 1478 20480
1477  1477 1479 20480
1478  1478 2507 2048
1479  1479 1481 4014080
1480  1480 1482 4014080
1481  1481 1483 4014080
1482  1482 1484 20480
1483  1483 1485 20480
1484  1484 2507 2048
1485  1485 1487 4014080
1486  1486 1488 4014080
1487  1487 1489 4014080
1488  1488 1490 20480
1489  1489 1491 20480
1490  1490 2507 2048
1491  1491 1493 4014080
1492  1492 1494 4014080
1493  1493 1495 4014080
1494  1494 1496 20480
1495  1495 1497 20480
1496  1496 2507 2048
1497  1497 1499 4014080
1498  1498 1500 4014080
1499  1499 1501 4014080
1500  1500 1502 20480
1501  1501 1503 20480
1502  1502 2507 2048
1503  1503 1505 4014080
1504  1504 1506 4014080
1505  1505 1507 4014080
1506  1506 1508 20480
1507  1507 1509 20480
1508  1508 2507 2048
1509  1509 1511 4014080
1510  1510 1512 4014080
1511  1511 1513 4014080
1512  1512 1514 20480
1513  1513 1515 20480
1514  1514 2507 2048
1515  1515 1517 4014080
1516  1516 1518 4014080
1517  1517 1519 4014080
1518  1518 1520 20480
1519  1519 1521 20480
1520  1520 2507 2048
1521  1521 1523 4014080
1522  1522 1527 4014080
1523  1523 1525 4014080
1524  1524 1526 4014080
1525  1525 1527 4014080
1526  1526 1530 4014080
1527  1527 1529 4014080
1528  1528 1530 4014080
1529  1529 1531 4014080
1530  1530 1536 4014080
1531  1531 1533 4014080
1532  1532 1534 401408
1533  1533 1535 401408
1534  1534 2508 2048
1535  1535 1542 4014080
1536  1536 1538 4014080
1537  1537 1539 4014080
1538  1538 1540 401408
1539  1539 1541 401408
1540  1540 2509 2048
1541  1541 1543 4014080
1542  1542 1553 4014080
1543  1543 1545 4014080
1544  1544 1546 4014080
1545  1545 1547 401408
1546  1546 1548 401408
1547  1547 1549 2048
1548  1548 1550 2048
1549  1549 1551 2048
1550  1550 1552 4014080
1551  1551 1553 4014080
1552  1552 1563 4014080
1553  1553 1555 4014080
1554  1554 2510 1048576
1555  1555 1557 4014080
1556  1556 1561 4014080
1557  1557 1559 4014080
1558  1558 1560 4014080
1559  1559 1561 4014080
1560  1560 1568 4014080
1561  1561 1564 1048576
1562  1562 1564 4014080
1563  1563 1565 4014080
1564  1564 1566 4014080
1565  1565 1567 4014080
1566  1566 1568 4014080
1567  1567 1569 4014080
1568  1568 1574 4014080
1569  1569 1571 4014080
1570  1570 1572 401408
1571  1571 1573 401408
1572  1572 2511 2048
1573  1573 1580 4014080
1574  1574 1576 4014080
1575  1575 1577 4014080
1576  1576 1578 401408
1577  1577 1579 401408
1578  1578 2512 2048
1579  1579 1581 4014080
1580  1580 1591 4014080
1581  1581 1583 4014080
1582  1582 1584 4014080
1583  1583 1585 401408
1584  1584 1586 401408
1585  1585 1587 2048
1586  1586 1588 2048
1587  1587 1589 2048
1588  1588 1590 4014080
1589  1589 1591 4014080
1590  1590 1653 4014080
1591  1591 1594 4014080
1592  1592 1642 4014080
1593  1593 1595 4014080
1594  1594 1596 4014080
1595  1595 1597 20480
1596  1596 1598 20480
1597  1597 2513 2048
1598  1598 1600 4014080
1599  1599 1601 4014080
1600  1600 1602 4014080
1601  1601 1603 20480
1602  1602 1604 20480
1603  1603 2513 2048
1604  1604 1606 4014080
1605  1605 1607 4014080
1606  1606 1608 4014080
1607  1607 1609 20480
1608  1608 1610 20480
1609  1609 2513 2048
1610  1610 1612 4014080
1611  1611 1613 4014080
1612  1612 1614 4014080
1613  1613 1615 20480
1614  1614 1616 20480
1615  1615 2513 2048
1616  1616 1618 4014080
1617  1617 1619 4014080
1618  1618 1620 4014080
1619  1619 1621 20480
1620  1620 1622 20480
1621  1621 2513 2048
1622  1622 1624 4014080
1623  1623 1625 4014080
1624  1624 1626 4014080
1625  1625 1627 20480
1626  1626 1628 20480
1627  1627 2513 2048
1628  1628 1630 4014080
1629  1629 1631 4014080
1630  1630 1632 4014080
1631  1631 1633 20480
1632  1632 1634 20480
1633  1633 2513 2048
1634  1634 1636 4014080
1635  1635 1637 4014080
1636  1636 1638 4014080
1637  1637 1639 20480
1638  1638 1640 20480
1639  1639 2513 2048
1640  1640 1642 4014080
1641  1641 1643 4014080
1642  1642 1644 4014080
1643  1643 1645 20480
1644  1644 1646 20480
1645  1645 2513 2048
1646  1646 1648 4014080
1647  1647 1652 4014080
1648  1648 1650 4014080
1649  1649 1651 4014080
1650  1650 1652 4014080
1651  1651 1655 4014080
1652  1652 1654 4014080
1653  1653 1655 4014080
1654  1654 1656 4014080
1655  1655 1661 4014080
1656  1656 1658 4014080
1657  1657 1659 401408
1658  1658 1660 401408
1659  1659 2514 2048
1660  1660 1667 4014080
1661  1661 1663 4014080
1662  1662 1664 4014080
1663  1663 1665 401408
1664  1664 1666 401408
1665  1665 2515 2048
1666  1666 1668 4014080
1667  1667 1678 4014080
1668  1668 1670 4014080
1669  1669 1671 4014080
1670  1670 1672 401408
1671  1671 1673 401408
1672  1672 1674 2048
1673  1673 1675 2048
1674  1674 1676 2048
1675  1675 1677 4014080
1676  1676 1678 4014080
1677  1677 1688 4014080
1678  1678 1680 4014080
1679  1679 2516 524288
1680  1680 1682 2007040
1681  1681 1686 2007040
1682  1682 1684 2007040
1683  1683 1685 2007040
1684  1684 1686 2007040
1685  1685 1693 2007040
1686  1686 1689 524288
1687  1687 1689 4014080
1688  1688 1690 2007040
1689  1689 1691 2007040
1690  1690 1692 2007040
1691  1691 1693 2007040
1692  1692 1694 2007040
1693  1693 1699 2007040
1694  1694 1696 2007040
1695  1695 1697 200704
1696  1696 1698 200704
1697  1697 2517 1024
1698  1698 1705 2007040
1699  1699 1701 2007040
1700  1700 1702 2007040
1701  1701 1703 200704
1702  1702 1704 200704
1703  1703 2518 1024
1704  1704 1706 2007040
1705  1705 1717 2007040
1706  1706 1708 2007040
1707  1707 1709 2007040
1708  1708 1710 200704
1709  1709 1711 200704
1710  1710 1712 1024
1711  1711 1713 1024
1712  1712 1715 1024
1713  1713 1716 2007040
1714  1714 1716 2007040
1715  1715 1717 2007040
1716  1716 1779 2007040
1717  1717 1720 2007040
1718  1718 1768 2007040
1719  1719 1721 2007040
1720  1720 1722 2007040
1721  1721 1723 10240
1722  1722 1724 10240
1723  1723 2519 1024
1724  1724 1726 2007040
1725  1725 1727 2007040
1726  1726 1728 2007040
1727  1727 1729 10240
1728  1728 1730 10240
1729  1729 2519 1024
1730  1730 1732 2007040
1731  1731 1733 2007040
1732  1732 1734 2007040
1733  1733 1735 10240
1734  1734 1736 10240
1735  1735 2519 1024
1736  1736 1738 2007040
1737  1737 1739 2007040
1738  1738 1740 2007040
1739  1739 1741 10240
1740  1740 1742 10240
1741  1741 2519 1024
1742  1742 1744 2007040
1743  1743 1745 2007040
1744  1744 1746 2007040
1745  1745 1747 10240
1746  1746 1748 10240
1747  1747 2519 1024
1748  1748 1750 2007040
1749  1749 1751 2007040
1750  1750 1752 2007040
1751  1751 1753 10240
1752  1752 1754 10240
1753  1753 2519 1024
1754  1754 1756 2007040
1755  1755 1757 2007040
1756  1756 1758 2007040
1757  1757 1759 10240
1758  1758 1760 10240
1759  1759 2519 1024
1760  1760 1762 2007040
1761  1761 1763 2007040
1762  1762 1764 2007040
1763  1763 1765 10240
1764  1764 1766 10240
1765  1765 2519 1024
1766  1766 1768 2007040
1767  1767 1769 2007040
1768  1768 1770 2007040
1769  1769 1771 10240
1770  1770 1772 10240
1771  1771 2519 1024
1772  1772 1774 8028160
1773  1773 1778 8028160
1774  1774 1776 8028160
1775  1775 1777 8028160
1776  1776 1778 8028160
1777  1777 1781 8028160
1778  1778 1780 2007040
1779  1779 1781 8028160
1780  1780 1782 8028160
1781  1781 1787 8028160
1782  1782 1784 8028160
1783  1783 1785 802816
1784  1784 1786 802816
1785  1785 2438 1024
1786  1786 1793 8028160
1787  1787 1789 8028160
1788  1788 1790 8028160
1789  1789 1791 802816
1790  1790 1792 802816
1791  1791 2439 1024
1792  1792 1794 8028160
1793  1793 1805 8028160
1794  1794 1796 8028160
1795  1795 1797 8028160
1796  1796 1798 802816
1797  1797 1799 802816
1798  1798 1800 1024
1799  1799 1801 1024
1800  1800 1803 1024
1801  1801 1929 8028160
1802  1802 1804 8028160
1803  1803 1805 8028160
1804  1804 1815 8028160
1805  1805 1807 8028160
1806  1806 2440 262144
1807  1807 1809 8028160
1808  1808 1813 8028160
1809  1809 1811 8028160
1810  1810 1812 8028160
1811  1811 1813 8028160
1812  1812 1820 8028160
1813  1813 1816 262144
1814  1814 1816 8028160
1815  1815 1817 8028160
1816  1816 1818 8028160
1817  1817 1819 8028160
1818  1818 1820 8028160
1819  1819 1821 8028160
1820  1820 1826 8028160
1821  1821 1823 8028160
1822  1822 1824 802816
1823  1823 1825 802816
1824  1824 2441 1024
1825  1825 1832 8028160
1826  1826 1828 8028160
1827  1827 1829 8028160
1828  1828 1830 802816
1829  1829 1831 802816
1830  1830 2442 1024
1831  1831 1833 8028160
1832  1832 1843 8028160
1833  1833 1835 8028160
1834  1834 1836 8028160
1835  1835 1837 802816
1836  1836 1838 802816
1837  1837 1839 1024
1838  1838 1840 1024
1839  1839 1841 1024
1840  1840 1842 8028160
1841  1841 1843 8028160
1842  1842 1905 8028160
1843  1843 1846 8028160
1844  1844 1894 8028160
1845  1845 1847 8028160
1846  1846 1848 8028160
1847  1847 1849 10240
1848  1848 1850 10240
1849  1849 2443 1024
1850  1850 1852 8028160
1851  1851 1853 8028160
1852  1852 1854 8028160
1853  1853 1855 10240
1854  1854 1856 10240
1855  1855 2443 1024
1856  1856 1858 8028160
1857  1857 1859 8028160
1858  1858 1860 8028160
1859  1859 1861 10240
1860  1860 1862 10240
1861  1861 2443 1024
1862  1862 1864 8028160
1863  1863 1865 8028160
1864  1864 1866 8028160
1865  1865 1867 10240
1866  1866 1868 10240
1867  1867 2443 1024
1868  1868 1870 8028160
1869  1869 1871 8028160
1870  1870 1872 8028160
1871  1871 1873 10240
1872  1872 1874 10240
1873  1873 2443 1024
1874  1874 1876 8028160
1875  1875 1877 8028160
1876  1876 1878 8028160
1877  1877 1879 10240
1878  1878 1880 10240
1879  1879 2443 1024
1880  1880 1882 8028160
1881  1881 1883 8028160
1882  1882 1884 8028160
1883  1883 1885 10240
1884  1884 1886 10240
1885  1885 2443 1024
1886  1886 1888 8028160
1887  1887 1889 8028160
1888  1888 1890 8028160
1889  1889 1891 10240
1890  1890 1892 10240
1891  1891 2443 1024
1892  1892 1894 8028160
1893  1893 1895 8028160
1894  1894 1896 8028160
1895  1895 1897 10240
1896  1896 1898 10240
1897  1897 2443 1024
1898  1898 1900 8028160
1899  1899 1904 8028160
1900  1900 1902 8028160
1901  1901 1903 8028160
1902  1902 1904 8028160
1903  1903 1907 8028160
1904  1904 1906 8028160
1905  1905 1907 8028160
1906  1906 1908 8028160
1907  1907 1913 8028160
1908  1908 1910 8028160
1909  1909 1911 802816
1910  1910 1912 802816
1911  1911 2444 1024
1912  1912 1919 8028160
1913  1913 1915 8028160
1914  1914 1916 8028160
1915  1915 1917 802816
1916  1916 1918 802816
1917  1917 2445 1024
1918  1918 1920 8028160
1919  1919 1930 8028160
1920  1920 1922 8028160
1921  1921 1923 8028160
1922  1922 1924 802816
1923  1923 1925 802816
1924  1924 1926 1024
1925  1925 1927 1024
1926  1926 1928 1024
1927  1927 1929 8028160
1928  1928 1930 8028160
1929  1929 1940 8028160
1930  1930 1932 8028160
1931  1931 2446 131072
1932  1932 1934 4014080
1933  1933 1938 4014080
1934  1934 1936 4014080
1935  1935 1937 4014080
1936  1936 1938 4014080
1937  1937 1945 4014080
1938  1938 1941 131072
1939  1939 1941 8028160
1940  1940 1942 4014080
1941  1941 1943 4014080
1942  1942 1944 4014080
1943  1943 1945 4014080
1944  1944 1946 4014080
1945  1945 1951 4014080
1946  1946 1948 4014080
1947  1947 1949 401408
1948  1948 1950 401408
1949  1949 2447 512
1950  1950 1957 4014080
1951  1951 1953 4014080
1952  1952 1954 4014080
1953  1953 1955 401408
1954  1954 1956 401408
1955  1955 2448 512
1956  1956 1958 4014080
1957  1957 1969 4014080
1958  1958 1960 4014080
1959  1959 1961 4014080
1960  1960 1962 401408
1961  1961 1963 401408
1962  1962 1964 512
1963  1963 1965 512
1964  1964 1967 512
1965  1965 1968 4014080
1966  1966 1968 4014080
1967  1967 1969 4014080
1968  1968 2031 4014080
1969  1969 1972 4014080
1970  1970 2020 4014080
1971  1971 1973 4014080
1972  1972 1974 4014080
1973  1973 1975 5120
1974  1974 1976 5120
1975  1975 2449 512
1976  1976 1978 4014080
1977  1977 1979 4014080
1978  1978 1980 4014080
1979  1979 1981 5120
1980  1980 1982 5120
1981  1981 2449 512
1982  1982 1984 4014080
1983  1983 1985 4014080
1984  1984 1986 4014080
1985  1985 1987 5120
1986  1986 1988 5120
1987  1987 2449 512
1988  1988 1990 4014080
1989  1989 1991 4014080
1990  1990 1992 4014080
1991  1991 1993 5120
1992  1992 1994 5120
1993  1993 2449 512
1994  1994 1996 4014080
1995  1995 1997 4014080
1996  1996 1998 4014080
1997  1997 1999 5120
1998  1998 2000 5120
1999  1999 2449 512
2000  2000 2002 4014080
2001  2001 2003 4014080
2002  2002 2004 4014080
2003  2003 2005 5120
2004  2004 2006 5120
2005  2005 2449 512
2006  2006 2008 4014080
2007  2007 2009 4014080
2008  2008 2010 4014080
2009  2009 2011 5120
2010  2010 2012 5120
2011  2011 2449 512
2012  2012 2014 4014080
2013  2013 2015 4014080
2014  2014 2016 4014080
2015  2015 2017 5120
2016  2016 2018 5120
2017  2017 2449 512
2018  2018 2020 4014080
2019  2019 2021 4014080
2020  2020 2022 4014080
2021  2021 2023 5120
2022  2022 2024 5120
2023  2023 2449 512
2024  2024 2026 16056320
2025  2025 2030 16056320
2026  2026 2028 16056320
2027  2027 2029 16056320
2028  2028 2030 16056320
2029  2029 2033 16056320
2030  2030 2032 4014080
2031  2031 2033 16056320
2032  2032 2034 16056320
2033  2033 2039 16056320
2034  2034 2036 16056320
2035  2035 2037 1605632
2036  2036 2038 1605632
2037  2037 2450 512
2038  2038 2045 16056320
2039  2039 2041 16056320
2040  2040 2042 16056320
2041  2041 2043 1605632
2042  2042 2044 1605632
2043  2043 2451 512
2044  2044 2046 16056320
2045  2045 2057 16056320
2046  2046 2048 16056320
2047  2047 2049 16056320
2048  2048 2050 1605632
2049  2049 2051 1605632
2050  2050 2052 512
2051  2051 2053 512
2052  2052 2055 512
2053  2053 2181 16056320
2054  2054 2056 16056320
2055  2055 2057 16056320
2056  2056 2067 16056320
2057  2057 2059 16056320
2058  2058 2452 65536
2059  2059 2061 16056320
2060  2060 2065 16056320
2061  2061 2063 16056320
2062  2062 2064 16056320
2063  2063 2065 16056320
2064  2064 2072 16056320
2065  2065 2068 65536
2066  2066 2068 16056320
2067  2067 2069 16056320
2068  2068 2070 16056320
2069  2069 2071 16056320
2070  2070 2072 16056320
2071  2071 2073 16056320
2072  2072 2078 16056320
2073  2073 2075 16056320
2074  2074 2076 1605632
2075  2075 2077 1605632
2076  2076 2453 512
2077  2077 2084 16056320
2078  2078 2080 16056320
2079  2079 2081 16056320
2080  2080 2082 1605632
2081  2081 2083 1605632
2082  2082 2454 512
2083  2083 2085 16056320
2084  2084 2095 16056320
2085  2085 2087 16056320
2086  2086 2088 16056320
2087  2087 2089 1605632
2088  2088 2090 1605632
2089  2089 2091 512
2090  2090 2092 512
2091  2091 2093 512
2092  2092 2094 16056320
2093  2093 2095 16056320
2094  2094 2157 16056320
2095  2095 2098 16056320
2096  2096 2146 16056320
2097  2097 2099 16056320
2098  2098 2100 16056320
2099  2099 2101 5120
2100  2100 2102 5120
2101  2101 2455 512
2102  2102 2104 16056320
2103  2103 2105 16056320
2104  2104 2106 16056320
2105  2105 2107 5120
2106  2106 2108 5120
2107  2107 2455 512
2108  2108 2110 16056320
2109  2109 2111 16056320
2110  2110 2112 16056320
2111  2111 2113 5120
2112  2112 2114 5120
2113  2113 2455 512
2114  2114 2116 16056320
2115  2115 2117 16056320
2116  2116 2118 16056320
2117  2117 2119 5120
2118  2118 2120 5120
2119  2119 2455 512
2120  2120 2122 16056320
2121  2121 2123 16056320
2122  2122 2124 16056320
2123  2123 2125 5120
2124  2124 2126 5120
2125  2125 2455 512
2126  2126 2128 16056320
2127  2127 2129 16056320
2128  2128 2130 16056320
2129  2129 2131 5120
2130  2130 2132 5120
2131  2131 2455 512
2132  2132 2134 16056320
2133  2133 2135 16056320
2134  2134 2136 16056320
2135  2135 2137 5120
2136  2136 2138 5120
2137  2137 2455 512
2138  2138 2140 16056320
2139  2139 2141 16056320
2140  2140 2142 16056320
2141  2141 2143 5120
2142  2142 2144 5120
2143  2143 2455 512
2144  2144 2146 16056320
2145  2145 2147 16056320
2146  2146 2148 16056320
2147  2147 2149 5120
2148  2148 2150 5120
2149  2149 2455 512
2150  2150 2152 16056320
2151  2151 2156 16056320
2152  2152 2154 16056320
2153  2153 2155 16056320
2154  2154 2156 16056320
2155  2155 2159 16056320
2156  2156 2158 16056320
2157  2157 2159 16056320
2158  2158 2160 16056320
2159  2159 2165 16056320
2160  2160 2162 16056320
2161  2161 2163 1605632
2162  2162 2164 1605632
2163  2163 2456 512
2164  2164 2171 16056320
2165  2165 2167 16056320
2166  2166 2168 16056320
2167  2167 2169 1605632
2168  2168 2170 1605632
2169  2169 2457 512
2170  2170 2172 16056320
2171  2171 2182 16056320
2172  2172 2174 16056320
2173  2173 2175 16056320
2174  2174 2176 1605632
2175  2175 2177 1605632
2176  2176 2178 512
2177  2177 2179 512
2178  2178 2180 512
2179  2179 2181 16056320
2180  2180 2182 16056320
2181  2181 2192 16056320
2182  2182 2184 16056320
2183  2183 2458 32768
2184  2184 2186 8028160
2185  2185 2190 8028160
2186  2186 2188 8028160
2187  2187 2189 8028160
2188  2188 2190 8028160
2189  2189 2197 8028160
2190  2190 2193 32768
2191  2191 2193 16056320
2192  2192 2194 8028160
2193  2193 2195 8028160
2194  2194 2196 8028160
2195  2195 2197 8028160
2196  2196 2198 8028160
2197  2197 2203 8028160
2198  2198 2200 8028160
2199  2199 2201 802816
2200  2200 2202 802816
2201  2201 2459 256
2202  2202 2209 8028160
2203  2203 2205 8028160
2204  2204 2206 8028160
2205  2205 2207 802816
2206  2206 2208 802816
2207  2207 2460 256
2208  2208 2210 8028160
2209  2209 2221 8028160
2210  2210 2212 8028160
2211  2211 2213 8028160
2212  2212 2214 802816
2213  2213 2215 802816
2214  2214 2216 256
2215  2215 2217 256
2216  2216 2219 256
2217  2217 2220 8028160
2218  2218 2220 8028160
2219  2219 2221 8028160
2220  2220 2283 8028160
2221  2221 2224 8028160
2222  2222 2272 8028160
2223  2223 2225 8028160
2224  2224 2226 8028160
2225  2225 2227 2560
2226  2226 2228 2560
2227  2227 2461 256
2228  2228 2230 8028160
2229  2229 2231 8028160
2230  2230 2232 8028160
2231  2231 2233 2560
2232  2232 2234 2560
2233  2233 2461 256
2234  2234 2236 8028160
2235  2235 2237 8028160
2236  2236 2238 8028160
2237  2237 2239 2560
2238  2238 2240 2560
2239  2239 2461 256
2240  2240 2242 8028160
2241  2241 2243 8028160
2242  2242 2244 8028160
2243  2243 2245 2560
2244  2244 2246 2560
2245  2245 2461 256
2246  2246 2248 8028160
2247  2247 2249 8028160
2248  2248 2250 8028160
2249  2249 2251 2560
2250  2250 2252 2560
2251  2251 2461 256
2252  2252 2254 8028160
2253  2253 2255 8028160
2254  2254 2256 8028160
2255  2255 2257 2560
2256  2256 2258 2560
2257  2257 2461 256
2258  2258 2260 8028160
2259  2259 2261 8028160
2260  2260 2262 8028160
2261  2261 2263 2560
2262  2262 2264 2560
2263  2263 2461 256
2264  2264 2266 8028160
2265  2265 2267 8028160
2266  2266 2268 8028160
2267  2267 2269 2560
2268  2268 2270 2560
2269  2269 2461 256
2270  2270 2272 8028160
2271  2271 2273 8028160
2272  2272 2274 8028160
2273  2273 2275 2560
2274  2274 2276 2560
2275  2275 2461 256
2276  2276 2278 32112640
2277  2277 2282 32112640
2278  2278 2280 32112640
2279  2279 2281 32112640
2280  2280 2282 32112640
2281  2281 2285 32112640
2282  2282 2284 8028160
2283  2283 2285 32112640
2284  2284 2286 32112640
2285  2285 2291 32112640
2286  2286 2288 32112640
2287  2287 2289 3211264
2288  2288 2290 3211264
2289  2289 2462 256
2290  2290 2297 32112640
2291  2291 2293 32112640
2292  2292 2294 32112640
2293  2293 2295 3211264
2294  2294 2296 3211264
2295  2295 2463 256
2296  2296 2298 32112640
2297  2297 2309 32112640
2298  2298 2300 32112640
2299  2299 2301 32112640
2300  2300 2302 3211264
2301  2301 2303 3211264
2302  2302 2304 256
2303  2303 2305 256
2304  2304 2307 256
2305  2305 2308 32112640
2306  2306 2308 32112640
2307  2307 2309 32112640
2308  2308 2319 32112640
2309  2309 2311 32112640
2310  2310 2464 8192
2311  2311 2313 16056320
2312  2312 2317 16056320
2313  2313 2315 16056320
2314  2314 2316 16056320
2315  2315 2317 16056320
2316  2316 2324 16056320
2317  2317 2320 8192
2318  2318 2320 32112640
2319  2319 2321 16056320
2320  2320 2322 16056320
2321  2321 2323 16056320
2322  2322 2324 16056320
2323  2323 2325 16056320
2324  2324 2330 16056320
2325  2325 2327 16056320
2326  2326 2328 1605632
2327  2327 2329 1605632
2328  2328 2465 128
2329  2329 2336 16056320
2330  2330 2332 16056320
2331  2331 2333 16056320
2332  2332 2334 1605632
2333  2333 2335 1605632
2334  2334 2466 128
2335  2335 2337 16056320
2336  2336 2348 16056320
2337  2337 2339 16056320
2338  2338 2340 16056320
2339  2339 2341 1605632
2340  2340 2342 1605632
2341  2341 2343 128
2342  2342 2344 128
2343  2343 2346 128
2344  2344 2434 16056320
2345  2345 2347 16056320
2346  2346 2348 16056320
2347  2347 2410 16056320
2348  2348 2351 16056320
2349  2349 2399 16056320
2350  2350 2352 16056320
2351  2351 2353 16056320
2352  2352 2354 1280
2353  2353 2355 1280
2354  2354 2467 128
2355  2355 2357 16056320
2356  2356 2358 16056320
2357  2357 2359 16056320
2358  2358 2360 1280
2359  2359 2361 1280
2360  2360 2467 128
2361  2361 2363 16056320
2362  2362 2364 16056320
2363  2363 2365 16056320
2364  2364 2366 1280
2365  2365 2367 1280
2366  2366 2467 128
2367  2367 2369 16056320
2368  2368 2370 16056320
2369  2369 2371 16056320
2370  2370 2372 1280
2371  2371 2373 1280
2372  2372 2467 128
2373  2373 2375 16056320
2374  2374 2376 16056320
2375  2375 2377 16056320
2376  2376 2378 1280
2377  2377 2379 1280
2378  2378 2467 128
2379  2379 2381 16056320
2380  2380 2382 16056320
2381  2381 2383 16056320
2382  2382 2384 1280
2383  2383 2385 1280
2384  2384 2467 128
2385  2385 2387 16056320
2386  2386 2388 16056320
2387  2387 2389 16056320
2388  2388 2390 1280
2389  2389 2391 1280
2390  2390 2467 128
2391  2391 2393 16056320
2392  2392 2394 16056320
2393  2393 2395 16056320
2394  2394 2396 1280
2395  2395 2397 1280
2396  2396 2467 128
2397  2397 2399 16056320
2398  2398 2400 16056320
2399  2399 2401 16056320
2400  2400 2402 1280
2401  2401 2403 1280
2402  2402 2467 128
2403  2403 2405 16056320
2404  2404 2409 16056320
2405  2405 2407 16056320
2406  2406 2408 16056320
2407  2407 2409 16056320
2408  2408 2412 16056320
2409  2409 2411 16056320
2410  2410 2412 16056320
2411  2411 2413 16056320
2412  2412 2418 16056320
2413  2413 2415 16056320
2414  2414 2416 1605632
2415  2415 2417 1605632
2416  2416 2468 128
2417  2417 2424 16056320
2418  2418 2420 16056320
2419  2419 2421 16056320
2420  2420 2422 1605632
2421  2421 2423 1605632
2422  2422 2469 128
2423  2423 2425 16056320
2424  2424 2435 16056320
2425  2425 2427 16056320
2426  2426 2428 16056320
2427  2427 2429 1605632
2428  2428 2430 1605632
2429  2429 2431 128
2430  2430 2432 128
2431  2431 2433 128
2432  2432 2434 16056320
2433  2433 2435 16056320
2434  2434 2436 16056320
2435  2435 2437 16056320
2436  2436 2470 3456
2437  2437 2519 1024
2438  2438 2519 1024
2439  2439 2519 262144
2440  2440 2519 1024
2441  2441 2519 1024
2442  2442 2519 9216
2443  2443 2519 1024
2444  2444 2519 1024
2445  2445 2519 131072
2446  2446 2519 512
2447  2447 2519 512
2448  2448 2519 4608
2449  2449 2519 512
2450  2450 2519 512
2451  2451 2519 65536
2452  2452 2519 512
2453  2453 2519 512
2454  2454 2519 4608
2455  2455 2519 512
2456  2456 2519 512
2457  2457 2519 32768
2458  2458 2519 256
2459  2459 2519 256
2460  2460 2519 2304
2461  2461 2519 256
2462  2462 2519 256
2463  2463 2519 8192
2464  2464 2519 128
2465  2465 2519 128
2466  2466 2519 1152
2467  2467 2519 128
2468  2468 2519 128
2469  2469 2519 3456
2470  2470 2519 4032
2471  2471 2519 4096
2472  2472 2519 4096
2473  2473 2519 4194304
2474  2474 2519 4096
2475  2475 2519 4096
2476  2476 2519 36864
2477  2477 2519 4096
2478  2478 2519 4096
2479  2479 2519 2097152
2480  2480 2519 2048
2481  2481 2519 2048
2482  2482 2519 18432
2483  2483 2519 2048
2484  2484 2519 2048
2485  2485 2519 1048576
2486  2486 2519 2048
2487  2487 2519 2048
2488  2488 2519 18432
2489  2489 2519 2048
2490  2490 2519 2048
2491  2491 2519 1048576
2492  2492 2519 2048
2493  2493 2519 2048
2494  2494 2519 18432
2495  2495 2519 2048
2496  2496 2519 2048
2497  2497 2519 1048576
2498  2498 2519 2048
2499  2499 2519 2048
2500  2500 2519 18432
2501  2501 2519 2048
2502  2502 2519 2048
2503  2503 2519 1048576
2504  2504 2519 2048
2505  2505 2519 2048
2506  2506 2519 18432
2507  2507 2519 2048
2508  2508 2519 2048
2509  2509 2519 1048576
2510  2510 2519 2048
2511  2511 2519 2048
2512  2512 2519 18432
2513  2513 2519 2048
2514  2514 2519 2048
2515  2515 2519 524288
2516  2516 2519 1024
2517  2517 2519 1024
2518  2518 2519 9216
