17:0  17 18 1806336
19:0  19 20 3456
19:1  19 20 4214784
19:2  19 20 4816896
19:3  19 20 2624
45:0  45 46 1152
45:1  45 46 128
46:0  46 47 4816896
71:0  71 72 4816896
73:0  73 74 8192
73:1  73 74 4816896
73:2  73 74 9633792
73:3  73 74 3072
99:0  99 100 2304
99:1  99 100 256
100:0  100 101 2408448
125:0  125 126 2408448
127:0  127 128 32768
127:1  127 128 2408448
127:2  127 128 4816896
127:3  127 128 6144
153:0  153 154 4608
153:1  153 154 512
154:0  154 155 4816896
179:0  179 180 4816896
181:0  181 182 65536
181:1  181 182 4816896
181:2  181 182 4816896
181:3  181 182 12288
207:0  207 208 4608
207:1  207 208 512
208:0  208 209 1204224
233:0  233 234 1204224
235:0  235 236 131072
235:1  235 236 1204224
235:2  235 236 2408448
235:3  235 236 12288
261:0  261 262 9216
261:1  261 262 1024
262:0  262 263 2408448
287:0  287 288 2408448
289:0  289 290 262144
289:1  289 290 2408448
289:2  289 290 2408448
289:3  289 290 602112
289:4  289 290 65536
289:11  289 290 12288
315:0  315 316 9216
315:1  315 316 1024
316:0  316 317 602112
341:0  341 342 602112
343:0  343 344 524288
343:1  343 344 602112
343:2  343 344 1204224
343:3  343 344 294912
343:4  343 344 131072
343:11  343 344 12288
343:12  343 344 24576
369:0  369 370 18432
369:1  369 370 2048
370:0  370 371 1204224
395:0  395 396 1204224
397:0  397 398 1048576
397:1  397 398 1204224
397:2  397 398 1204224
397:3  397 398 294912
397:4  397 398 262144
397:59  397 398 73728
397:60  397 398 65536
397:67  397 398 12288
397:68  397 398 49152
423:0  423 424 18432
423:1  423 424 2048
424:0  424 425 1204224
449:0  449 450 1204224
451:0  451 452 1048576
451:1  451 452 1204224
451:2  451 452 1204224
451:3  451 452 294912
451:4  451 452 262144
451:59  451 452 73728
451:60  451 452 65536
451:67  451 452 12288
451:68  451 452 49152
477:0  477 478 18432
477:1  477 478 2048
478:0  478 479 1204224
503:0  503 504 1204224
505:0  505 506 1048576
505:1  505 506 1204224
505:2  505 506 1204224
505:3  505 506 294912
505:4  505 506 262144
505:59  505 506 73728
505:60  505 506 65536
505:67  505 506 12288
505:68  505 506 49152
531:0  531 532 18432
531:1  531 532 2048
532:0  532 533 1204224
557:0  557 558 1204224
559:0  559 560 1048576
559:1  559 560 1204224
559:2  559 560 1204224
559:3  559 560 294912
559:4  559 560 262144
559:59  559 560 73728
559:60  559 560 65536
559:67  559 560 12288
559:68  559 560 49152
585:0  585 586 18432
585:1  585 586 2048
586:0  586 587 1204224
611:0  611 612 1204224
613:0  613 614 1048576
613:1  613 614 1204224
613:2  613 614 1204224
613:3  613 614 294912
613:4  613 614 262144
613:59  613 614 73728
613:60  613 614 65536
613:67  613 614 12288
613:68  613 614 49152
639:0  639 640 18432
639:1  639 640 2048
640:0  640 641 301056
665:0  665 666 301056
667:0  667 668 2097152
667:1  667 668 301056
667:2  667 668 602112
667:3  667 668 147456
667:4  667 668 524288
667:11  667 668 24576
667:12  667 668 49152
693:0  693 694 36864
693:1  693 694 4096
694:0  694 695 602112
719:0  719 720 602112
721:0  721 722 4194304
721:1  721 722 602112
721:2  721 722 602112
721:3  721 722 147456
721:4  721 722 1048576
721:11  721 722 49152
721:12  721 722 98304
750:0  750 751 4112384
750:1  750 751 12288
750:2  750 751 12096
750:3  750 751 98304
764:0  764 765 12288
764:1  764 765 16064
764:2  764 765 4100096
764:3  764 765 320
771:0  771 772 4100096
771:1  771 772 12096
771:2  771 772 12288
771:3  771 772 96128
778:0  778 779 602112
802:0  802 803 602112
802:1  802 803 606208
802:2  802 803 4194304
802:3  802 803 14144
811:0  811 812 606208
811:1  811 812 4194304
811:2  811 812 606208
811:3  811 812 1032192
811:4  811 812 147456
811:11  811 812 49152
811:13  811 812 98304
814:0  814 815 602112
817:0  817 818 602112
839:0  839 840 602112
846:0  846 847 602112
852:0  852 853 602112
858:0  858 859 602112
870:0  870 871 602112
876:0  876 877 602112
882:0  882 883 602112
888:0  888 889 602112
901:0  901 902 36864
901:1  901 902 4096
904:0  904 905 602112
927:0  927 928 602112
927:1  927 928 303104
927:2  927 928 2097152
927:3  927 928 14144
936:0  936 937 606208
936:1  936 937 2097152
936:2  936 937 303104
936:3  936 937 516096
936:4  936 937 147456
936:11  936 937 49152
936:13  936 937 98304
939:0  939 940 301056
942:0  942 943 301056
965:0  965 966 1204224
972:0  972 973 1204224
978:0  978 979 1204224
984:0  984 985 1204224
990:0  990 991 1204224
996:0  996 997 1204224
1002:0  1002 1003 1204224
1008:0  1008 1009 1204224
1014:0  1014 1015 1204224
1027:0  1027 1028 18432
1027:1  1027 1028 2048
1030:0  1030 1031 1204224
1054:0  1054 1055 1204224
1054:1  1054 1055 1204224
1054:2  1054 1055 1048576
1054:3  1054 1055 56448
1063:0  1063 1064 1204224
1063:1  1063 1064 1048576
1063:2  1063 1064 1204224
1063:3  1063 1064 294336
1063:4  1063 1064 299008
1063:71  1063 1064 69120
1063:72  1063 1064 73728
1063:79  1063 1064 12288
1063:81  1063 1064 24576
1063:83  1063 1064 49152
1066:0  1066 1067 1204224
1069:0  1069 1070 1204224
1091:0  1091 1092 1204224
1098:0  1098 1099 1204224
1104:0  1104 1105 1204224
1110:0  1110 1111 1204224
1122:0  1122 1123 1204224
1128:0  1128 1129 1204224
1134:0  1134 1135 1204224
1140:0  1140 1141 1204224
1153:0  1153 1154 18432
1153:1  1153 1154 2048
1156:0  1156 1157 1204224
1179:0  1179 1180 1204224
1179:1  1179 1180 1204224
1179:2  1179 1180 1048576
1179:3  1179 1180 56448
1188:0  1188 1189 1204224
1188:1  1188 1189 1048576
1188:2  1188 1189 1204224
1188:3  1188 1189 294336
1188:4  1188 1189 299008
1188:71  1188 1189 69120
1188:72  1188 1189 73728
1188:79  1188 1189 12288
1188:81  1188 1189 24576
1188:83  1188 1189 49152
1191:0  1191 1192 1204224
1194:0  1194 1195 1204224
1216:0  1216 1217 1204224
1223:0  1223 1224 1204224
1229:0  1229 1230 1204224
1235:0  1235 1236 1204224
1247:0  1247 1248 1204224
1253:0  1253 1254 1204224
1259:0  1259 1260 1204224
1265:0  1265 1266 1204224
1278:0  1278 1279 18432
1278:1  1278 1279 2048
1281:0  1281 1282 1204224
1304:0  1304 1305 1204224
1304:1  1304 1305 1204224
1304:2  1304 1305 1048576
1304:3  1304 1305 56448
1313:0  1313 1314 1204224
1313:1  1313 1314 1048576
1313:2  1313 1314 1204224
1313:3  1313 1314 294336
1313:4  1313 1314 299008
1313:71  1313 1314 69120
1313:72  1313 1314 73728
1313:79  1313 1314 12288
1313:81  1313 1314 24576
1313:83  1313 1314 49152
1316:0  1316 1317 1204224
1319:0  1319 1320 1204224
1341:0  1341 1342 1204224
1348:0  1348 1349 1204224
1354:0  1354 1355 1204224
1360:0  1360 1361 1204224
1372:0  1372 1373 1204224
1378:0  1378 1379 1204224
1384:0  1384 1385 1204224
1390:0  1390 1391 1204224
1403:0  1403 1404 18432
1403:1  1403 1404 2048
1406:0  1406 1407 1204224
1429:0  1429 1430 1204224
1429:1  1429 1430 1204224
1429:2  1429 1430 1048576
1429:3  1429 1430 56448
1438:0  1438 1439 1204224
1438:1  1438 1439 1048576
1438:2  1438 1439 1204224
1438:3  1438 1439 294336
1438:4  1438 1439 299008
1438:71  1438 1439 69120
1438:72  1438 1439 73728
1438:79  1438 1439 12288
1438:81  1438 1439 24576
1438:83  1438 1439 49152
1441:0  1441 1442 1204224
1444:0  1444 1445 1204224
1466:0  1466 1467 1204224
1473:0  1473 1474 1204224
1479:0  1479 1480 1204224
1485:0  1485 1486 1204224
1497:0  1497 1498 1204224
1503:0  1503 1504 1204224
1509:0  1509 1510 1204224
1515:0  1515 1516 1204224
1528:0  1528 1529 18432
1528:1  1528 1529 2048
1531:0  1531 1532 1204224
1554:0  1554 1555 1204224
1554:1  1554 1555 1204224
1554:2  1554 1555 1048576
1554:3  1554 1555 56448
1563:0  1563 1564 1204224
1563:1  1563 1564 1048576
1563:2  1563 1564 1204224
1563:3  1563 1564 294336
1563:4  1563 1564 299008
1563:71  1563 1564 69120
1563:72  1563 1564 73728
1563:79  1563 1564 12288
1563:81  1563 1564 24576
1563:83  1563 1564 49152
1566:0  1566 1567 1204224
1569:0  1569 1570 1204224
1591:0  1591 1592 1204224
1598:0  1598 1599 1204224
1604:0  1604 1605 1204224
1610:0  1610 1611 1204224
1622:0  1622 1623 1204224
1628:0  1628 1629 1204224
1634:0  1634 1635 1204224
1640:0  1640 1641 1204224
1653:0  1653 1654 18432
1653:1  1653 1654 2048
1656:0  1656 1657 1204224
1679:0  1679 1680 1204224
1679:1  1679 1680 602112
1679:2  1679 1680 524288
1679:3  1679 1680 56448
1688:0  1688 1689 1204224
1688:1  1688 1689 524288
1688:2  1688 1689 602112
1688:3  1688 1689 140160
1688:4  1688 1689 299008
1688:11  1688 1689 24576
1688:13  1688 1689 49152
1691:0  1691 1692 602112
1694:0  1694 1695 602112
1717:0  1717 1718 2408448
1724:0  1724 1725 2408448
1730:0  1730 1731 2408448
1736:0  1736 1737 2408448
1742:0  1742 1743 2408448
1748:0  1748 1749 2408448
1754:0  1754 1755 2408448
1760:0  1760 1761 2408448
1766:0  1766 1767 2408448
1779:0  1779 1780 9216
1779:1  1779 1780 1024
1782:0  1782 1783 2408448
1806:0  1806 1807 2408448
1806:1  1806 1807 2408448
1806:2  1806 1807 262144
1806:3  1806 1807 564480
1806:4  1806 1807 602112
1806:11  1806 1807 112896
1806:12  1806 1807 225792
1815:0  1815 1816 2408448
1815:1  1815 1816 262144
1815:2  1815 1816 2408448
1815:3  1815 1816 564480
1815:4  1815 1816 602112
1815:11  1815 1816 12288
1815:12  1815 1816 24576
1818:0  1818 1819 2408448
1821:0  1821 1822 2408448
1843:0  1843 1844 2408448
1850:0  1850 1851 2408448
1856:0  1856 1857 2408448
1862:0  1862 1863 2408448
1874:0  1874 1875 2408448
1880:0  1880 1881 2408448
1886:0  1886 1887 2408448
1892:0  1892 1893 2408448
1905:0  1905 1906 9216
1905:1  1905 1906 1024
1908:0  1908 1909 2408448
1931:0  1931 1932 2408448
1931:1  1931 1932 1204224
1931:2  1931 1932 131072
1931:3  1931 1932 282240
1931:4  1931 1932 602112
1931:11  1931 1932 112896
1931:12  1931 1932 225792
1940:0  1940 1941 2408448
1940:1  1940 1941 131072
1940:2  1940 1941 1204224
1940:3  1940 1941 24576
1943:0  1943 1944 1204224
1946:0  1946 1947 1204224
1969:0  1969 1970 4816896
1976:0  1976 1977 4816896
1982:0  1982 1983 4816896
1988:0  1988 1989 4816896
1994:0  1994 1995 4816896
2000:0  2000 2001 4816896
2006:0  2006 2007 4816896
2012:0  2012 2013 4816896
2018:0  2018 2019 4816896
2031:0  2031 2032 4608
2031:1  2031 2032 512
2034:0  2034 2035 4816896
2058:0  2058 2059 4816896
2058:1  2058 2059 4816896
2058:2  2058 2059 65536
2058:3  2058 2059 1128960
2058:4  2058 2059 1204224
2058:11  2058 2059 451584
2058:12  2058 2059 903168
2067:0  2067 2068 4816896
2067:1  2067 2068 65536
2067:2  2067 2068 4816896
2067:3  2067 2068 12288
2070:0  2070 2071 4816896
2073:0  2073 2074 4816896
2095:0  2095 2096 4816896
2102:0  2102 2103 4816896
2108:0  2108 2109 4816896
2114:0  2114 2115 4816896
2126:0  2126 2127 4816896
2132:0  2132 2133 4816896
2138:0  2138 2139 4816896
2144:0  2144 2145 4816896
2157:0  2157 2158 4608
2157:1  2157 2158 512
2160:0  2160 2161 4816896
2183:0  2183 2184 4816896
2183:1  2183 2184 2408448
2183:2  2183 2184 32768
2183:3  2183 2184 903168
2192:0  2192 2193 4816896
2192:1  2192 2193 32768
2192:2  2192 2193 2408448
2192:3  2192 2193 12288
2195:0  2195 2196 2408448
2198:0  2198 2199 2408448
2221:0  2221 2222 9633792
2228:0  2228 2229 9633792
2234:0  2234 2235 9633792
2240:0  2240 2241 9633792
2246:0  2246 2247 9633792
2252:0  2252 2253 9633792
2258:0  2258 2259 9633792
2264:0  2264 2265 9633792
2270:0  2270 2271 9633792
2283:0  2283 2284 2304
2283:1  2283 2284 256
2286:0  2286 2287 9633792
2310:0  2310 2311 9633792
2310:1  2310 2311 4816896
2310:2  2310 2311 8192
2310:3  2310 2311 3612672
2319:0  2319 2320 9633792
2319:1  2319 2320 8192
2319:2  2319 2320 4816896
2319:3  2319 2320 6144
2322:0  2322 2323 4816896
2325:0  2325 2326 4816896
2348:0  2348 2349 4816896
2355:0  2355 2356 4816896
2361:0  2361 2362 4816896
2367:0  2367 2368 4816896
2379:0  2379 2380 4816896
2385:0  2385 2386 4816896
2391:0  2391 2392 4816896
2397:0  2397 2398 4816896
2410:0  2410 2411 1152
2410:1  2410 2411 128
2413:0  2413 2414 4816896
2436:0  2436 2437 4816896
2436:1  2436 2437 4064256
2436:2  2436 2437 3456
2436:3  2436 2437 3612672
0  0 2 64
1  1 4 64
2  2 5 64
3  3 5 64
4  4 7 64
5  5 9 12032
6  6 8 64
7  7 9 12032
8  8 15 12032
9  9 11 64
10  10 12 64
11  11 13 64
12  12 14 64
13  13 15 12032
14  14 755 12032
15  15 17 1806336
16  16 18 2408448
17  17 2437 4064256
18  18 20 3456
19  19 25 4816896
20  20 22 4816896
21  21 23 1605632
22  22 24 1605632
23  23 26 128
24  24 28 4816896
25  25 27 128
26  26 28 4816896
27  27 39 4816896
28  28 30 4816896
29  29 31 4816896
30  30 32 1605632
31  31 33 1605632
32  32 34 128
33  33 35 128
34  34 36 128
35  35 37 128
36  36 38 128
37  37 2425 4816896
38  38 2419 4816896
39  39 2424 4816896
40  40 43 4816896
41  41 43 4816896
42  42 44 4816896
43  43 2406 4816896
44  44 2398 4816896
45  45 51 4816896
46  46 48 4816896
47  47 49 1605632
48  48 50 1605632
49  49 52 128
50  50 54 4816896
51  51 53 128
52  52 54 4816896
53  53 65 4816896
54  54 56 4816896
55  55 57 4816896
56  56 58 1605632
57  57 59 1605632
58  58 60 128
59  59 61 128
60  60 62 128
61  61 63 128
62  62 64 128
63  63 2337 4816896
64  64 2331 4816896
65  65 2336 4816896
66  66 69 4816896
67  67 69 4816896
68  68 70 4816896
69  69 2314 4816896
70  70 72 4816896
71  71 2311 4816896
72  72 74 8192
73  73 79 9633792
74  74 76 9633792
75  75 77 3211264
76  76 78 3211264
77  77 80 256
78  78 82 9633792
79  79 81 256
80  80 82 9633792
81  81 93 9633792
82  82 84 9633792
83  83 85 9633792
84  84 86 3211264
85  85 87 3211264
86  86 88 256
87  87 89 256
88  88 90 256
89  89 91 256
90  90 92 256
91  91 2298 9633792
92  92 2292 9633792
93  93 2297 9633792
94  94 97 9633792
95  95 97 9633792
96  96 98 9633792
97  97 2279 9633792
98  98 2271 9633792
99  99 105 2408448
100  100 102 2408448
101  101 103 802816
102  102 104 802816
103  103 106 256
104  104 108 2408448
105  105 107 256
106  106 108 2408448
107  107 119 2408448
108  108 110 2408448
109  109 111 2408448
110  110 112 802816
111  111 113 802816
112  112 114 256
113  113 115 256
114  114 116 256
115  115 117 256
116  116 118 256
117  117 2210 2408448
118  118 2204 2408448
119  119 2209 2408448
120  120 123 2408448
121  121 123 2408448
122  122 124 2408448
123  123 2187 2408448
124  124 126 2408448
125  125 2184 2408448
126  126 128 32768
127  127 133 4816896
128  128 130 4816896
129  129 131 1605632
130  130 132 1605632
131  131 134 512
132  132 136 4816896
133  133 135 512
134  134 136 4816896
135  135 147 4816896
136  136 138 4816896
137  137 139 4816896
138  138 140 1605632
139  139 141 1605632
140  140 142 512
141  141 143 512
142  142 144 512
143  143 145 512
144  144 146 512
145  145 2172 4816896
146  146 2166 4816896
147  147 2171 4816896
148  148 151 4816896
149  149 151 4816896
150  150 152 4816896
151  151 2153 4816896
152  152 2145 4816896
153  153 159 4816896
154  154 156 4816896
155  155 157 1605632
156  156 158 1605632
157  157 160 512
158  158 162 4816896
159  159 161 512
160  160 162 4816896
161  161 173 4816896
162  162 164 4816896
163  163 165 4816896
164  164 166 1605632
165  165 167 1605632
166  166 168 512
167  167 169 512
168  168 170 512
169  169 171 512
170  170 172 512
171  171 2085 4816896
172  172 2079 4816896
173  173 2084 4816896
174  174 177 4816896
175  175 177 4816896
176  176 178 4816896
177  177 2062 4816896
178  178 180 4816896
179  179 2059 4816896
180  180 182 65536
181  181 187 4816896
182  182 184 4816896
183  183 185 1605632
184  184 186 1605632
185  185 188 512
186  186 190 4816896
187  187 189 512
188  188 190 4816896
189  189 201 4816896
190  190 192 4816896
191  191 193 4816896
192  192 194 1605632
193  193 195 1605632
194  194 196 512
195  195 197 512
196  196 198 512
197  197 199 512
198  198 200 512
199  199 2046 4816896
200  200 2040 4816896
201  201 2045 4816896
202  202 205 4816896
203  203 205 4816896
204  204 206 4816896
205  205 2027 4816896
206  206 2019 4816896
207  207 213 1204224
208  208 210 1204224
209  209 211 401408
210  210 212 401408
211  211 214 512
212  212 216 1204224
213  213 215 512
214  214 216 1204224
215  215 227 1204224
216  216 218 1204224
217  217 219 1204224
218  218 220 401408
219  219 221 401408
220  220 222 512
221  221 223 512
222  222 224 512
223  223 225 512
224  224 226 512
225  225 1958 1204224
226  226 1952 1204224
227  227 1957 1204224
228  228 231 1204224
229  229 231 1204224
230  230 232 1204224
231  231 1935 1204224
232  232 234 1204224
233  233 1932 1204224
234  234 236 131072
235  235 241 2408448
236  236 238 2408448
237  237 239 802816
238  238 240 802816
239  239 242 1024
240  240 244 2408448
241  241 243 1024
242  242 244 2408448
243  243 255 2408448
244  244 246 2408448
245  245 247 2408448
246  246 248 802816
247  247 249 802816
248  248 250 1024
249  249 251 1024
250  250 252 1024
251  251 253 1024
252  252 254 1024
253  253 1920 2408448
254  254 1914 2408448
255  255 1919 2408448
256  256 259 2408448
257  257 259 2408448
258  258 260 2408448
259  259 1901 2408448
260  260 1893 2408448
261  261 267 2408448
262  262 264 2408448
263  263 265 802816
264  264 266 802816
265  265 268 1024
266  266 270 2408448
267  267 269 1024
268  268 270 2408448
269  269 281 2408448
270  270 272 2408448
271  271 273 2408448
272  272 274 802816
273  273 275 802816
274  274 276 1024
275  275 277 1024
276  276 278 1024
277  277 279 1024
278  278 280 1024
279  279 1833 2408448
280  280 1827 2408448
281  281 1832 2408448
282  282 285 2408448
283  283 285 2408448
284  284 286 2408448
285  285 1810 2408448
286  286 288 2408448
287  287 1807 2408448
288  288 290 262144
289  289 295 2408448
290  290 292 2408448
291  291 293 802816
292  292 294 802816
293  293 296 1024
294  294 298 2408448
295  295 297 1024
296  296 298 2408448
297  297 309 2408448
298  298 300 2408448
299  299 301 2408448
300  300 302 802816
301  301 303 802816
302  302 304 1024
303  303 305 1024
304  304 306 1024
305  305 307 1024
306  306 308 1024
307  307 1794 2408448
308  308 1788 2408448
309  309 1793 2408448
310  310 313 2408448
311  311 313 2408448
312  312 314 2408448
313  313 1775 2408448
314  314 1767 2408448
315  315 321 602112
316  316 318 602112
317  317 319 200704
318  318 320 200704
319  319 322 1024
320  320 324 602112
321  321 323 1024
322  322 324 602112
323  323 335 602112
324  324 326 602112
325  325 327 602112
326  326 328 200704
327  327 329 200704
328  328 330 1024
329  329 331 1024
330  330 332 1024
331  331 333 1024
332  332 334 1024
333  333 1706 602112
334  334 1700 602112
335  335 1705 602112
336  336 339 602112
337  337 339 602112
338  338 340 602112
339  339 1683 602112
340  340 342 602112
341  341 1680 602112
342  342 344 524288
343  343 349 1204224
344  344 346 1204224
345  345 347 401408
346  346 348 401408
347  347 350 2048
348  348 352 1204224
349  349 351 2048
350  350 352 1204224
351  351 363 1204224
352  352 354 1204224
353  353 355 1204224
354  354 356 401408
355  355 357 401408
356  356 358 2048
357  357 359 2048
358  358 360 2048
359  359 361 2048
360  360 362 2048
361  361 1668 1204224
362  362 1662 1204224
363  363 1667 1204224
364  364 367 1204224
365  365 367 1204224
366  366 368 1204224
367  367 1649 1204224
368  368 1641 1204224
369  369 375 1204224
370  370 372 1204224
371  371 373 401408
372  372 374 401408
373  373 376 2048
374  374 378 1204224
375  375 377 2048
376  376 378 1204224
377  377 389 1204224
378  378 380 1204224
379  379 381 1204224
380  380 382 401408
381  381 383 401408
382  382 384 2048
383  383 385 2048
384  384 386 2048
385  385 387 2048
386  386 388 2048
387  387 1581 1204224
388  388 1575 1204224
389  389 1580 1204224
390  390 393 1204224
391  391 393 1204224
392  392 394 1204224
393  393 1558 1204224
394  394 396 1204224
395  395 1555 1204224
396  396 398 1048576
397  397 403 1204224
398  398 400 1204224
399  399 401 401408
400  400 402 401408
401  401 404 2048
402  402 406 1204224
403  403 405 2048
404  404 406 1204224
405  405 417 1204224
406  406 408 1204224
407  407 409 1204224
408  408 410 401408
409  409 411 401408
410  410 412 2048
411  411 413 2048
412  412 414 2048
413  413 415 2048
414  414 416 2048
415  415 1543 1204224
416  416 1537 1204224
417  417 1542 1204224
418  418 421 1204224
419  419 421 1204224
420  420 422 1204224
421  421 1524 1204224
422  422 1516 1204224
423  423 429 1204224
424  424 426 1204224
425  425 427 401408
426  426 428 401408
427  427 430 2048
428  428 432 1204224
429  429 431 2048
430  430 432 1204224
431  431 443 1204224
432  432 434 1204224
433  433 435 1204224
434  434 436 401408
435  435 437 401408
436  436 438 2048
437  437 439 2048
438  438 440 2048
439  439 441 2048
440  440 442 2048
441  441 1456 1204224
442  442 1450 1204224
443  443 1455 1204224
444  444 447 1204224
445  445 447 1204224
446  446 448 1204224
447  447 1433 1204224
448  448 450 1204224
449  449 1430 1204224
450  450 452 1048576
451  451 457 1204224
452  452 454 1204224
453  453 455 401408
454  454 456 401408
455  455 458 2048
456  456 460 1204224
457  457 459 2048
458  458 460 1204224
459  459 471 1204224
460  460 462 1204224
461  461 463 1204224
462  462 464 401408
463  463 465 401408
464  464 466 2048
465  465 467 2048
466  466 468 2048
467  467 469 2048
468  468 470 2048
469  469 1418 1204224
470  470 1412 1204224
471  471 1417 1204224
472  472 475 1204224
473  473 475 1204224
474  474 476 1204224
475  475 1399 1204224
476  476 1391 1204224
477  477 483 1204224
478  478 480 1204224
479  479 481 401408
480  480 482 401408
481  481 484 2048
482  482 486 1204224
483  483 485 2048
484  484 486 1204224
485  485 497 1204224
486  486 488 1204224
487  487 489 1204224
488  488 490 401408
489  489 491 401408
490  490 492 2048
491  491 493 2048
492  492 494 2048
493  493 495 2048
494  494 496 2048
495  495 1331 1204224
496  496 1325 1204224
497  497 1330 1204224
498  498 501 1204224
499  499 501 1204224
500  500 502 1204224
501  501 1308 1204224
502  502 504 1204224
503  503 1305 1204224
504  504 506 1048576
505  505 511 1204224
506  506 508 1204224
507  507 509 401408
508  508 510 401408
509  509 512 2048
510  510 514 1204224
511  511 513 2048
512  512 514 1204224
513  513 525 1204224
514  514 516 1204224
515  515 517 1204224
516  516 518 401408
517  517 519 401408
518  518 520 2048
519  519 521 2048
520  520 522 2048
521  521 523 2048
522  522 524 2048
523  523 1293 1204224
524  524 1287 1204224
525  525 1292 1204224
526  526 529 1204224
527  527 529 1204224
528  528 530 1204224
529  529 1274 1204224
530  530 1266 1204224
531  531 537 1204224
532  532 534 1204224
533  533 535 401408
534  534 536 401408
535  535 538 2048
536  536 540 1204224
537  537 539 2048
538  538 540 1204224
539  539 551 1204224
540  540 542 1204224
541  541 543 1204224
542  542 544 401408
543  543 545 401408
544  544 546 2048
545  545 547 2048
546  546 548 2048
547  547 549 2048
548  548 550 2048
549  549 1206 1204224
550  550 1200 1204224
551  551 1205 1204224
552  552 555 1204224
553  553 555 1204224
554  554 556 1204224
555  555 1183 1204224
556  556 558 1204224
557  557 1180 1204224
558  558 560 1048576
559  559 565 1204224
560  560 562 1204224
561  561 563 401408
562  562 564 401408
563  563 566 2048
564  564 568 1204224
565  565 567 2048
566  566 568 1204224
567  567 579 1204224
568  568 570 1204224
569  569 571 1204224
570  570 572 401408
571  571 573 401408
572  572 574 2048
573  573 575 2048
574  574 576 2048
575  575 577 2048
576  576 578 2048
577  577 1168 1204224
578  578 1162 1204224
579  579 1167 1204224
580  580 583 1204224
581  581 583 1204224
582  582 584 1204224
583  583 1149 1204224
584  584 1141 1204224
585  585 591 1204224
586  586 588 1204224
587  587 589 401408
588  588 590 401408
589  589 592 2048
590  590 594 1204224
591  591 593 2048
592  592 594 1204224
593  593 605 1204224
594  594 596 1204224
595  595 597 1204224
596  596 598 401408
597  597 599 401408
598  598 600 2048
599  599 601 2048
600  600 602 2048
601  601 603 2048
602  602 604 2048
603  603 1081 1204224
604  604 1075 1204224
605  605 1080 1204224
606  606 609 1204224
607  607 609 1204224
608  608 610 1204224
609  609 1058 1204224
610  610 612 1204224
611  611 1055 1204224
612  612 614 1048576
613  613 619 1204224
614  614 616 1204224
615  615 617 401408
616  616 618 401408
617  617 620 2048
618  618 622 1204224
619  619 621 2048
620  620 622 1204224
621  621 633 1204224
622  622 624 1204224
623  623 625 1204224
624  624 626 401408
625  625 627 401408
626  626 628 2048
627  627 629 2048
628  628 630 2048
629  629 631 2048
630  630 632 2048
631  631 1042 1204224
632  632 1036 1204224
633  633 1041 1204224
634  634 637 1204224
635  635 637 1204224
636  636 638 1204224
637  637 1023 1204224
638  638 1015 1204224
639  639 645 301056
640  640 642 301056
641  641 643 100352
642  642 644 100352
643  643 646 2048
644  644 648 301056
645  645 647 2048
646  646 648 301056
647  647 659 301056
648  648 650 301056
649  649 651 301056
650  650 652 100352
651  651 653 100352
652  652 654 2048
653  653 655 2048
654  654 656 2048
655  655 657 2048
656  656 658 2048
657  657 954 301056
658  658 948 301056
659  659 953 301056
660  660 663 301056
661  661 663 301056
662  662 664 301056
663  663 931 301056
664  664 666 301056
665  665 928 301056
666  666 668 2097152
667  667 673 602112
668  668 670 602112
669  669 671 200704
670  670 672 200704
671  671 674 4096
672  672 676 602112
673  673 675 4096
674  674 676 602112
675  675 687 602112
676  676 678 602112
677  677 679 602112
678  678 680 200704
679  679 681 200704
680  680 682 4096
681  681 683 4096
682  682 684 4096
683  683 685 4096
684  684 686 4096
685  685 916 602112
686  686 910 602112
687  687 915 602112
688  688 691 602112
689  689 691 602112
690  690 692 602112
691  691 897 602112
692  692 889 602112
693  693 699 602112
694  694 696 602112
695  695 697 200704
696  696 698 200704
697  697 700 4096
698  698 702 602112
699  699 701 4096
700  700 702 602112
701  701 713 602112
702  702 704 602112
703  703 705 602112
704  704 706 200704
705  705 707 200704
706  706 708 4096
707  707 709 4096
708  708 710 4096
709  709 711 4096
710  710 712 4096
711  711 829 602112
712  712 823 602112
713  713 828 602112
714  714 717 602112
715  715 717 602112
716  716 718 602112
717  717 806 602112
718  718 720 602112
719  719 803 602112
720  720 722 4194304
721  721 727 602112
722  722 724 602112
723  723 725 200704
724  724 726 200704
725  725 728 4096
726  726 730 602112
727  727 729 4096
728  728 730 602112
729  729 741 602112
730  730 732 602112
731  731 733 602112
732  732 734 200704
733  733 735 200704
734  734 736 4096
735  735 737 4096
736  736 738 4096
737  737 739 4096
738  738 740 4096
739  739 790 602112
740  740 784 602112
741  741 789 602112
742  742 745 602112
743  743 745 602112
744  744 746 602112
745  745 768 602112
746  746 748 602112
747  747 749 12288
748  748 750 12288
749  749 765 12288
750  750 753 12032
751  751 753 12032
752  752 754 12032
753  753 762 12032
754  754 761 12032
755  755 757 12032
756  756 758 12032
757  757 759 64
758  758 760 64
759  759 761 12032
760  760 762 12032
761  761 772 12032
762  762 764 12032
763  763 2438 4032
764  764 2519 4100096
765  765 767 602112
766  766 771 602112
767  767 769 602112
768  768 770 602112
769  769 771 602112
770  770 777 602112
771  771 773 12288
772  772 774 12288
773  773 775 29503488
774  774 776 602112
775  775 777 602112
776  776 778 602112
777  777 783 602112
778  778 780 602112
779  779 781 200704
780  780 782 200704
781  781 2439 4096
782  782 789 602112
783  783 785 602112
784  784 786 602112
785  785 787 200704
786  786 788 200704
787  787 2440 4096
788  788 790 602112
789  789 801 602112
790  790 792 602112
791  791 793 602112
792  792 794 200704
793  793 795 200704
794  794 796 4096
795  795 797 4096
796  796 799 4096
797  797 925 602112
798  798 800 602112
799  799 801 602112
800  800 811 602112
801  801 803 602112
802  802 2441 4194304
803  803 805 602112
804  804 809 602112
805  805 807 602112
806  806 808 602112
807  807 809 602112
808  808 816 602112
809  809 812 4194304
810  810 812 602112
811  811 813 602112
812  812 814 602112
813  813 815 602112
814  814 816 602112
815  815 817 602112
816  816 822 602112
817  817 819 602112
818  818 820 200704
819  819 821 200704
820  820 2442 4096
821  821 828 602112
822  822 824 602112
823  823 825 602112
824  824 826 200704
825  825 827 200704
826  826 2443 4096
827  827 829 602112
828  828 839 602112
829  829 831 602112
830  830 832 602112
831  831 833 200704
832  832 834 200704
833  833 835 4096
834  834 836 4096
835  835 837 4096
836  836 838 602112
837  837 839 602112
838  838 901 602112
839  839 842 602112
840  840 890 602112
841  841 843 602112
842  842 844 602112
843  843 845 12288
844  844 846 12288
845  845 2444 4096
846  846 848 602112
847  847 849 602112
848  848 850 602112
849  849 851 12288
850  850 852 12288
851  851 2444 4096
852  852 854 602112
853  853 855 602112
854  854 856 602112
855  855 857 12288
856  856 858 12288
857  857 2444 4096
858  858 860 602112
859  859 861 602112
860  860 862 602112
861  861 863 12288
862  862 864 12288
863  863 2444 4096
864  864 866 602112
865  865 867 602112
866  866 868 602112
867  867 869 12288
868  868 870 12288
869  869 2444 4096
870  870 872 602112
871  871 873 602112
872  872 874 602112
873  873 875 12288
874  874 876 12288
875  875 2444 4096
876  876 878 602112
877  877 879 602112
878  878 880 602112
879  879 881 12288
880  880 882 12288
881  881 2444 4096
882  882 884 602112
883  883 885 602112
884  884 886 602112
885  885 887 12288
886  886 888 12288
887  887 2444 4096
888  888 890 602112
889  889 891 602112
890  890 892 602112
891  891 893 12288
892  892 894 12288
893  893 2444 4096
894  894 896 602112
895  895 900 602112
896  896 898 602112
897  897 899 602112
898  898 900 602112
899  899 903 602112
900  900 902 602112
901  901 903 602112
902  902 904 602112
903  903 909 602112
904  904 906 602112
905  905 907 200704
906  906 908 200704
907  907 2445 4096
908  908 915 602112
909  909 911 602112
910  910 912 602112
911  911 913 200704
912  912 914 200704
913  913 2446 4096
914  914 916 602112
915  915 926 602112
916  916 918 602112
917  917 919 602112
918  918 920 200704
919  919 921 200704
920  920 922 4096
921  921 923 4096
922  922 924 4096
923  923 925 602112
924  924 926 602112
925  925 936 602112
926  926 928 602112
927  927 2447 2097152
928  928 930 301056
929  929 934 301056
930  930 932 301056
931  931 933 301056
932  932 934 301056
933  933 941 301056
934  934 937 2097152
935  935 937 602112
936  936 938 301056
937  937 939 301056
938  938 940 301056
939  939 941 301056
940  940 942 301056
941  941 947 301056
942  942 944 301056
943  943 945 100352
944  944 946 100352
945  945 2448 2048
946  946 953 301056
947  947 949 301056
948  948 950 301056
949  949 951 100352
950  950 952 100352
951  951 2449 2048
952  952 954 301056
953  953 965 301056
954  954 956 301056
955  955 957 301056
956  956 958 100352
957  957 959 100352
958  958 960 2048
959  959 961 2048
960  960 963 2048
961  961 964 301056
962  962 964 301056
963  963 965 301056
964  964 1027 301056
965  965 968 301056
966  966 1016 301056
967  967 969 301056
968  968 970 301056
969  969 971 6144
970  970 972 6144
971  971 2450 2048
972  972 974 301056
973  973 975 301056
974  974 976 301056
975  975 977 6144
976  976 978 6144
977  977 2450 2048
978  978 980 301056
979  979 981 301056
980  980 982 301056
981  981 983 6144
982  982 984 6144
983  983 2450 2048
984  984 986 301056
985  985 987 301056
986  986 988 301056
987  987 989 6144
988  988 990 6144
989  989 2450 2048
990  990 992 301056
991  991 993 301056
992  992 994 301056
993  993 995 6144
994  994 996 6144
995  995 2450 2048
996  996 998 301056
997  997 999 301056
998  998 1000 301056
999  999 1001 6144
1000  1000 1002 6144
1001  1001 2450 2048
1002  1002 1004 301056
1003  1003 1005 301056
1004  1004 1006 301056
1005  1005 1007 6144
1006  1006 1008 6144
1007  1007 2450 2048
1008  1008 1010 301056
1009  1009 1011 301056
1010  1010 1012 301056
1011  1011 1013 6144
1012  1012 1014 6144
1013  1013 2450 2048
1014  1014 1016 301056
1015  1015 1017 301056
1016  1016 1018 301056
1017  1017 1019 6144
1018  1018 1020 6144
1019  1019 2450 2048
1020  1020 1022 1204224
1021  1021 1026 1204224
1022  1022 1024 1204224
1023  1023 1025 1204224
1024  1024 1026 1204224
1025  1025 1029 1204224
1026  1026 1028 301056
1027  1027 1029 1204224
1028  1028 1030 1204224
1029  1029 1035 1204224
1030  1030 1032 1204224
1031  1031 1033 401408
1032  1032 1034 401408
1033  1033 2451 2048
1034  1034 1041 1204224
1035  1035 1037 1204224
1036  1036 1038 1204224
1037  1037 1039 401408
1038  1038 1040 401408
1039  1039 2452 2048
1040  1040 1042 1204224
1041  1041 1053 1204224
1042  1042 1044 1204224
1043  1043 1045 1204224
1044  1044 1046 401408
1045  1045 1047 401408
1046  1046 1048 2048
1047  1047 1049 2048
1048  1048 1051 2048
1049  1049 1677 1204224
1050  1050 1052 1204224
1051  1051 1053 1204224
1052  1052 1063 1204224
1053  1053 1055 1204224
1054  1054 2453 1048576
1055  1055 1057 1204224
1056  1056 1061 1204224
1057  1057 1059 1204224
1058  1058 1060 1204224
1059  1059 1061 1204224
1060  1060 1068 1204224
1061  1061 1064 1048576
1062  1062 1064 1204224
1063  1063 1065 1204224
1064  1064 1066 1204224
1065  1065 1067 1204224
1066  1066 1068 1204224
1067  1067 1069 1204224
1068  1068 1074 1204224
1069  1069 1071 1204224
1070  1070 1072 401408
1071  1071 1073 401408
1072  1072 2454 2048
1073  1073 1080 1204224
1074  1074 1076 1204224
1075  1075 1077 1204224
1076  1076 1078 401408
1077  1077 1079 401408
1078  1078 2455 2048
1079  1079 1081 1204224
1080  1080 1091 1204224
1081  1081 1083 1204224
1082  1082 1084 1204224
1083  1083 1085 401408
1084  1084 1086 401408
1085  1085 1087 2048
1086  1086 1088 2048
1087  1087 1089 2048
1088  1088 1090 1204224
1089  1089 1091 1204224
1090  1090 1153 1204224
1091  1091 1094 1204224
1092  1092 1142 1204224
1093  1093 1095 1204224
1094  1094 1096 1204224
1095  1095 1097 6144
1096  1096 1098 6144
1097  1097 2456 2048
1098  1098 1100 1204224
1099  1099 1101 1204224
1100  1100 1102 1204224
1101  1101 1103 6144
1102  1102 1104 6144
1103  1103 2456 2048
1104  1104 1106 1204224
1105  1105 1107 1204224
1106  1106 1108 1204224
1107  1107 1109 6144
1108  1108 1110 6144
1109  1109 2456 2048
1110  1110 1112 1204224
1111  1111 1113 1204224
1112  1112 1114 1204224
1113  1113 1115 6144
1114  1114 1116 6144
1115  1115 2456 2048
1116  1116 1118 1204224
1117  1117 1119 1204224
1118  1118 1120 1204224
1119  1119 1121 6144
1120  1120 1122 6144
1121  1121 2456 2048
1122  1122 1124 1204224
1123  1123 1125 1204224
1124  1124 1126 1204224
1125  1125 1127 6144
1126  1126 1128 6144
1127  1127 2456 2048
1128  1128 1130 1204224
1129  1129 1131 1204224
1130  1130 1132 1204224
1131  1131 1133 6144
1132  1132 1134 6144
1133  1133 2456 2048
1134  1134 1136 1204224
1135  1135 1137 1204224
1136  1136 1138 1204224
1137  1137 1139 6144
1138  1138 1140 6144
1139  1139 2456 2048
1140  1140 1142 1204224
1141  1141 1143 1204224
1142  1142 1144 1204224
1143  1143 1145 6144
1144  1144 1146 6144
1145  1145 2456 2048
1146  1146 1148 1204224
1147  1147 1152 1204224
1148  1148 1150 1204224
1149  1149 1151 1204224
1150  1150 1152 1204224
1151  1151 1155 1204224
1152  1152 1154 1204224
1153  1153 1155 1204224
1154  1154 1156 1204224
1155  1155 1161 1204224
1156  1156 1158 1204224
1157  1157 1159 401408
1158  1158 1160 401408
1159  1159 2457 2048
1160  1160 1167 1204224
1161  1161 1163 1204224
1162  1162 1164 1204224
1163  1163 1165 401408
1164  1164 1166 401408
1165  1165 2458 2048
1166  1166 1168 1204224
1167  1167 1178 1204224
1168  1168 1170 1204224
1169  1169 1171 1204224
1170  1170 1172 401408
1171  1171 1173 401408
1172  1172 1174 2048
1173  1173 1175 2048
1174  1174 1176 2048
1175  1175 1177 1204224
1176  1176 1178 1204224
1177  1177 1188 1204224
1178  1178 1180 1204224
1179  1179 2459 1048576
1180  1180 1182 1204224
1181  1181 1186 1204224
1182  1182 1184 1204224
1183  1183 1185 1204224
1184  1184 1186 1204224
1185  1185 1193 1204224
1186  1186 1189 1048576
1187  1187 1189 1204224
1188  1188 1190 1204224
1189  1189 1191 1204224
1190  1190 1192 1204224
1191  1191 1193 1204224
1192  1192 1194 1204224
1193  1193 1199 1204224
1194  1194 1196 1204224
1195  1195 1197 401408
1196  1196 1198 401408
1197  1197 2460 2048
1198  1198 1205 1204224
1199  1199 1201 1204224
1200  1200 1202 1204224
1201  1201 1203 401408
1202  1202 1204 401408
1203  1203 2461 2048
1204  1204 1206 1204224
1205  1205 1216 1204224
1206  1206 1208 1204224
1207  1207 1209 1204224
1208  1208 1210 401408
1209  1209 1211 401408
1210  1210 1212 2048
1211  1211 1213 2048
1212  1212 1214 2048
1213  1213 1215 1204224
1214  1214 1216 1204224
1215  1215 1278 1204224
1216  1216 1219 1204224
1217  1217 1267 1204224
1218  1218 1220 1204224
1219  1219 1221 1204224
1220  1220 1222 6144
1221  1221 1223 6144
1222  1222 2462 2048
1223  1223 1225 1204224
1224  1224 1226 1204224
1225  1225 1227 1204224
1226  1226 1228 6144
1227  1227 1229 6144
1228  1228 2462 2048
1229  1229 1231 1204224
1230  1230 1232 1204224
1231  1231 1233 1204224
1232  1232 1234 6144
1233  1233 1235 6144
1234  1234 2462 2048
1235  1235 1237 1204224
1236  1236 1238 1204224
1237  1237 1239 1204224
1238  1238 1240 6144
1239  1239 1241 6144
1240  1240 2462 2048
1241  1241 1243 1204224
1242  1242 1244 1204224
1243  1243 1245 1204224
1244  1244 1246 6144
1245  1245 1247 6144
1246  1246 2462 2048
1247  1247 1249 1204224
1248  1248 1250 1204224
1249  1249 1251 1204224
1250  1250 1252 6144
1251  1251 1253 6144
1252  1252 2462 2048
1253  1253 1255 1204224
1254  1254 1256 1204224
1255  1255 1257 1204224
1256  1256 1258 6144
1257  1257 1259 6144
1258  1258 2462 2048
1259  1259 1261 1204224
1260  1260 1262 1204224
1261  1261 1263 1204224
1262  1262 1264 6144
1263  1263 1265 6144
1264  1264 2462 2048
1265  1265 1267 1204224
1266  1266 1268 1204224
1267  1267 1269 1204224
1268  1268 1270 6144
1269  1269 1271 6144
1270  1270 2462 2048
1271  1271 1273 1204224
1272  1272 1277 1204224
1273  1273 1275 1204224
1274  1274 1276 1204224
1275  1275 1277 1204224
1276  1276 1280 1204224
1277  1277 1279 1204224
1278  1278 1280 1204224
1279  1279 1281 1204224
1280  1280 1286 1204224
1281  1281 1283 1204224
1282  1282 1284 401408
1283  1283 1285 401408
1284  1284 2463 2048
1285  1285 1292 1204224
1286  1286 1288 1204224
1287  1287 1289 1204224
1288  1288 1290 401408
1289  1289 1291 401408
1290  1290 2464 2048
1291  1291 1293 1204224
1292  1292 1303 1204224
1293  1293 1295 1204224
1294  1294 1296 1204224
1295  1295 1297 401408
1296  1296 1298 401408
1297  1297 1299 2048
1298  1298 1300 2048
1299  1299 1301 2048
1300  1300 1302 1204224
1301  1301 1303 1204224
1302  1302 1313 1204224
1303  1303 1305 1204224
1304  1304 2465 1048576
1305  1305 1307 1204224
1306  1306 1311 1204224
1307  1307 1309 1204224
1308  1308 1310 1204224
1309  1309 1311 1204224
1310  1310 1318 1204224
1311  1311 1314 1048576
1312  1312 1314 1204224
1313  1313 1315 1204224
1314  1314 1316 1204224
1315  1315 1317 1204224
1316  1316 1318 1204224
1317  1317 1319 1204224
1318  1318 1324 1204224
1319  1319 1321 1204224
1320  1320 1322 401408
1321  1321 1323 401408
1322  1322 2466 2048
1323  1323 1330 1204224
1324  1324 1326 1204224
1325  1325 1327 1204224
1326  1326 1328 401408
1327  1327 1329 401408
1328  1328 2467 2048
1329  1329 1331 1204224
1330  1330 1341 1204224
1331  1331 1333 1204224
1332  1332 1334 1204224
1333  1333 1335 401408
1334  1334 1336 401408
1335  1335 1337 2048
1336  1336 1338 2048
1337  1337 1339 2048
1338  1338 1340 1204224
1339  1339 1341 1204224
1340  1340 1403 1204224
1341  1341 1344 1204224
1342  1342 1392 1204224
1343  1343 1345 1204224
1344  1344 1346 1204224
1345  1345 1347 6144
1346  1346 1348 6144
1347  1347 2468 2048
1348  1348 1350 1204224
1349  1349 1351 1204224
1350  1350 1352 1204224
1351  1351 1353 6144
1352  1352 1354 6144
1353  1353 2468 2048
1354  1354 1356 1204224
1355  1355 1357 1204224
1356  1356 1358 1204224
1357  1357 1359 6144
1358  1358 1360 6144
1359  1359 2468 2048
1360  1360 1362 1204224
1361  1361 1363 1204224
1362  1362 1364 1204224
1363  1363 1365 6144
1364  1364 1366 6144
1365  1365 2468 2048
1366  1366 1368 1204224
1367  1367 1369 1204224
1368  1368 1370 1204224
1369  1369 1371 6144
1370  1370 1372 6144
1371  1371 2468 2048
1372  1372 1374 1204224
1373  1373 1375 1204224
1374  1374 1376 1204224
1375  1375 1377 6144
1376  1376 1378 6144
1377  1377 2468 2048
1378  1378 1380 1204224
1379  1379 1381 1204224
1380  1380 1382 1204224
1381  1381 1383 6144
1382  1382 1384 6144
1383  1383 2468 2048
1384  1384 1386 1204224
1385  1385 1387 1204224
1386  1386 1388 1204224
1387  1387 1389 6144
1388  1388 1390 6144
1389  1389 2468 2048
1390  1390 1392 1204224
1391  1391 1393 1204224
1392  1392 1394 1204224
1393  1393 1395 6144
1394  1394 1396 6144
1395  1395 2468 2048
1396  1396 1398 1204224
1397  1397 1402 1204224
1398  1398 1400 1204224
1399  1399 1401 1204224
1400  1400 1402 1204224
1401  1401 1405 1204224
1402  1402 1404 1204224
1403  1403 1405 1204224
1404  1404 1406 1204224
1405  1405 1411 1204224
1406  1406 1408 1204224
1407  1407 1409 401408
1408  1408 1410 401408
1409  1409 2469 2048
1410  1410 1417 1204224
1411  1411 1413 1204224
1412  1412 1414 1204224
1413  1413 1415 401408
1414  1414 1416 401408
1415  1415 2470 2048
1416  1416 1418 1204224
1417  1417 1428 1204224
1418  1418 1420 1204224
1419  1419 1421 1204224
1420  1420 1422 401408
1421  1421 1423 401408
1422  1422 1424 2048
1423  1423 1425 2048
1424  1424 1426 2048
1425  1425 1427 1204224
1426  1426 1428 1204224
1427  1427 1438 1204224
1428  1428 1430 1204224
1429  1429 2471 1048576
1430  1430 1432 1204224
1431  1431 1436 1204224
1432  1432 1434 1204224
1433  1433 1435 1204224
1434  1434 1436 1204224
1435  1435 1443 1204224
1436  1436 1439 1048576
1437  1437 1439 1204224
1438  1438 1440 1204224
1439  1439 1441 1204224
1440  1440 1442 1204224
1441  1441 1443 1204224
1442  1442 1444 1204224
1443  1443 1449 1204224
1444  1444 1446 1204224
1445  1445 1447 401408
1446  1446 1448 401408
1447  1447 2472 2048
1448  1448 1455 1204224
1449  1449 1451 1204224
1450  1450 1452 1204224
1451  1451 1453 401408
1452  1452 1454 401408
1453  1453 2473 2048
1454  1454 1456 1204224
1455  1455 1466 1204224
1456  1456 1458 1204224
1457  1457 1459 1204224
1458  1458 1460 401408
1459  1459 1461 401408
1460  1460 1462 2048
1461  1461 1463 2048
1462  1462 1464 2048
1463  1463 1465 1204224
1464  1464 1466 1204224
1465  1465 1528 1204224
1466  1466 1469 1204224
1467  1467 1517 1204224
1468  1468 1470 1204224
1469  1469 1471 1204224
1470  1470 1472 6144
1471  1471 1473 6144
1472  1472 2474 2048
1473  1473 1475 1204224
1474  1474 1476 1204224
1475  1475 1477 1204224
1476  1476 1478 6144
1477  1477 1479 6144
1478  1478 2474 2048
1479  1479 1481 1204224
1480  1480 1482 1204224
1481  1481 1483 1204224
1482  1482 1484 6144
1483  1483 1485 6144
1484  1484 2474 2048
1485  1485 1487 1204224
1486  1486 1488 1204224
1487  1487 1489 1204224
1488  1488 1490 6144
1489  1489 1491 6144
1490  1490 2474 2048
1491  1491 1493 1204224
1492  1492 1494 1204224
1493  1493 1495 1204224
1494  1494 1496 6144
1495  1495 1497 6144
1496  1496 2474 2048
1497  1497 1499 1204224
1498  1498 1500 1204224
1499  1499 1501 1204224
1500  1500 1502 6144
1501  1501 1503 6144
1502  1502 2474 2048
1503  1503 1505 1204224
1504  1504 1506 1204224
1505  1505 1507 1204224
1506  1506 1508 6144
1507  1507 1509 6144
1508  1508 2474 2048
1509  1509 1511 1204224
1510  1510 1512 1204224
1511  1511 1513 1204224
1512  1512 1514 6144
1513  1513 1515 6144
1514  1514 2474 2048
1515  1515 1517 1204224
1516  1516 1518 1204224
1517  1517 1519 1204224
1518  1518 1520 6144
1519  1519 1521 6144
1520  1520 2474 2048
1521  1521 1523 1204224
1522  1522 1527 1204224
1523  1523 1525 1204224
1524  1524 1526 1204224
1525  1525 1527 1204224
1526  1526 1530 1204224
1527  1527 1529 1204224
1528  1528 1530 1204224
1529  1529 1531 1204224
1530  1530 1536 1204224
1531  1531 1533 1204224
1532  1532 1534 401408
1533  1533 1535 401408
1534  1534 2475 2048
1535  1535 1542 1204224
1536  1536 1538 1204224
1537  1537 1539 1204224
1538  1538 1540 401408
1539  1539 1541 401408
1540  1540 2476 2048
1541  1541 1543 1204224
1542  1542 1553 1204224
1543  1543 1545 1204224
1544  1544 1546 1204224
1545  1545 1547 401408
1546  1546 1548 401408
1547  1547 1549 2048
1548  1548 1550 2048
1549  1549 1551 2048
1550  1550 1552 1204224
1551  1551 1553 1204224
1552  1552 1563 1204224
1553  1553 1555 1204224
1554  1554 2477 1048576
1555  1555 1557 1204224
1556  1556 1561 1204224
1557  1557 1559 1204224
1558  1558 1560 1204224
1559  1559 1561 1204224
1560  1560 1568 1204224
1561  1561 1564 1048576
1562  1562 1564 1204224
1563  1563 1565 1204224
1564  1564 1566 1204224
1565  1565 1567 1204224
1566  1566 1568 1204224
1567  1567 1569 1204224
1568  1568 1574 1204224
1569  1569 1571 1204224
1570  1570 1572 401408
1571  1571 1573 401408
1572  1572 2478 2048
1573  1573 1580 1204224
1574  1574 1576 1204224
1575  1575 1577 1204224
1576  1576 1578 401408
1577  1577 1579 401408
1578  1578 2479 2048
1579  1579 1581 1204224
1580  1580 1591 1204224
1581  1581 1583 1204224
1582  1582 1584 1204224
1583  1583 1585 401408
1584  1584 1586 401408
1585  1585 1587 2048
1586  1586 1588 2048
1587  1587 1589 2048
1588  1588 1590 1204224
1589  1589 1591 1204224
1590  1590 1653 1204224
1591  1591 1594 1204224
1592  1592 1642 1204224
1593  1593 1595 1204224
1594  1594 1596 1204224
1595  1595 1597 6144
1596  1596 1598 6144
1597  1597 2480 2048
1598  1598 1600 1204224
1599  1599 1601 1204224
1600  1600 1602 1204224
1601  1601 1603 6144
1602  1602 1604 6144
1603  1603 2480 2048
1604  1604 1606 1204224
1605  1605 1607 1204224
1606  1606 1608 1204224
1607  1607 1609 6144
1608  1608 1610 6144
1609  1609 2480 2048
1610  1610 1612 1204224
1611  1611 1613 1204224
1612  1612 1614 1204224
1613  1613 1615 6144
1614  1614 1616 6144
1615  1615 2480 2048
1616  1616 1618 1204224
1617  1617 1619 1204224
1618  1618 1620 1204224
1619  1619 1621 6144
1620  1620 1622 6144
1621  1621 2480 2048
1622  1622 1624 1204224
1623  1623 1625 1204224
1624  1624 1626 1204224
1625  1625 1627 6144
1626  1626 1628 6144
1627  1627 2480 2048
1628  1628 1630 1204224
1629  1629 1631 1204224
1630  1630 1632 1204224
1631  1631 1633 6144
1632  1632 1634 6144
1633  1633 2480 2048
1634  1634 1636 1204224
1635  1635 1637 1204224
1636  1636 1638 1204224
1637  1637 1639 6144
1638  1638 1640 6144
1639  1639 2480 2048
1640  1640 1642 1204224
1641  1641 1643 1204224
1642  1642 1644 1204224
1643  1643 1645 6144
1644  1644 1646 6144
1645  1645 2480 2048
1646  1646 1648 1204224
1647  1647 1652 1204224
1648  1648 1650 1204224
1649  1649 1651 1204224
1650  1650 1652 1204224
1651  1651 1655 1204224
1652  1652 1654 1204224
1653  1653 1655 1204224
1654  1654 1656 1204224
1655  1655 1661 1204224
1656  1656 1658 1204224
1657  1657 1659 401408
1658  1658 1660 401408
1659  1659 2481 2048
1660  1660 1667 1204224
1661  1661 1663 1204224
1662  1662 1664 1204224
1663  1663 1665 401408
1664  1664 1666 401408
1665  1665 2482 2048
1666  1666 1668 1204224
1667  1667 1678 1204224
1668  1668 1670 1204224
1669  1669 1671 1204224
1670  1670 1672 401408
1671  1671 1673 401408
1672  1672 1674 2048
1673  1673 1675 2048
1674  1674 1676 2048
1675  1675 1677 1204224
1676  1676 1678 1204224
1677  1677 1688 1204224
1678  1678 1680 1204224
1679  1679 2483 524288
1680  1680 1682 602112
1681  1681 1686 602112
1682  1682 1684 602112
1683  1683 1685 602112
1684  1684 1686 602112
1685  1685 1693 602112
1686  1686 1689 524288
1687  1687 1689 1204224
1688  1688 1690 602112
1689  1689 1691 602112
1690  1690 1692 602112
1691  1691 1693 602112
1692  1692 1694 602112
1693  1693 1699 602112
1694  1694 1696 602112
1695  1695 1697 200704
1696  1696 1698 200704
1697  1697 2484 1024
1698  1698 1705 602112
1699  1699 1701 602112
1700  1700 1702 602112
1701  1701 1703 200704
1702  1702 1704 200704
1703  1703 2485 1024
1704  1704 1706 602112
1705  1705 1717 602112
1706  1706 1708 602112
1707  1707 1709 602112
1708  1708 1710 200704
1709  1709 1711 200704
1710  1710 1712 1024
1711  1711 1713 1024
1712  1712 1715 1024
1713  1713 1716 602112
1714  1714 1716 602112
1715  1715 1717 602112
1716  1716 1779 602112
1717  1717 1720 602112
1718  1718 1768 602112
1719  1719 1721 602112
1720  1720 1722 602112
1721  1721 1723 3072
1722  1722 1724 3072
1723  1723 2486 1024
1724  1724 1726 602112
1725  1725 1727 602112
1726  1726 1728 602112
1727  1727 1729 3072
1728  1728 1730 3072
1729  1729 2486 1024
1730  1730 1732 602112
1731  1731 1733 602112
1732  1732 1734 602112
1733  1733 1735 3072
1734  1734 1736 3072
1735  1735 2486 1024
1736  1736 1738 602112
1737  1737 1739 602112
1738  1738 1740 602112
1739  1739 1741 3072
1740  1740 1742 3072
1741  1741 2486 1024
1742  1742 1744 602112
1743  1743 1745 602112
1744  1744 1746 602112
1745  1745 1747 3072
1746  1746 1748 3072
1747  1747 2486 1024
1748  1748 1750 602112
1749  1749 1751 602112
1750  1750 1752 602112
1751  1751 1753 3072
1752  1752 1754 3072
1753  1753 2486 1024
1754  1754 1756 602112
1755  1755 1757 602112
1756  1756 1758 602112
1757  1757 1759 3072
1758  1758 1760 3072
1759  1759 2486 1024
1760  1760 1762 602112
1761  1761 1763 602112
1762  1762 1764 602112
1763  1763 1765 3072
1764  1764 1766 3072
1765  1765 2486 1024
1766  1766 1768 602112
1767  1767 1769 602112
1768  1768 1770 602112
1769  1769 1771 3072
1770  1770 1772 3072
1771  1771 2486 1024
1772  1772 1774 2408448
1773  1773 1778 2408448
1774  1774 1776 2408448
1775  1775 1777 2408448
1776  1776 1778 2408448
1777  1777 1781 2408448
1778  1778 1780 602112
1779  1779 1781 2408448
1780  1780 1782 2408448
1781  1781 1787 2408448
1782  1782 1784 2408448
1783  1783 1785 802816
1784  1784 1786 802816
1785  1785 2487 1024
1786  1786 1793 2408448
1787  1787 1789 2408448
1788  1788 1790 2408448
1789  1789 1791 802816
1790  1790 1792 802816
1791  1791 2488 1024
1792  1792 1794 2408448
1793  1793 1805 2408448
1794  1794 1796 2408448
1795  1795 1797 2408448
1796  1796 1798 802816
1797  1797 1799 802816
1798  1798 1800 1024
1799  1799 1801 1024
1800  1800 1803 1024
1801  1801 1929 2408448
1802  1802 1804 2408448
1803  1803 1805 2408448
1804  1804 1815 2408448
1805  1805 1807 2408448
1806  1806 2489 262144
1807  1807 1809 2408448
1808  1808 1813 2408448
1809  1809 1811 2408448
1810  1810 1812 2408448
1811  1811 1813 2408448
1812  1812 1820 2408448
1813  1813 1816 262144
1814  1814 1816 2408448
1815  1815 1817 2408448
1816  1816 1818 2408448
1817  1817 1819 2408448
1818  1818 1820 2408448
1819  1819 1821 2408448
1820  1820 1826 2408448
1821  1821 1823 2408448
1822  1822 1824 802816
1823  1823 1825 802816
1824  1824 2490 1024
1825  1825 1832 2408448
1826  1826 1828 2408448
1827  1827 1829 2408448
1828  1828 1830 802816
1829  1829 1831 802816
1830  1830 2491 1024
1831  1831 1833 2408448
1832  1832 1843 2408448
1833  1833 1835 2408448
1834  1834 1836 2408448
1835  1835 1837 802816
1836  1836 1838 802816
1837  1837 1839 1024
1838  1838 1840 1024
1839  1839 1841 1024
1840  1840 1842 2408448
1841  1841 1843 2408448
1842  1842 1905 2408448
1843  1843 1846 2408448
1844  1844 1894 2408448
1845  1845 1847 2408448
1846  1846 1848 2408448
1847  1847 1849 3072
1848  1848 1850 3072
1849  1849 2492 1024
1850  1850 1852 2408448
1851  1851 1853 2408448
1852  1852 1854 2408448
1853  1853 1855 3072
1854  1854 1856 3072
1855  1855 2492 1024
1856  1856 1858 2408448
1857  1857 1859 2408448
1858  1858 1860 2408448
1859  1859 1861 3072
1860  1860 1862 3072
1861  1861 2492 1024
1862  1862 1864 2408448
1863  1863 1865 2408448
1864  1864 1866 2408448
1865  1865 1867 3072
1866  1866 1868 3072
1867  1867 2492 1024
1868  1868 1870 2408448
1869  1869 1871 2408448
1870  1870 1872 2408448
1871  1871 1873 3072
1872  1872 1874 3072
1873  1873 2492 1024
1874  1874 1876 2408448
1875  1875 1877 2408448
1876  1876 1878 2408448
1877  1877 1879 3072
1878  1878 1880 3072
1879  1879 2492 1024
1880  1880 1882 2408448
1881  1881 1883 2408448
1882  1882 1884 2408448
1883  1883 1885 3072
1884  1884 1886 3072
1885  1885 2492 1024
1886  1886 1888 2408448
1887  1887 1889 2408448
1888  1888 1890 2408448
1889  1889 1891 3072
1890  1890 1892 3072
1891  1891 2492 1024
1892  1892 1894 2408448
1893  1893 1895 2408448
1894  1894 1896 2408448
1895  1895 1897 3072
1896  1896 1898 3072
1897  1897 2492 1024
1898  1898 1900 2408448
1899  1899 1904 2408448
1900  1900 1902 2408448
1901  1901 1903 2408448
1902  1902 1904 2408448
1903  1903 1907 2408448
1904  1904 1906 2408448
1905  1905 1907 2408448
1906  1906 1908 2408448
1907  1907 1913 2408448
1908  1908 1910 2408448
1909  1909 1911 802816
1910  1910 1912 802816
1911  1911 2493 1024
1912  1912 1919 2408448
1913  1913 1915 2408448
1914  1914 1916 2408448
1915  1915 1917 802816
1916  1916 1918 802816
1917  1917 2494 1024
1918  1918 1920 2408448
1919  1919 1930 2408448
1920  1920 1922 2408448
1921  1921 1923 2408448
1922  1922 1924 802816
1923  1923 1925 802816
1924  1924 1926 1024
1925  1925 1927 1024
1926  1926 1928 1024
1927  1927 1929 2408448
1928  1928 1930 2408448
1929  1929 1940 2408448
1930  1930 1932 2408448
1931  1931 2495 131072
1932  1932 1934 1204224
1933  1933 1938 1204224
1934  1934 1936 1204224
1935  1935 1937 1204224
1936  1936 1938 1204224
1937  1937 1945 1204224
1938  1938 1941 131072
1939  1939 1941 2408448
1940  1940 1942 1204224
1941  1941 1943 1204224
1942  1942 1944 1204224
1943  1943 1945 1204224
1944  1944 1946 1204224
1945  1945 1951 1204224
1946  1946 1948 1204224
1947  1947 1949 401408
1948  1948 1950 401408
1949  1949 2496 512
1950  1950 1957 1204224
1951  1951 1953 1204224
1952  1952 1954 1204224
1953  1953 1955 401408
1954  1954 1956 401408
1955  1955 2497 512
1956  1956 1958 1204224
1957  1957 1969 1204224
1958  1958 1960 1204224
1959  1959 1961 1204224
1960  1960 1962 401408
1961  1961 1963 401408
1962  1962 1964 512
1963  1963 1965 512
1964  1964 1967 512
1965  1965 1968 1204224
1966  1966 1968 1204224
1967  1967 1969 1204224
1968  1968 2031 1204224
1969  1969 1972 1204224
1970  1970 2020 1204224
1971  1971 1973 1204224
1972  1972 1974 1204224
1973  1973 1975 1536
1974  1974 1976 1536
1975  1975 2498 512
1976  1976 1978 1204224
1977  1977 1979 1204224
1978  1978 1980 1204224
1979  1979 1981 1536
1980  1980 1982 1536
1981  1981 2498 512
1982  1982 1984 1204224
1983  1983 1985 1204224
1984  1984 1986 1204224
1985  1985 1987 1536
1986  1986 1988 1536
1987  1987 2498 512
1988  1988 1990 1204224
1989  1989 1991 1204224
1990  1990 1992 1204224
1991  1991 1993 1536
1992  1992 1994 1536
1993  1993 2498 512
1994  1994 1996 1204224
1995  1995 1997 1204224
1996  1996 1998 1204224
1997  1997 1999 1536
1998  1998 2000 1536
1999  1999 2498 512
2000  2000 2002 1204224
2001  2001 2003 1204224
2002  2002 2004 1204224
2003  2003 2005 1536
2004  2004 2006 1536
2005  2005 2498 512
2006  2006 2008 1204224
2007  2007 2009 1204224
2008  2008 2010 1204224
2009  2009 2011 1536
2010  2010 2012 1536
2011  2011 2498 512
2012  2012 2014 1204224
2013  2013 2015 1204224
2014  2014 2016 1204224
2015  2015 2017 1536
2016  2016 2018 1536
2017  2017 2498 512
2018  2018 2020 1204224
2019  2019 2021 1204224
2020  2020 2022 1204224
2021  2021 2023 1536
2022  2022 2024 1536
2023  2023 2498 512
2024  2024 2026 4816896
2025  2025 2030 4816896
2026  2026 2028 4816896
2027  2027 2029 4816896
2028  2028 2030 4816896
2029  2029 2033 4816896
2030  2030 2032 1204224
2031  2031 2033 4816896
2032  2032 2034 4816896
2033  2033 2039 4816896
2034  2034 2036 4816896
2035  2035 2037 1605632
2036  2036 2038 1605632
2037  2037 2499 512
2038  2038 2045 4816896
2039  2039 2041 4816896
2040  2040 2042 4816896
2041  2041 2043 1605632
2042  2042 2044 1605632
2043  2043 2500 512
2044  2044 2046 4816896
2045  2045 2057 4816896
2046  2046 2048 4816896
2047  2047 2049 4816896
2048  2048 2050 1605632
2049  2049 2051 1605632
2050  2050 2052 512
2051  2051 2053 512
2052  2052 2055 512
2053  2053 2181 4816896
2054  2054 2056 4816896
2055  2055 2057 4816896
2056  2056 2067 4816896
2057  2057 2059 4816896
2058  2058 2501 65536
2059  2059 2061 4816896
2060  2060 2065 4816896
2061  2061 2063 4816896
2062  2062 2064 4816896
2063  2063 2065 4816896
2064  2064 2072 4816896
2065  2065 2068 65536
2066  2066 2068 4816896
2067  2067 2069 4816896
2068  2068 2070 4816896
2069  2069 2071 4816896
2070  2070 2072 4816896
2071  2071 2073 4816896
2072  2072 2078 4816896
2073  2073 2075 4816896
2074  2074 2076 1605632
2075  2075 2077 1605632
2076  2076 2502 512
2077  2077 2084 4816896
2078  2078 2080 4816896
2079  2079 2081 4816896
2080  2080 2082 1605632
2081  2081 2083 1605632
2082  2082 2503 512
2083  2083 2085 4816896
2084  2084 2095 4816896
2085  2085 2087 4816896
2086  2086 2088 4816896
2087  2087 2089 1605632
2088  2088 2090 1605632
2089  2089 2091 512
2090  2090 2092 512
2091  2091 2093 512
2092  2092 2094 4816896
2093  2093 2095 4816896
2094  2094 2157 4816896
2095  2095 2098 4816896
2096  2096 2146 4816896
2097  2097 2099 4816896
2098  2098 2100 4816896
2099  2099 2101 1536
2100  2100 2102 1536
2101  2101 2504 512
2102  2102 2104 4816896
2103  2103 2105 4816896
2104  2104 2106 4816896
2105  2105 2107 1536
2106  2106 2108 1536
2107  2107 2504 512
2108  2108 2110 4816896
2109  2109 2111 4816896
2110  2110 2112 4816896
2111  2111 2113 1536
2112  2112 2114 1536
2113  2113 2504 512
2114  2114 2116 4816896
2115  2115 2117 4816896
2116  2116 2118 4816896
2117  2117 2119 1536
2118  2118 2120 1536
2119  2119 2504 512
2120  2120 2122 4816896
2121  2121 2123 4816896
2122  2122 2124 4816896
2123  2123 2125 1536
2124  2124 2126 1536
2125  2125 2504 512
2126  2126 2128 4816896
2127  2127 2129 4816896
2128  2128 2130 4816896
2129  2129 2131 1536
2130  2130 2132 1536
2131  2131 2504 512
2132  2132 2134 4816896
2133  2133 2135 4816896
2134  2134 2136 4816896
2135  2135 2137 1536
2136  2136 2138 1536
2137  2137 2504 512
2138  2138 2140 4816896
2139  2139 2141 4816896
2140  2140 2142 4816896
2141  2141 2143 1536
2142  2142 2144 1536
2143  2143 2504 512
2144  2144 2146 4816896
2145  2145 2147 4816896
2146  2146 2148 4816896
2147  2147 2149 1536
2148  2148 2150 1536
2149  2149 2504 512
2150  2150 2152 4816896
2151  2151 2156 4816896
2152  2152 2154 4816896
2153  2153 2155 4816896
2154  2154 2156 4816896
2155  2155 2159 4816896
2156  2156 2158 4816896
2157  2157 2159 4816896
2158  2158 2160 4816896
2159  2159 2165 4816896
2160  2160 2162 4816896
2161  2161 2163 1605632
2162  2162 2164 1605632
2163  2163 2505 512
2164  2164 2171 4816896
2165  2165 2167 4816896
2166  2166 2168 4816896
2167  2167 2169 1605632
2168  2168 2170 1605632
2169  2169 2506 512
2170  2170 2172 4816896
2171  2171 2182 4816896
2172  2172 2174 4816896
2173  2173 2175 4816896
2174  2174 2176 1605632
2175  2175 2177 1605632
2176  2176 2178 512
2177  2177 2179 512
2178  2178 2180 512
2179  2179 2181 4816896
2180  2180 2182 4816896
2181  2181 2192 4816896
2182  2182 2184 4816896
2183  2183 2507 32768
2184  2184 2186 2408448
2185  2185 2190 2408448
2186  2186 2188 2408448
2187  2187 2189 2408448
2188  2188 2190 2408448
2189  2189 2197 2408448
2190  2190 2193 32768
2191  2191 2193 4816896
2192  2192 2194 2408448
2193  2193 2195 2408448
2194  2194 2196 2408448
2195  2195 2197 2408448
2196  2196 2198 2408448
2197  2197 2203 2408448
2198  2198 2200 2408448
2199  2199 2201 802816
2200  2200 2202 802816
2201  2201 2508 256
2202  2202 2209 2408448
2203  2203 2205 2408448
2204  2204 2206 2408448
2205  2205 2207 802816
2206  2206 2208 802816
2207  2207 2509 256
2208  2208 2210 2408448
2209  2209 2221 2408448
2210  2210 2212 2408448
2211  2211 2213 2408448
2212  2212 2214 802816
2213  2213 2215 802816
2214  2214 2216 256
2215  2215 2217 256
2216  2216 2219 256
2217  2217 2220 2408448
2218  2218 2220 2408448
2219  2219 2221 2408448
2220  2220 2283 2408448
2221  2221 2224 2408448
2222  2222 2272 2408448
2223  2223 2225 2408448
2224  2224 2226 2408448
2225  2225 2227 768
2226  2226 2228 768
2227  2227 2510 256
2228  2228 2230 2408448
2229  2229 2231 2408448
2230  2230 2232 2408448
2231  2231 2233 768
2232  2232 2234 768
2233  2233 2510 256
2234  2234 2236 2408448
2235  2235 2237 2408448
2236  2236 2238 2408448
2237  2237 2239 768
2238  2238 2240 768
2239  2239 2510 256
2240  2240 2242 2408448
2241  2241 2243 2408448
2242  2242 2244 2408448
2243  2243 2245 768
2244  2244 2246 768
2245  2245 2510 256
2246  2246 2248 2408448
2247  2247 2249 2408448
2248  2248 2250 2408448
2249  2249 2251 768
2250  2250 2252 768
2251  2251 2510 256
2252  2252 2254 2408448
2253  2253 2255 2408448
2254  2254 2256 2408448
2255  2255 2257 768
2256  2256 2258 768
2257  2257 2510 256
2258  2258 2260 2408448
2259  2259 2261 2408448
2260  2260 2262 2408448
2261  2261 2263 768
2262  2262 2264 768
2263  2263 2510 256
2264  2264 2266 2408448
2265  2265 2267 2408448
2266  2266 2268 2408448
2267  2267 2269 768
2268  2268 2270 768
2269  2269 2510 256
2270  2270 2272 2408448
2271  2271 2273 2408448
2272  2272 2274 2408448
2273  2273 2275 768
2274  2274 2276 768
2275  2275 2510 256
2276  2276 2278 9633792
2277  2277 2282 9633792
2278  2278 2280 9633792
2279  2279 2281 9633792
2280  2280 2282 9633792
2281  2281 2285 9633792
2282  2282 2284 2408448
2283  2283 2285 9633792
2284  2284 2286 9633792
2285  2285 2291 9633792
2286  2286 2288 9633792
2287  2287 2289 3211264
2288  2288 2290 3211264
2289  2289 2511 256
2290  2290 2297 9633792
2291  2291 2293 9633792
2292  2292 2294 9633792
2293  2293 2295 3211264
2294  2294 2296 3211264
2295  2295 2512 256
2296  2296 2298 9633792
2297  2297 2309 9633792
2298  2298 2300 9633792
2299  2299 2301 9633792
2300  2300 2302 3211264
2301  2301 2303 3211264
2302  2302 2304 256
2303  2303 2305 256
2304  2304 2307 256
2305  2305 2308 9633792
2306  2306 2308 9633792
2307  2307 2309 9633792
2308  2308 2319 9633792
2309  2309 2311 9633792
2310  2310 2513 8192
2311  2311 2313 4816896
2312  2312 2317 4816896
2313  2313 2315 4816896
2314  2314 2316 4816896
2315  2315 2317 4816896
2316  2316 2324 4816896
2317  2317 2320 8192
2318  2318 2320 9633792
2319  2319 2321 4816896
2320  2320 2322 4816896
2321  2321 2323 4816896
2322  2322 2324 4816896
2323  2323 2325 4816896
2324  2324 2330 4816896
2325  2325 2327 4816896
2326  2326 2328 1605632
2327  2327 2329 1605632
2328  2328 2514 128
2329  2329 2336 4816896
2330  2330 2332 4816896
2331  2331 2333 4816896
2332  2332 2334 1605632
2333  2333 2335 1605632
2334  2334 2515 128
2335  2335 2337 4816896
2336  2336 2348 4816896
2337  2337 2339 4816896
2338  2338 2340 4816896
2339  2339 2341 1605632
2340  2340 2342 1605632
2341  2341 2343 128
2342  2342 2344 128
2343  2343 2346 128
2344  2344 2434 4816896
2345  2345 2347 4816896
2346  2346 2348 4816896
2347  2347 2410 4816896
2348  2348 2351 4816896
2349  2349 2399 4816896
2350  2350 2352 4816896
2351  2351 2353 4816896
2352  2352 2354 384
2353  2353 2355 384
2354  2354 2516 128
2355  2355 2357 4816896
2356  2356 2358 4816896
2357  2357 2359 4816896
2358  2358 2360 384
2359  2359 2361 384
2360  2360 2516 128
2361  2361 2363 4816896
2362  2362 2364 4816896
2363  2363 2365 4816896
2364  2364 2366 384
2365  2365 2367 384
2366  2366 2516 128
2367  2367 2369 4816896
2368  2368 2370 4816896
2369  2369 2371 4816896
2370  2370 2372 384
2371  2371 2373 384
2372  2372 2516 128
2373  2373 2375 4816896
2374  2374 2376 4816896
2375  2375 2377 4816896
2376  2376 2378 384
2377  2377 2379 384
2378  2378 2516 128
2379  2379 2381 4816896
2380  2380 2382 4816896
2381  2381 2383 4816896
2382  2382 2384 384
2383  2383 2385 384
2384  2384 2516 128
2385  2385 2387 4816896
2386  2386 2388 4816896
2387  2387 2389 4816896
2388  2388 2390 384
2389  2389 2391 384
2390  2390 2516 128
2391  2391 2393 4816896
2392  2392 2394 4816896
2393  2393 2395 4816896
2394  2394 2396 384
2395  2395 2397 384
2396  2396 2516 128
2397  2397 2399 4816896
2398  2398 2400 4816896
2399  2399 2401 4816896
2400  2400 2402 384
2401  2401 2403 384
2402  2402 2516 128
2403  2403 2405 4816896
2404  2404 2409 4816896
2405  2405 2407 4816896
2406  2406 2408 4816896
2407  2407 2409 4816896
2408  2408 2412 4816896
2409  2409 2411 4816896
2410  2410 2412 4816896
2411  2411 2413 4816896
2412  2412 2418 4816896
2413  2413 2415 4816896
2414  2414 2416 1605632
2415  2415 2417 1605632
2416  2416 2517 128
2417  2417 2424 4816896
2418  2418 2420 4816896
2419  2419 2421 4816896
2420  2420 2422 1605632
2421  2421 2423 1605632
2422  2422 2518 128
2423  2423 2425 4816896
2424  2424 2435 4816896
2425  2425 2427 4816896
2426  2426 2428 4816896
2427  2427 2429 1605632
2428  2428 2430 1605632
2429  2429 2431 128
2430  2430 2432 128
2431  2431 2433 128
2432  2432 2434 4816896
2433  2433 2435 4816896
2434  2434 2436 4816896
2435  2435 2437 4816896
2436  2436 2519 3456
2437  2437 2519 4032
2438  2438 2519 4096
2439  2439 2519 4096
2440  2440 2519 4194304
2441  2441 2519 4096
2442  2442 2519 4096
2443  2443 2519 36864
2444  2444 2519 4096
2445  2445 2519 4096
2446  2446 2519 2097152
2447  2447 2519 2048
2448  2448 2519 2048
2449  2449 2519 18432
2450  2450 2519 2048
2451  2451 2519 2048
2452  2452 2519 1048576
2453  2453 2519 2048
2454  2454 2519 2048
2455  2455 2519 18432
2456  2456 2519 2048
2457  2457 2519 2048
2458  2458 2519 1048576
2459  2459 2519 2048
2460  2460 2519 2048
2461  2461 2519 18432
2462  2462 2519 2048
2463  2463 2519 2048
2464  2464 2519 1048576
2465  2465 2519 2048
2466  2466 2519 2048
2467  2467 2519 18432
2468  2468 2519 2048
2469  2469 2519 2048
2470  2470 2519 1048576
2471  2471 2519 2048
2472  2472 2519 2048
2473  2473 2519 18432
2474  2474 2519 2048
2475  2475 2519 2048
2476  2476 2519 1048576
2477  2477 2519 2048
2478  2478 2519 2048
2479  2479 2519 18432
2480  2480 2519 2048
2481  2481 2519 2048
2482  2482 2519 524288
2483  2483 2519 1024
2484  2484 2519 1024
2485  2485 2519 9216
2486  2486 2519 1024
2487  2487 2519 1024
2488  2488 2519 262144
2489  2489 2519 1024
2490  2490 2519 1024
2491  2491 2519 9216
2492  2492 2519 1024
2493  2493 2519 1024
2494  2494 2519 131072
2495  2495 2519 512
2496  2496 2519 512
2497  2497 2519 4608
2498  2498 2519 512
2499  2499 2519 512
2500  2500 2519 65536
2501  2501 2519 512
2502  2502 2519 512
2503  2503 2519 4608
2504  2504 2519 512
2505  2505 2519 512
2506  2506 2519 32768
2507  2507 2519 256
2508  2508 2519 256
2509  2509 2519 2304
2510  2510 2519 256
2511  2511 2519 256
2512  2512 2519 8192
2513  2513 2519 128
2514  2514 2519 128
2515  2515 2519 1152
2516  2516 2519 128
2517  2517 2519 128
2518  2518 2519 3456
