17:0  17 18 7827456
19:0  19 20 3456
19:1  19 20 18264064
19:2  19 20 20873216
19:3  19 20 2624
45:0  45 46 1152
45:1  45 46 128
46:0  46 47 20873216
71:0  71 72 20873216
73:0  73 74 8192
73:1  73 74 20873216
73:2  73 74 41746432
73:3  73 74 3072
99:0  99 100 2304
99:1  99 100 256
100:0  100 101 10436608
125:0  125 126 10436608
127:0  127 128 32768
127:1  127 128 10436608
127:2  127 128 20873216
127:3  127 128 6144
153:0  153 154 4608
153:1  153 154 512
154:0  154 155 20873216
179:0  179 180 20873216
181:0  181 182 65536
181:1  181 182 20873216
181:2  181 182 20873216
181:3  181 182 12288
207:0  207 208 4608
207:1  207 208 512
208:0  208 209 5218304
233:0  233 234 5218304
235:0  235 236 131072
235:1  235 236 5218304
235:2  235 236 10436608
235:3  235 236 2605056
235:4  235 236 32768
235:11  235 236 6144
235:12  235 236 12288
261:0  261 262 9216
261:1  261 262 1024
262:0  262 263 10436608
287:0  287 288 10436608
289:0  289 290 262144
289:1  289 290 10436608
289:2  289 290 10436608
289:3  289 290 2605056
289:4  289 290 65536
289:11  289 290 12288
289:12  289 290 24576
315:0  315 316 9216
315:1  315 316 1024
316:0  316 317 2609152
341:0  341 342 2609152
343:0  343 344 524288
343:1  343 344 2609152
343:2  343 344 5218304
343:3  343 344 1302528
343:4  343 344 131072
343:11  343 344 12288
343:12  343 344 24576
369:0  369 370 18432
369:1  369 370 2048
370:0  370 371 5218304
395:0  395 396 5218304
397:0  397 398 1048576
397:1  397 398 5218304
397:2  397 398 5218304
397:3  397 398 1302528
397:4  397 398 262144
397:59  397 398 325632
397:60  397 398 65536
397:67  397 398 12288
397:68  397 398 49152
423:0  423 424 18432
423:1  423 424 2048
424:0  424 425 5218304
449:0  449 450 5218304
451:0  451 452 1048576
451:1  451 452 5218304
451:2  451 452 5218304
451:3  451 452 1302528
451:4  451 452 262144
451:59  451 452 325632
451:60  451 452 65536
451:67  451 452 12288
451:68  451 452 49152
477:0  477 478 18432
477:1  477 478 2048
478:0  478 479 5218304
503:0  503 504 5218304
505:0  505 506 1048576
505:1  505 506 5218304
505:2  505 506 5218304
505:3  505 506 1302528
505:4  505 506 262144
505:59  505 506 325632
505:60  505 506 65536
505:67  505 506 12288
505:68  505 506 49152
531:0  531 532 18432
531:1  531 532 2048
532:0  532 533 5218304
557:0  557 558 5218304
559:0  559 560 1048576
559:1  559 560 5218304
559:2  559 560 5218304
559:3  559 560 1302528
559:4  559 560 262144
559:59  559 560 325632
559:60  559 560 65536
559:67  559 560 12288
559:68  559 560 49152
585:0  585 586 18432
585:1  585 586 2048
586:0  586 587 5218304
611:0  611 612 5218304
613:0  613 614 1048576
613:1  613 614 5218304
613:2  613 614 5218304
613:3  613 614 1302528
613:4  613 614 262144
613:59  613 614 325632
613:60  613 614 65536
613:67  613 614 12288
613:68  613 614 49152
639:0  639 640 18432
639:1  639 640 2048
640:0  640 641 1304576
665:0  665 666 1304576
667:0  667 668 2097152
667:1  667 668 1304576
667:2  667 668 2609152
667:3  667 668 638976
667:4  667 668 524288
667:59  667 668 159744
667:60  667 668 131072
667:67  667 668 12288
667:68  667 668 49152
693:0  693 694 36864
693:1  693 694 4096
694:0  694 695 2609152
719:0  719 720 2609152
721:0  721 722 4194304
721:1  721 722 2609152
721:2  721 722 2609152
721:3  721 722 638976
721:4  721 722 1048576
721:437  721 722 159744
721:438  721 722 262144
721:499  721 722 36864
721:500  721 722 65536
721:507  721 722 12288
721:508  721 722 24576
721:509  721 722 98304
750:0  750 751 4112384
750:1  750 751 53248
750:2  750 751 52224
750:3  750 751 98304
764:0  764 765 53248
764:1  764 765 64064
764:2  764 765 4100096
764:3  764 765 1280
771:0  771 772 4100096
771:1  771 772 52224
771:2  771 772 53248
771:3  771 772 96128
778:0  778 779 2609152
802:0  802 803 2609152
802:1  802 803 2621440
802:2  802 803 4194304
802:3  802 803 61184
811:0  811 812 2621440
811:1  811 812 4194304
811:2  811 812 2621440
811:3  811 812 1032192
811:4  811 812 655360
811:437  811 812 258048
811:438  811 812 163840
811:499  811 812 61440
811:500  811 812 40960
811:507  811 812 12288
811:508  811 812 24576
811:509  811 812 98304
814:0  814 815 2609152
817:0  817 818 2609152
839:0  839 840 2609152
846:0  846 847 2609152
852:0  852 853 2609152
858:0  858 859 2609152
870:0  870 871 2609152
876:0  876 877 2609152
882:0  882 883 2609152
888:0  888 889 2609152
901:0  901 902 36864
901:1  901 902 4096
904:0  904 905 2609152
927:0  927 928 2609152
927:1  927 928 1310720
927:2  927 928 2097152
927:3  927 928 61184
936:0  936 937 2621440
936:1  936 937 2097152
936:2  936 937 1310720
936:3  936 937 516096
936:4  936 937 655360
936:65  936 937 122880
936:66  936 937 163840
936:73  936 937 24576
936:74  936 937 49152
936:75  936 937 98304
939:0  939 940 1304576
942:0  942 943 1304576
965:0  965 966 5218304
972:0  972 973 5218304
978:0  978 979 5218304
984:0  984 985 5218304
990:0  990 991 5218304
996:0  996 997 5218304
1002:0  1002 1003 5218304
1008:0  1008 1009 5218304
1014:0  1014 1015 5218304
1027:0  1027 1028 18432
1027:1  1027 1028 2048
1030:0  1030 1031 5218304
1054:0  1054 1055 5218304
1054:1  1054 1055 5218304
1054:2  1054 1055 1048576
1054:3  1054 1055 244608
1063:0  1063 1064 5218304
1063:1  1063 1064 1048576
1063:2  1063 1064 5218304
1063:3  1063 1064 1282176
1063:4  1063 1064 1302528
1063:65  1063 1064 305280
1063:66  1063 1064 325632
1063:73  1063 1064 12288
1063:74  1063 1064 24576
1063:76  1063 1064 49152
1066:0  1066 1067 5218304
1069:0  1069 1070 5218304
1091:0  1091 1092 5218304
1098:0  1098 1099 5218304
1104:0  1104 1105 5218304
1110:0  1110 1111 5218304
1122:0  1122 1123 5218304
1128:0  1128 1129 5218304
1134:0  1134 1135 5218304
1140:0  1140 1141 5218304
1153:0  1153 1154 18432
1153:1  1153 1154 2048
1156:0  1156 1157 5218304
1179:0  1179 1180 5218304
1179:1  1179 1180 5218304
1179:2  1179 1180 1048576
1179:3  1179 1180 244608
1188:0  1188 1189 5218304
1188:1  1188 1189 1048576
1188:2  1188 1189 5218304
1188:3  1188 1189 1282176
1188:4  1188 1189 1302528
1188:65  1188 1189 305280
1188:66  1188 1189 325632
1188:73  1188 1189 12288
1188:74  1188 1189 24576
1188:76  1188 1189 49152
1191:0  1191 1192 5218304
1194:0  1194 1195 5218304
1216:0  1216 1217 5218304
1223:0  1223 1224 5218304
1229:0  1229 1230 5218304
1235:0  1235 1236 5218304
1247:0  1247 1248 5218304
1253:0  1253 1254 5218304
1259:0  1259 1260 5218304
1265:0  1265 1266 5218304
1278:0  1278 1279 18432
1278:1  1278 1279 2048
1281:0  1281 1282 5218304
1304:0  1304 1305 5218304
1304:1  1304 1305 5218304
1304:2  1304 1305 1048576
1304:3  1304 1305 244608
1313:0  1313 1314 5218304
1313:1  1313 1314 1048576
1313:2  1313 1314 5218304
1313:3  1313 1314 1282176
1313:4  1313 1314 1302528
1313:65  1313 1314 305280
1313:66  1313 1314 325632
1313:73  1313 1314 12288
1313:74  1313 1314 24576
1313:76  1313 1314 49152
1316:0  1316 1317 5218304
1319:0  1319 1320 5218304
1341:0  1341 1342 5218304
1348:0  1348 1349 5218304
1354:0  1354 1355 5218304
1360:0  1360 1361 5218304
1372:0  1372 1373 5218304
1378:0  1378 1379 5218304
1384:0  1384 1385 5218304
1390:0  1390 1391 5218304
1403:0  1403 1404 18432
1403:1  1403 1404 2048
1406:0  1406 1407 5218304
1429:0  1429 1430 5218304
1429:1  1429 1430 5218304
1429:2  1429 1430 1048576
1429:3  1429 1430 244608
1438:0  1438 1439 5218304
1438:1  1438 1439 1048576
1438:2  1438 1439 5218304
1438:3  1438 1439 1282176
1438:4  1438 1439 1302528
1438:65  1438 1439 305280
1438:66  1438 1439 325632
1438:73  1438 1439 12288
1438:74  1438 1439 24576
1438:76  1438 1439 49152
1441:0  1441 1442 5218304
1444:0  1444 1445 5218304
1466:0  1466 1467 5218304
1473:0  1473 1474 5218304
1479:0  1479 1480 5218304
1485:0  1485 1486 5218304
1497:0  1497 1498 5218304
1503:0  1503 1504 5218304
1509:0  1509 1510 5218304
1515:0  1515 1516 5218304
1528:0  1528 1529 18432
1528:1  1528 1529 2048
1531:0  1531 1532 5218304
1554:0  1554 1555 5218304
1554:1  1554 1555 5218304
1554:2  1554 1555 1048576
1554:3  1554 1555 244608
1563:0  1563 1564 5218304
1563:1  1563 1564 1048576
1563:2  1563 1564 5218304
1563:3  1563 1564 1282176
1563:4  1563 1564 1302528
1563:65  1563 1564 305280
1563:66  1563 1564 325632
1563:73  1563 1564 12288
1563:74  1563 1564 24576
1563:76  1563 1564 49152
1566:0  1566 1567 5218304
1569:0  1569 1570 5218304
1591:0  1591 1592 5218304
1598:0  1598 1599 5218304
1604:0  1604 1605 5218304
1610:0  1610 1611 5218304
1622:0  1622 1623 5218304
1628:0  1628 1629 5218304
1634:0  1634 1635 5218304
1640:0  1640 1641 5218304
1653:0  1653 1654 18432
1653:1  1653 1654 2048
1656:0  1656 1657 5218304
1679:0  1679 1680 5218304
1679:1  1679 1680 2609152
1679:2  1679 1680 524288
1679:3  1679 1680 244608
1688:0  1688 1689 5218304
1688:1  1688 1689 524288
1688:2  1688 1689 2609152
1688:3  1688 1689 610560
1688:4  1688 1689 1302528
1688:11  1688 1689 24576
1688:13  1688 1689 49152
1691:0  1691 1692 2609152
1694:0  1694 1695 2609152
1717:0  1717 1718 10436608
1724:0  1724 1725 10436608
1730:0  1730 1731 10436608
1736:0  1736 1737 10436608
1742:0  1742 1743 10436608
1748:0  1748 1749 10436608
1754:0  1754 1755 10436608
1760:0  1760 1761 10436608
1766:0  1766 1767 10436608
1779:0  1779 1780 9216
1779:1  1779 1780 1024
1782:0  1782 1783 10436608
1806:0  1806 1807 10436608
1806:1  1806 1807 10436608
1806:2  1806 1807 262144
1806:3  1806 1807 2446080
1806:4  1806 1807 2609152
1806:59  1806 1807 611520
1806:60  1806 1807 652288
1806:67  1806 1807 244608
1806:68  1806 1807 978432
1815:0  1815 1816 10436608
1815:1  1815 1816 262144
1815:2  1815 1816 10436608
1815:3  1815 1816 2446080
1815:4  1815 1816 2609152
1815:11  1815 1816 12288
1815:12  1815 1816 24576
1818:0  1818 1819 10436608
1821:0  1821 1822 10436608
1843:0  1843 1844 10436608
1850:0  1850 1851 10436608
1856:0  1856 1857 10436608
1862:0  1862 1863 10436608
1874:0  1874 1875 10436608
1880:0  1880 1881 10436608
1886:0  1886 1887 10436608
1892:0  1892 1893 10436608
1905:0  1905 1906 9216
1905:1  1905 1906 1024
1908:0  1908 1909 10436608
1931:0  1931 1932 10436608
1931:1  1931 1932 5218304
1931:2  1931 1932 131072
1931:3  1931 1932 1223040
1931:4  1931 1932 2609152
1931:11  1931 1932 489216
1931:12  1931 1932 978432
1940:0  1940 1941 10436608
1940:1  1940 1941 131072
1940:2  1940 1941 5218304
1940:3  1940 1941 24576
1943:0  1943 1944 5218304
1946:0  1946 1947 5218304
1969:0  1969 1970 20873216
1976:0  1976 1977 20873216
1982:0  1982 1983 20873216
1988:0  1988 1989 20873216
1994:0  1994 1995 20873216
2000:0  2000 2001 20873216
2006:0  2006 2007 20873216
2012:0  2012 2013 20873216
2018:0  2018 2019 20873216
2031:0  2031 2032 4608
2031:1  2031 2032 512
2034:0  2034 2035 20873216
2058:0  2058 2059 20873216
2058:1  2058 2059 20873216
2058:2  2058 2059 65536
2058:3  2058 2059 4892160
2058:4  2058 2059 5218304
2058:11  2058 2059 1956864
2058:12  2058 2059 3913728
2067:0  2067 2068 20873216
2067:1  2067 2068 65536
2067:2  2067 2068 20873216
2067:3  2067 2068 12288
2070:0  2070 2071 20873216
2073:0  2073 2074 20873216
2095:0  2095 2096 20873216
2102:0  2102 2103 20873216
2108:0  2108 2109 20873216
2114:0  2114 2115 20873216
2126:0  2126 2127 20873216
2132:0  2132 2133 20873216
2138:0  2138 2139 20873216
2144:0  2144 2145 20873216
2157:0  2157 2158 4608
2157:1  2157 2158 512
2160:0  2160 2161 20873216
2183:0  2183 2184 20873216
2183:1  2183 2184 10436608
2183:2  2183 2184 32768
2183:3  2183 2184 3913728
2192:0  2192 2193 20873216
2192:1  2192 2193 32768
2192:2  2192 2193 10436608
2192:3  2192 2193 12288
2195:0  2195 2196 10436608
2198:0  2198 2199 10436608
2221:0  2221 2222 41746432
2228:0  2228 2229 41746432
2234:0  2234 2235 41746432
2240:0  2240 2241 41746432
2246:0  2246 2247 41746432
2252:0  2252 2253 41746432
2258:0  2258 2259 41746432
2264:0  2264 2265 41746432
2270:0  2270 2271 41746432
2283:0  2283 2284 2304
2283:1  2283 2284 256
2286:0  2286 2287 41746432
2310:0  2310 2311 41746432
2310:1  2310 2311 20873216
2310:2  2310 2311 8192
2310:3  2310 2311 15654912
2319:0  2319 2320 41746432
2319:1  2319 2320 8192
2319:2  2319 2320 20873216
2319:3  2319 2320 6144
2322:0  2322 2323 20873216
2325:0  2325 2326 20873216
2348:0  2348 2349 20873216
2355:0  2355 2356 20873216
2361:0  2361 2362 20873216
2367:0  2367 2368 20873216
2379:0  2379 2380 20873216
2385:0  2385 2386 20873216
2391:0  2391 2392 20873216
2397:0  2397 2398 20873216
2410:0  2410 2411 1152
2410:1  2410 2411 128
2413:0  2413 2414 20873216
2436:0  2436 2437 20873216
2436:1  2436 2437 17611776
2436:2  2436 2437 3456
2436:3  2436 2437 15654912
0  0 2 64
1  1 4 64
2  2 5 64
3  3 5 64
4  4 7 64
5  5 9 52096
6  6 8 64
7  7 9 52096
8  8 15 52096
9  9 11 64
10  10 12 64
11  11 13 64
12  12 14 64
13  13 15 52096
14  14 755 52096
15  15 17 7827456
16  16 18 10436608
17  17 2437 17611776
18  18 20 3456
19  19 25 20873216
20  20 22 20873216
21  21 23 1605632
22  22 24 1605632
23  23 26 128
24  24 28 20873216
25  25 27 128
26  26 28 20873216
27  27 39 20873216
28  28 30 20873216
29  29 31 20873216
30  30 32 1605632
31  31 33 1605632
32  32 34 128
33  33 35 128
34  34 36 128
35  35 37 128
36  36 38 128
37  37 2425 20873216
38  38 2419 20873216
39  39 2424 20873216
40  40 43 20873216
41  41 43 20873216
42  42 44 20873216
43  43 2406 20873216
44  44 2398 20873216
45  45 51 20873216
46  46 48 20873216
47  47 49 1605632
48  48 50 1605632
49  49 52 128
50  50 54 20873216
51  51 53 128
52  52 54 20873216
53  53 65 20873216
54  54 56 20873216
55  55 57 20873216
56  56 58 1605632
57  57 59 1605632
58  58 60 128
59  59 61 128
60  60 62 128
61  61 63 128
62  62 64 128
63  63 2337 20873216
64  64 2331 20873216
65  65 2336 20873216
66  66 69 20873216
67  67 69 20873216
68  68 70 20873216
69  69 2314 20873216
70  70 72 20873216
71  71 2311 20873216
72  72 74 8192
73  73 79 41746432
74  74 76 41746432
75  75 77 3211264
76  76 78 3211264
77  77 80 256
78  78 82 41746432
79  79 81 256
80  80 82 41746432
81  81 93 41746432
82  82 84 41746432
83  83 85 41746432
84  84 86 3211264
85  85 87 3211264
86  86 88 256
87  87 89 256
88  88 90 256
89  89 91 256
90  90 92 256
91  91 2298 41746432
92  92 2292 41746432
93  93 2297 41746432
94  94 97 41746432
95  95 97 41746432
96  96 98 41746432
97  97 2279 41746432
98  98 2271 41746432
99  99 105 10436608
100  100 102 10436608
101  101 103 802816
102  102 104 802816
103  103 106 256
104  104 108 10436608
105  105 107 256
106  106 108 10436608
107  107 119 10436608
108  108 110 10436608
109  109 111 10436608
110  110 112 802816
111  111 113 802816
112  112 114 256
113  113 115 256
114  114 116 256
115  115 117 256
116  116 118 256
117  117 2210 10436608
118  118 2204 10436608
119  119 2209 10436608
120  120 123 10436608
121  121 123 10436608
122  122 124 10436608
123  123 2187 10436608
124  124 126 10436608
125  125 2184 10436608
126  126 128 32768
127  127 133 20873216
128  128 130 20873216
129  129 131 1605632
130  130 132 1605632
131  131 134 512
132  132 136 20873216
133  133 135 512
134  134 136 20873216
135  135 147 20873216
136  136 138 20873216
137  137 139 20873216
138  138 140 1605632
139  139 141 1605632
140  140 142 512
141  141 143 512
142  142 144 512
143  143 145 512
144  144 146 512
145  145 2172 20873216
146  146 2166 20873216
147  147 2171 20873216
148  148 151 20873216
149  149 151 20873216
150  150 152 20873216
151  151 2153 20873216
152  152 2145 20873216
153  153 159 20873216
154  154 156 20873216
155  155 157 1605632
156  156 158 1605632
157  157 160 512
158  158 162 20873216
159  159 161 512
160  160 162 20873216
161  161 173 20873216
162  162 164 20873216
163  163 165 20873216
164  164 166 1605632
165  165 167 1605632
166  166 168 512
167  167 169 512
168  168 170 512
169  169 171 512
170  170 172 512
171  171 2085 20873216
172  172 2079 20873216
173  173 2084 20873216
174  174 177 20873216
175  175 177 20873216
176  176 178 20873216
177  177 2062 20873216
178  178 180 20873216
179  179 2059 20873216
180  180 182 65536
181  181 187 20873216
182  182 184 20873216
183  183 185 1605632
184  184 186 1605632
185  185 188 512
186  186 190 20873216
187  187 189 512
188  188 190 20873216
189  189 201 20873216
190  190 192 20873216
191  191 193 20873216
192  192 194 1605632
193  193 195 1605632
194  194 196 512
195  195 197 512
196  196 198 512
197  197 199 512
198  198 200 512
199  199 2046 20873216
200  200 2040 20873216
201  201 2045 20873216
202  202 205 20873216
203  203 205 20873216
204  204 206 20873216
205  205 2027 20873216
206  206 2019 20873216
207  207 213 5218304
208  208 210 5218304
209  209 211 401408
210  210 212 401408
211  211 214 512
212  212 216 5218304
213  213 215 512
214  214 216 5218304
215  215 227 5218304
216  216 218 5218304
217  217 219 5218304
218  218 220 401408
219  219 221 401408
220  220 222 512
221  221 223 512
222  222 224 512
223  223 225 512
224  224 226 512
225  225 1958 5218304
226  226 1952 5218304
227  227 1957 5218304
228  228 231 5218304
229  229 231 5218304
230  230 232 5218304
231  231 1935 5218304
232  232 234 5218304
233  233 1932 5218304
234  234 236 131072
235  235 241 10436608
236  236 238 10436608
237  237 239 802816
238  238 240 802816
239  239 242 1024
240  240 244 10436608
241  241 243 1024
242  242 244 10436608
243  243 255 10436608
244  244 246 10436608
245  245 247 10436608
246  246 248 802816
247  247 249 802816
248  248 250 1024
249  249 251 1024
250  250 252 1024
251  251 253 1024
252  252 254 1024
253  253 1920 10436608
254  254 1914 10436608
255  255 1919 10436608
256  256 259 10436608
257  257 259 10436608
258  258 260 10436608
259  259 1901 10436608
260  260 1893 10436608
261  261 267 10436608
262  262 264 10436608
263  263 265 802816
264  264 266 802816
265  265 268 1024
266  266 270 10436608
267  267 269 1024
268  268 270 10436608
269  269 281 10436608
270  270 272 10436608
271  271 273 10436608
272  272 274 802816
273  273 275 802816
274  274 276 1024
275  275 277 1024
276  276 278 1024
277  277 279 1024
278  278 280 1024
279  279 1833 10436608
280  280 1827 10436608
281  281 1832 10436608
282  282 285 10436608
283  283 285 10436608
284  284 286 10436608
285  285 1810 10436608
286  286 288 10436608
287  287 1807 10436608
288  288 290 262144
289  289 295 10436608
290  290 292 10436608
291  291 293 802816
292  292 294 802816
293  293 296 1024
294  294 298 10436608
295  295 297 1024
296  296 298 10436608
297  297 309 10436608
298  298 300 10436608
299  299 301 10436608
300  300 302 802816
301  301 303 802816
302  302 304 1024
303  303 305 1024
304  304 306 1024
305  305 307 1024
306  306 308 1024
307  307 1794 10436608
308  308 1788 10436608
309  309 1793 10436608
310  310 313 10436608
311  311 313 10436608
312  312 314 10436608
313  313 1775 10436608
314  314 1767 10436608
315  315 321 2609152
316  316 318 2609152
317  317 319 200704
318  318 320 200704
319  319 322 1024
320  320 324 2609152
321  321 323 1024
322  322 324 2609152
323  323 335 2609152
324  324 326 2609152
325  325 327 2609152
326  326 328 200704
327  327 329 200704
328  328 330 1024
329  329 331 1024
330  330 332 1024
331  331 333 1024
332  332 334 1024
333  333 1706 2609152
334  334 1700 2609152
335  335 1705 2609152
336  336 339 2609152
337  337 339 2609152
338  338 340 2609152
339  339 1683 2609152
340  340 342 2609152
341  341 1680 2609152
342  342 344 524288
343  343 349 5218304
344  344 346 5218304
345  345 347 401408
346  346 348 401408
347  347 350 2048
348  348 352 5218304
349  349 351 2048
350  350 352 5218304
351  351 363 5218304
352  352 354 5218304
353  353 355 5218304
354  354 356 401408
355  355 357 401408
356  356 358 2048
357  357 359 2048
358  358 360 2048
359  359 361 2048
360  360 362 2048
361  361 1668 5218304
362  362 1662 5218304
363  363 1667 5218304
364  364 367 5218304
365  365 367 5218304
366  366 368 5218304
367  367 1649 5218304
368  368 1641 5218304
369  369 375 5218304
370  370 372 5218304
371  371 373 401408
372  372 374 401408
373  373 376 2048
374  374 378 5218304
375  375 377 2048
376  376 378 5218304
377  377 389 5218304
378  378 380 5218304
379  379 381 5218304
380  380 382 401408
381  381 383 401408
382  382 384 2048
383  383 385 2048
384  384 386 2048
385  385 387 2048
386  386 388 2048
387  387 1581 5218304
388  388 1575 5218304
389  389 1580 5218304
390  390 393 5218304
391  391 393 5218304
392  392 394 5218304
393  393 1558 5218304
394  394 396 5218304
395  395 1555 5218304
396  396 398 1048576
397  397 403 5218304
398  398 400 5218304
399  399 401 401408
400  400 402 401408
401  401 404 2048
402  402 406 5218304
403  403 405 2048
404  404 406 5218304
405  405 417 5218304
406  406 408 5218304
407  407 409 5218304
408  408 410 401408
409  409 411 401408
410  410 412 2048
411  411 413 2048
412  412 414 2048
413  413 415 2048
414  414 416 2048
415  415 1543 5218304
416  416 1537 5218304
417  417 1542 5218304
418  418 421 5218304
419  419 421 5218304
420  420 422 5218304
421  421 1524 5218304
422  422 1516 5218304
423  423 429 5218304
424  424 426 5218304
425  425 427 401408
426  426 428 401408
427  427 430 2048
428  428 432 5218304
429  429 431 2048
430  430 432 5218304
431  431 443 5218304
432  432 434 5218304
433  433 435 5218304
434  434 436 401408
435  435 437 401408
436  436 438 2048
437  437 439 2048
438  438 440 2048
439  439 441 2048
440  440 442 2048
441  441 1456 5218304
442  442 1450 5218304
443  443 1455 5218304
444  444 447 5218304
445  445 447 5218304
446  446 448 5218304
447  447 1433 5218304
448  448 450 5218304
449  449 1430 5218304
450  450 452 1048576
451  451 457 5218304
452  452 454 5218304
453  453 455 401408
454  454 456 401408
455  455 458 2048
456  456 460 5218304
457  457 459 2048
458  458 460 5218304
459  459 471 5218304
460  460 462 5218304
461  461 463 5218304
462  462 464 401408
463  463 465 401408
464  464 466 2048
465  465 467 2048
466  466 468 2048
467  467 469 2048
468  468 470 2048
469  469 1418 5218304
470  470 1412 5218304
471  471 1417 5218304
472  472 475 5218304
473  473 475 5218304
474  474 476 5218304
475  475 1399 5218304
476  476 1391 5218304
477  477 483 5218304
478  478 480 5218304
479  479 481 401408
480  480 482 401408
481  481 484 2048
482  482 486 5218304
483  483 485 2048
484  484 486 5218304
485  485 497 5218304
486  486 488 5218304
487  487 489 5218304
488  488 490 401408
489  489 491 401408
490  490 492 2048
491  491 493 2048
492  492 494 2048
493  493 495 2048
494  494 496 2048
495  495 1331 5218304
496  496 1325 5218304
497  497 1330 5218304
498  498 501 5218304
499  499 501 5218304
500  500 502 5218304
501  501 1308 5218304
502  502 504 5218304
503  503 1305 5218304
504  504 506 1048576
505  505 511 5218304
506  506 508 5218304
507  507 509 401408
508  508 510 401408
509  509 512 2048
510  510 514 5218304
511  511 513 2048
512  512 514 5218304
513  513 525 5218304
514  514 516 5218304
515  515 517 5218304
516  516 518 401408
517  517 519 401408
518  518 520 2048
519  519 521 2048
520  520 522 2048
521  521 523 2048
522  522 524 2048
523  523 1293 5218304
524  524 1287 5218304
525  525 1292 5218304
526  526 529 5218304
527  527 529 5218304
528  528 530 5218304
529  529 1274 5218304
530  530 1266 5218304
531  531 537 5218304
532  532 534 5218304
533  533 535 401408
534  534 536 401408
535  535 538 2048
536  536 540 5218304
537  537 539 2048
538  538 540 5218304
539  539 551 5218304
540  540 542 5218304
541  541 543 5218304
542  542 544 401408
543  543 545 401408
544  544 546 2048
545  545 547 2048
546  546 548 2048
547  547 549 2048
548  548 550 2048
549  549 1206 5218304
550  550 1200 5218304
551  551 1205 5218304
552  552 555 5218304
553  553 555 5218304
554  554 556 5218304
555  555 1183 5218304
556  556 558 5218304
557  557 1180 5218304
558  558 560 1048576
559  559 565 5218304
560  560 562 5218304
561  561 563 401408
562  562 564 401408
563  563 566 2048
564  564 568 5218304
565  565 567 2048
566  566 568 5218304
567  567 579 5218304
568  568 570 5218304
569  569 571 5218304
570  570 572 401408
571  571 573 401408
572  572 574 2048
573  573 575 2048
574  574 576 2048
575  575 577 2048
576  576 578 2048
577  577 1168 5218304
578  578 1162 5218304
579  579 1167 5218304
580  580 583 5218304
581  581 583 5218304
582  582 584 5218304
583  583 1149 5218304
584  584 1141 5218304
585  585 591 5218304
586  586 588 5218304
587  587 589 401408
588  588 590 401408
589  589 592 2048
590  590 594 5218304
591  591 593 2048
592  592 594 5218304
593  593 605 5218304
594  594 596 5218304
595  595 597 5218304
596  596 598 401408
597  597 599 401408
598  598 600 2048
599  599 601 2048
600  600 602 2048
601  601 603 2048
602  602 604 2048
603  603 1081 5218304
604  604 1075 5218304
605  605 1080 5218304
606  606 609 5218304
607  607 609 5218304
608  608 610 5218304
609  609 1058 5218304
610  610 612 5218304
611  611 1055 5218304
612  612 614 1048576
613  613 619 5218304
614  614 616 5218304
615  615 617 401408
616  616 618 401408
617  617 620 2048
618  618 622 5218304
619  619 621 2048
620  620 622 5218304
621  621 633 5218304
622  622 624 5218304
623  623 625 5218304
624  624 626 401408
625  625 627 401408
626  626 628 2048
627  627 629 2048
628  628 630 2048
629  629 631 2048
630  630 632 2048
631  631 1042 5218304
632  632 1036 5218304
633  633 1041 5218304
634  634 637 5218304
635  635 637 5218304
636  636 638 5218304
637  637 1023 5218304
638  638 1015 5218304
639  639 645 1304576
640  640 642 1304576
641  641 643 100352
642  642 644 100352
643  643 646 2048
644  644 648 1304576
645  645 647 2048
646  646 648 1304576
647  647 659 1304576
648  648 650 1304576
649  649 651 1304576
650  650 652 100352
651  651 653 100352
652  652 654 2048
653  653 655 2048
654  654 656 2048
655  655 657 2048
656  656 658 2048
657  657 954 1304576
658  658 948 1304576
659  659 953 1304576
660  660 663 1304576
661  661 663 1304576
662  662 664 1304576
663  663 931 1304576
664  664 666 1304576
665  665 928 1304576
666  666 668 2097152
667  667 673 2609152
668  668 670 2609152
669  669 671 200704
670  670 672 200704
671  671 674 4096
672  672 676 2609152
673  673 675 4096
674  674 676 2609152
675  675 687 2609152
676  676 678 2609152
677  677 679 2609152
678  678 680 200704
679  679 681 200704
680  680 682 4096
681  681 683 4096
682  682 684 4096
683  683 685 4096
684  684 686 4096
685  685 916 2609152
686  686 910 2609152
687  687 915 2609152
688  688 691 2609152
689  689 691 2609152
690  690 692 2609152
691  691 897 2609152
692  692 889 2609152
693  693 699 2609152
694  694 696 2609152
695  695 697 200704
696  696 698 200704
697  697 700 4096
698  698 702 2609152
699  699 701 4096
700  700 702 2609152
701  701 713 2609152
702  702 704 2609152
703  703 705 2609152
704  704 706 200704
705  705 707 200704
706  706 708 4096
707  707 709 4096
708  708 710 4096
709  709 711 4096
710  710 712 4096
711  711 829 2609152
712  712 823 2609152
713  713 828 2609152
714  714 717 2609152
715  715 717 2609152
716  716 718 2609152
717  717 806 2609152
718  718 720 2609152
719  719 803 2609152
720  720 722 4194304
721  721 727 2609152
722  722 724 2609152
723  723 725 200704
724  724 726 200704
725  725 728 4096
726  726 730 2609152
727  727 729 4096
728  728 730 2609152
729  729 741 2609152
730  730 732 2609152
731  731 733 2609152
732  732 734 200704
733  733 735 200704
734  734 736 4096
735  735 737 4096
736  736 738 4096
737  737 739 4096
738  738 740 4096
739  739 790 2609152
740  740 784 2609152
741  741 789 2609152
742  742 745 2609152
743  743 745 2609152
744  744 746 2609152
745  745 768 2609152
746  746 748 2609152
747  747 749 53248
748  748 750 53248
749  749 765 53248
750  750 753 52096
751  751 753 52096
752  752 754 52096
753  753 762 52096
754  754 761 52096
755  755 757 52096
756  756 758 52096
757  757 759 64
758  758 760 64
759  759 761 52096
760  760 762 52096
761  761 772 52096
762  762 764 52096
763  763 2471 4032
764  764 2519 4100096
765  765 767 2609152
766  766 771 2609152
767  767 769 2609152
768  768 770 2609152
769  769 771 2609152
770  770 777 2609152
771  771 773 53248
772  772 774 53248
773  773 775 127848448
774  774 776 2609152
775  775 777 2609152
776  776 778 2609152
777  777 783 2609152
778  778 780 2609152
779  779 781 200704
780  780 782 200704
781  781 2472 4096
782  782 789 2609152
783  783 785 2609152
784  784 786 2609152
785  785 787 200704
786  786 788 200704
787  787 2473 4096
788  788 790 2609152
789  789 801 2609152
790  790 792 2609152
791  791 793 2609152
792  792 794 200704
793  793 795 200704
794  794 796 4096
795  795 797 4096
796  796 799 4096
797  797 925 2609152
798  798 800 2609152
799  799 801 2609152
800  800 811 2609152
801  801 803 2609152
802  802 2474 4194304
803  803 805 2609152
804  804 809 2609152
805  805 807 2609152
806  806 808 2609152
807  807 809 2609152
808  808 816 2609152
809  809 812 4194304
810  810 812 2609152
811  811 813 2609152
812  812 814 2609152
813  813 815 2609152
814  814 816 2609152
815  815 817 2609152
816  816 822 2609152
817  817 819 2609152
818  818 820 200704
819  819 821 200704
820  820 2475 4096
821  821 828 2609152
822  822 824 2609152
823  823 825 2609152
824  824 826 200704
825  825 827 200704
826  826 2476 4096
827  827 829 2609152
828  828 839 2609152
829  829 831 2609152
830  830 832 2609152
831  831 833 200704
832  832 834 200704
833  833 835 4096
834  834 836 4096
835  835 837 4096
836  836 838 2609152
837  837 839 2609152
838  838 901 2609152
839  839 842 2609152
840  840 890 2609152
841  841 843 2609152
842  842 844 2609152
843  843 845 53248
844  844 846 53248
845  845 2477 4096
846  846 848 2609152
847  847 849 2609152
848  848 850 2609152
849  849 851 53248
850  850 852 53248
851  851 2477 4096
852  852 854 2609152
853  853 855 2609152
854  854 856 2609152
855  855 857 53248
856  856 858 53248
857  857 2477 4096
858  858 860 2609152
859  859 861 2609152
860  860 862 2609152
861  861 863 53248
862  862 864 53248
863  863 2477 4096
864  864 866 2609152
865  865 867 2609152
866  866 868 2609152
867  867 869 53248
868  868 870 53248
869  869 2477 4096
870  870 872 2609152
871  871 873 2609152
872  872 874 2609152
873  873 875 53248
874  874 876 53248
875  875 2477 4096
876  876 878 2609152
877  877 879 2609152
878  878 880 2609152
879  879 881 53248
880  880 882 53248
881  881 2477 4096
882  882 884 2609152
883  883 885 2609152
884  884 886 2609152
885  885 887 53248
886  886 888 53248
887  887 2477 4096
888  888 890 2609152
889  889 891 2609152
890  890 892 2609152
891  891 893 53248
892  892 894 53248
893  893 2477 4096
894  894 896 2609152
895  895 900 2609152
896  896 898 2609152
897  897 899 2609152
898  898 900 2609152
899  899 903 2609152
900  900 902 2609152
901  901 903 2609152
902  902 904 2609152
903  903 909 2609152
904  904 906 2609152
905  905 907 200704
906  906 908 200704
907  907 2478 4096
908  908 915 2609152
909  909 911 2609152
910  910 912 2609152
911  911 913 200704
912  912 914 200704
913  913 2479 4096
914  914 916 2609152
915  915 926 2609152
916  916 918 2609152
917  917 919 2609152
918  918 920 200704
919  919 921 200704
920  920 922 4096
921  921 923 4096
922  922 924 4096
923  923 925 2609152
924  924 926 2609152
925  925 936 2609152
926  926 928 2609152
927  927 2480 2097152
928  928 930 1304576
929  929 934 1304576
930  930 932 1304576
931  931 933 1304576
932  932 934 1304576
933  933 941 1304576
934  934 937 2097152
935  935 937 2609152
936  936 938 1304576
937  937 939 1304576
938  938 940 1304576
939  939 941 1304576
940  940 942 1304576
941  941 947 1304576
942  942 944 1304576
943  943 945 100352
944  944 946 100352
945  945 2481 2048
946  946 953 1304576
947  947 949 1304576
948  948 950 1304576
949  949 951 100352
950  950 952 100352
951  951 2482 2048
952  952 954 1304576
953  953 965 1304576
954  954 956 1304576
955  955 957 1304576
956  956 958 100352
957  957 959 100352
958  958 960 2048
959  959 961 2048
960  960 963 2048
961  961 964 1304576
962  962 964 1304576
963  963 965 1304576
964  964 1027 1304576
965  965 968 1304576
966  966 1016 1304576
967  967 969 1304576
968  968 970 1304576
969  969 971 26624
970  970 972 26624
971  971 2483 2048
972  972 974 1304576
973  973 975 1304576
974  974 976 1304576
975  975 977 26624
976  976 978 26624
977  977 2483 2048
978  978 980 1304576
979  979 981 1304576
980  980 982 1304576
981  981 983 26624
982  982 984 26624
983  983 2483 2048
984  984 986 1304576
985  985 987 1304576
986  986 988 1304576
987  987 989 26624
988  988 990 26624
989  989 2483 2048
990  990 992 1304576
991  991 993 1304576
992  992 994 1304576
993  993 995 26624
994  994 996 26624
995  995 2483 2048
996  996 998 1304576
997  997 999 1304576
998  998 1000 1304576
999  999 1001 26624
1000  1000 1002 26624
1001  1001 2483 2048
1002  1002 1004 1304576
1003  1003 1005 1304576
1004  1004 1006 1304576
1005  1005 1007 26624
1006  1006 1008 26624
1007  1007 2483 2048
1008  1008 1010 1304576
1009  1009 1011 1304576
1010  1010 1012 1304576
1011  1011 1013 26624
1012  1012 1014 26624
1013  1013 2483 2048
1014  1014 1016 1304576
1015  1015 1017 1304576
1016  1016 1018 1304576
1017  1017 1019 26624
1018  1018 1020 26624
1019  1019 2483 2048
1020  1020 1022 5218304
1021  1021 1026 5218304
1022  1022 1024 5218304
1023  1023 1025 5218304
1024  1024 1026 5218304
1025  1025 1029 5218304
1026  1026 1028 1304576
1027  1027 1029 5218304
1028  1028 1030 5218304
1029  1029 1035 5218304
1030  1030 1032 5218304
1031  1031 1033 401408
1032  1032 1034 401408
1033  1033 2484 2048
1034  1034 1041 5218304
1035  1035 1037 5218304
1036  1036 1038 5218304
1037  1037 1039 401408
1038  1038 1040 401408
1039  1039 2485 2048
1040  1040 1042 5218304
1041  1041 1053 5218304
1042  1042 1044 5218304
1043  1043 1045 5218304
1044  1044 1046 401408
1045  1045 1047 401408
1046  1046 1048 2048
1047  1047 1049 2048
1048  1048 1051 2048
1049  1049 1677 5218304
1050  1050 1052 5218304
1051  1051 1053 5218304
1052  1052 1063 5218304
1053  1053 1055 5218304
1054  1054 2486 1048576
1055  1055 1057 5218304
1056  1056 1061 5218304
1057  1057 1059 5218304
1058  1058 1060 5218304
1059  1059 1061 5218304
1060  1060 1068 5218304
1061  1061 1064 1048576
1062  1062 1064 5218304
1063  1063 1065 5218304
1064  1064 1066 5218304
1065  1065 1067 5218304
1066  1066 1068 5218304
1067  1067 1069 5218304
1068  1068 1074 5218304
1069  1069 1071 5218304
1070  1070 1072 401408
1071  1071 1073 401408
1072  1072 2487 2048
1073  1073 1080 5218304
1074  1074 1076 5218304
1075  1075 1077 5218304
1076  1076 1078 401408
1077  1077 1079 401408
1078  1078 2488 2048
1079  1079 1081 5218304
1080  1080 1091 5218304
1081  1081 1083 5218304
1082  1082 1084 5218304
1083  1083 1085 401408
1084  1084 1086 401408
1085  1085 1087 2048
1086  1086 1088 2048
1087  1087 1089 2048
1088  1088 1090 5218304
1089  1089 1091 5218304
1090  1090 1153 5218304
1091  1091 1094 5218304
1092  1092 1142 5218304
1093  1093 1095 5218304
1094  1094 1096 5218304
1095  1095 1097 26624
1096  1096 1098 26624
1097  1097 2489 2048
1098  1098 1100 5218304
1099  1099 1101 5218304
1100  1100 1102 5218304
1101  1101 1103 26624
1102  1102 1104 26624
1103  1103 2489 2048
1104  1104 1106 5218304
1105  1105 1107 5218304
1106  1106 1108 5218304
1107  1107 1109 26624
1108  1108 1110 26624
1109  1109 2489 2048
1110  1110 1112 5218304
1111  1111 1113 5218304
1112  1112 1114 5218304
1113  1113 1115 26624
1114  1114 1116 26624
1115  1115 2489 2048
1116  1116 1118 5218304
1117  1117 1119 5218304
1118  1118 1120 5218304
1119  1119 1121 26624
1120  1120 1122 26624
1121  1121 2489 2048
1122  1122 1124 5218304
1123  1123 1125 5218304
1124  1124 1126 5218304
1125  1125 1127 26624
1126  1126 1128 26624
1127  1127 2489 2048
1128  1128 1130 5218304
1129  1129 1131 5218304
1130  1130 1132 5218304
1131  1131 1133 26624
1132  1132 1134 26624
1133  1133 2489 2048
1134  1134 1136 5218304
1135  1135 1137 5218304
1136  1136 1138 5218304
1137  1137 1139 26624
1138  1138 1140 26624
1139  1139 2489 2048
1140  1140 1142 5218304
1141  1141 1143 5218304
1142  1142 1144 5218304
1143  1143 1145 26624
1144  1144 1146 26624
1145  1145 2489 2048
1146  1146 1148 5218304
1147  1147 1152 5218304
1148  1148 1150 5218304
1149  1149 1151 5218304
1150  1150 1152 5218304
1151  1151 1155 5218304
1152  1152 1154 5218304
1153  1153 1155 5218304
1154  1154 1156 5218304
1155  1155 1161 5218304
1156  1156 1158 5218304
1157  1157 1159 401408
1158  1158 1160 401408
1159  1159 2490 2048
1160  1160 1167 5218304
1161  1161 1163 5218304
1162  1162 1164 5218304
1163  1163 1165 401408
1164  1164 1166 401408
1165  1165 2491 2048
1166  1166 1168 5218304
1167  1167 1178 5218304
1168  1168 1170 5218304
1169  1169 1171 5218304
1170  1170 1172 401408
1171  1171 1173 401408
1172  1172 1174 2048
1173  1173 1175 2048
1174  1174 1176 2048
1175  1175 1177 5218304
1176  1176 1178 5218304
1177  1177 1188 5218304
1178  1178 1180 5218304
1179  1179 2492 1048576
1180  1180 1182 5218304
1181  1181 1186 5218304
1182  1182 1184 5218304
1183  1183 1185 5218304
1184  1184 1186 5218304
1185  1185 1193 5218304
1186  1186 1189 1048576
1187  1187 1189 5218304
1188  1188 1190 5218304
1189  1189 1191 5218304
1190  1190 1192 5218304
1191  1191 1193 5218304
1192  1192 1194 5218304
1193  1193 1199 5218304
1194  1194 1196 5218304
1195  1195 1197 401408
1196  1196 1198 401408
1197  1197 2493 2048
1198  1198 1205 5218304
1199  1199 1201 5218304
1200  1200 1202 5218304
1201  1201 1203 401408
1202  1202 1204 401408
1203  1203 2494 2048
1204  1204 1206 5218304
1205  1205 1216 5218304
1206  1206 1208 5218304
1207  1207 1209 5218304
1208  1208 1210 401408
1209  1209 1211 401408
1210  1210 1212 2048
1211  1211 1213 2048
1212  1212 1214 2048
1213  1213 1215 5218304
1214  1214 1216 5218304
1215  1215 1278 5218304
1216  1216 1219 5218304
1217  1217 1267 5218304
1218  1218 1220 5218304
1219  1219 1221 5218304
1220  1220 1222 26624
1221  1221 1223 26624
1222  1222 2495 2048
1223  1223 1225 5218304
1224  1224 1226 5218304
1225  1225 1227 5218304
1226  1226 1228 26624
1227  1227 1229 26624
1228  1228 2495 2048
1229  1229 1231 5218304
1230  1230 1232 5218304
1231  1231 1233 5218304
1232  1232 1234 26624
1233  1233 1235 26624
1234  1234 2495 2048
1235  1235 1237 5218304
1236  1236 1238 5218304
1237  1237 1239 5218304
1238  1238 1240 26624
1239  1239 1241 26624
1240  1240 2495 2048
1241  1241 1243 5218304
1242  1242 1244 5218304
1243  1243 1245 5218304
1244  1244 1246 26624
1245  1245 1247 26624
1246  1246 2495 2048
1247  1247 1249 5218304
1248  1248 1250 5218304
1249  1249 1251 5218304
1250  1250 1252 26624
1251  1251 1253 26624
1252  1252 2495 2048
1253  1253 1255 5218304
1254  1254 1256 5218304
1255  1255 1257 5218304
1256  1256 1258 26624
1257  1257 1259 26624
1258  1258 2495 2048
1259  1259 1261 5218304
1260  1260 1262 5218304
1261  1261 1263 5218304
1262  1262 1264 26624
1263  1263 1265 26624
1264  1264 2495 2048
1265  1265 1267 5218304
1266  1266 1268 5218304
1267  1267 1269 5218304
1268  1268 1270 26624
1269  1269 1271 26624
1270  1270 2495 2048
1271  1271 1273 5218304
1272  1272 1277 5218304
1273  1273 1275 5218304
1274  1274 1276 5218304
1275  1275 1277 5218304
1276  1276 1280 5218304
1277  1277 1279 5218304
1278  1278 1280 5218304
1279  1279 1281 5218304
1280  1280 1286 5218304
1281  1281 1283 5218304
1282  1282 1284 401408
1283  1283 1285 401408
1284  1284 2496 2048
1285  1285 1292 5218304
1286  1286 1288 5218304
1287  1287 1289 5218304
1288  1288 1290 401408
1289  1289 1291 401408
1290  1290 2497 2048
1291  1291 1293 5218304
1292  1292 1303 5218304
1293  1293 1295 5218304
1294  1294 1296 5218304
1295  1295 1297 401408
1296  1296 1298 401408
1297  1297 1299 2048
1298  1298 1300 2048
1299  1299 1301 2048
1300  1300 1302 5218304
1301  1301 1303 5218304
1302  1302 1313 5218304
1303  1303 1305 5218304
1304  1304 2498 1048576
1305  1305 1307 5218304
1306  1306 1311 5218304
1307  1307 1309 5218304
1308  1308 1310 5218304
1309  1309 1311 5218304
1310  1310 1318 5218304
1311  1311 1314 1048576
1312  1312 1314 5218304
1313  1313 1315 5218304
1314  1314 1316 5218304
1315  1315 1317 5218304
1316  1316 1318 5218304
1317  1317 1319 5218304
1318  1318 1324 5218304
1319  1319 1321 5218304
1320  1320 1322 401408
1321  1321 1323 401408
1322  1322 2499 2048
1323  1323 1330 5218304
1324  1324 1326 5218304
1325  1325 1327 5218304
1326  1326 1328 401408
1327  1327 1329 401408
1328  1328 2500 2048
1329  1329 1331 5218304
1330  1330 1341 5218304
1331  1331 1333 5218304
1332  1332 1334 5218304
1333  1333 1335 401408
1334  1334 1336 401408
1335  1335 1337 2048
1336  1336 1338 2048
1337  1337 1339 2048
1338  1338 1340 5218304
1339  1339 1341 5218304
1340  1340 1403 5218304
1341  1341 1344 5218304
1342  1342 1392 5218304
1343  1343 1345 5218304
1344  1344 1346 5218304
1345  1345 1347 26624
1346  1346 1348 26624
1347  1347 2501 2048
1348  1348 1350 5218304
1349  1349 1351 5218304
1350  1350 1352 5218304
1351  1351 1353 26624
1352  1352 1354 26624
1353  1353 2501 2048
1354  1354 1356 5218304
1355  1355 1357 5218304
1356  1356 1358 5218304
1357  1357 1359 26624
1358  1358 1360 26624
1359  1359 2501 2048
1360  1360 1362 5218304
1361  1361 1363 5218304
1362  1362 1364 5218304
1363  1363 1365 26624
1364  1364 1366 26624
1365  1365 2501 2048
1366  1366 1368 5218304
1367  1367 1369 5218304
1368  1368 1370 5218304
1369  1369 1371 26624
1370  1370 1372 26624
1371  1371 2501 2048
1372  1372 1374 5218304
1373  1373 1375 5218304
1374  1374 1376 5218304
1375  1375 1377 26624
1376  1376 1378 26624
1377  1377 2501 2048
1378  1378 1380 5218304
1379  1379 1381 5218304
1380  1380 1382 5218304
1381  1381 1383 26624
1382  1382 1384 26624
1383  1383 2501 2048
1384  1384 1386 5218304
1385  1385 1387 5218304
1386  1386 1388 5218304
1387  1387 1389 26624
1388  1388 1390 26624
1389  1389 2501 2048
1390  1390 1392 5218304
1391  1391 1393 5218304
1392  1392 1394 5218304
1393  1393 1395 26624
1394  1394 1396 26624
1395  1395 2501 2048
1396  1396 1398 5218304
1397  1397 1402 5218304
1398  1398 1400 5218304
1399  1399 1401 5218304
1400  1400 1402 5218304
1401  1401 1405 5218304
1402  1402 1404 5218304
1403  1403 1405 5218304
1404  1404 1406 5218304
1405  1405 1411 5218304
1406  1406 1408 5218304
1407  1407 1409 401408
1408  1408 1410 401408
1409  1409 2502 2048
1410  1410 1417 5218304
1411  1411 1413 5218304
1412  1412 1414 5218304
1413  1413 1415 401408
1414  1414 1416 401408
1415  1415 2503 2048
1416  1416 1418 5218304
1417  1417 1428 5218304
1418  1418 1420 5218304
1419  1419 1421 5218304
1420  1420 1422 401408
1421  1421 1423 401408
1422  1422 1424 2048
1423  1423 1425 2048
1424  1424 1426 2048
1425  1425 1427 5218304
1426  1426 1428 5218304
1427  1427 1438 5218304
1428  1428 1430 5218304
1429  1429 2504 1048576
1430  1430 1432 5218304
1431  1431 1436 5218304
1432  1432 1434 5218304
1433  1433 1435 5218304
1434  1434 1436 5218304
1435  1435 1443 5218304
1436  1436 1439 1048576
1437  1437 1439 5218304
1438  1438 1440 5218304
1439  1439 1441 5218304
1440  1440 1442 5218304
1441  1441 1443 5218304
1442  1442 1444 5218304
1443  1443 1449 5218304
1444  1444 1446 5218304
1445  1445 1447 401408
1446  1446 1448 401408
1447  1447 2505 2048
1448  1448 1455 5218304
1449  1449 1451 5218304
1450  1450 1452 5218304
1451  1451 1453 401408
1452  1452 1454 401408
1453  1453 2506 2048
1454  1454 1456 5218304
1455  1455 1466 5218304
1456  1456 1458 5218304
1457  1457 1459 5218304
1458  1458 1460 401408
1459  1459 1461 401408
1460  1460 1462 2048
1461  1461 1463 2048
1462  1462 1464 2048
1463  1463 1465 5218304
1464  1464 1466 5218304
1465  1465 1528 5218304
1466  1466 1469 5218304
1467  1467 1517 5218304
1468  1468 1470 5218304
1469  1469 1471 5218304
1470  1470 1472 26624
1471  1471 1473 26624
1472  1472 2507 2048
1473  1473 1475 5218304
1474  1474 1476 5218304
1475  1475 1477 5218304
1476  1476 1478 26624
1477  1477 1479 26624
1478  1478 2507 2048
1479  1479 1481 5218304
1480  1480 1482 5218304
1481  1481 1483 5218304
1482  1482 1484 26624
1483  1483 1485 26624
1484  1484 2507 2048
1485  1485 1487 5218304
1486  1486 1488 5218304
1487  1487 1489 5218304
1488  1488 1490 26624
1489  1489 1491 26624
1490  1490 2507 2048
1491  1491 1493 5218304
1492  1492 1494 5218304
1493  1493 1495 5218304
1494  1494 1496 26624
1495  1495 1497 26624
1496  1496 2507 2048
1497  1497 1499 5218304
1498  1498 1500 5218304
1499  1499 1501 5218304
1500  1500 1502 26624
1501  1501 1503 26624
1502  1502 2507 2048
1503  1503 1505 5218304
1504  1504 1506 5218304
1505  1505 1507 5218304
1506  1506 1508 26624
1507  1507 1509 26624
1508  1508 2507 2048
1509  1509 1511 5218304
1510  1510 1512 5218304
1511  1511 1513 5218304
1512  1512 1514 26624
1513  1513 1515 26624
1514  1514 2507 2048
1515  1515 1517 5218304
1516  1516 1518 5218304
1517  1517 1519 5218304
1518  1518 1520 26624
1519  1519 1521 26624
1520  1520 2507 2048
1521  1521 1523 5218304
1522  1522 1527 5218304
1523  1523 1525 5218304
1524  1524 1526 5218304
1525  1525 1527 5218304
1526  1526 1530 5218304
1527  1527 1529 5218304
1528  1528 1530 5218304
1529  1529 1531 5218304
1530  1530 1536 5218304
1531  1531 1533 5218304
1532  1532 1534 401408
1533  1533 1535 401408
1534  1534 2508 2048
1535  1535 1542 5218304
1536  1536 1538 5218304
1537  1537 1539 5218304
1538  1538 1540 401408
1539  1539 1541 401408
1540  1540 2509 2048
1541  1541 1543 5218304
1542  1542 1553 5218304
1543  1543 1545 5218304
1544  1544 1546 5218304
1545  1545 1547 401408
1546  1546 1548 401408
1547  1547 1549 2048
1548  1548 1550 2048
1549  1549 1551 2048
1550  1550 1552 5218304
1551  1551 1553 5218304
1552  1552 1563 5218304
1553  1553 1555 5218304
1554  1554 2510 1048576
1555  1555 1557 5218304
1556  1556 1561 5218304
1557  1557 1559 5218304
1558  1558 1560 5218304
1559  1559 1561 5218304
1560  1560 1568 5218304
1561  1561 1564 1048576
1562  1562 1564 5218304
1563  1563 1565 5218304
1564  1564 1566 5218304
1565  1565 1567 5218304
1566  1566 1568 5218304
1567  1567 1569 5218304
1568  1568 1574 5218304
1569  1569 1571 5218304
1570  1570 1572 401408
1571  1571 1573 401408
1572  1572 2511 2048
1573  1573 1580 5218304
1574  1574 1576 5218304
1575  1575 1577 5218304
1576  1576 1578 401408
1577  1577 1579 401408
1578  1578 2512 2048
1579  1579 1581 5218304
1580  1580 1591 5218304
1581  1581 1583 5218304
1582  1582 1584 5218304
1583  1583 1585 401408
1584  1584 1586 401408
1585  1585 1587 2048
1586  1586 1588 2048
1587  1587 1589 2048
1588  1588 1590 5218304
1589  1589 1591 5218304
1590  1590 1653 5218304
1591  1591 1594 5218304
1592  1592 1642 5218304
1593  1593 1595 5218304
1594  1594 1596 5218304
1595  1595 1597 26624
1596  1596 1598 26624
1597  1597 2513 2048
1598  1598 1600 5218304
1599  1599 1601 5218304
1600  1600 1602 5218304
1601  1601 1603 26624
1602  1602 1604 26624
1603  1603 2513 2048
1604  1604 1606 5218304
1605  1605 1607 5218304
1606  1606 1608 5218304
1607  1607 1609 26624
1608  1608 1610 26624
1609  1609 2513 2048
1610  1610 1612 5218304
1611  1611 1613 5218304
1612  1612 1614 5218304
1613  1613 1615 26624
1614  1614 1616 26624
1615  1615 2513 2048
1616  1616 1618 5218304
1617  1617 1619 5218304
1618  1618 1620 5218304
1619  1619 1621 26624
1620  1620 1622 26624
1621  1621 2513 2048
1622  1622 1624 5218304
1623  1623 1625 5218304
1624  1624 1626 5218304
1625  1625 1627 26624
1626  1626 1628 26624
1627  1627 2513 2048
1628  1628 1630 5218304
1629  1629 1631 5218304
1630  1630 1632 5218304
1631  1631 1633 26624
1632  1632 1634 26624
1633  1633 2513 2048
1634  1634 1636 5218304
1635  1635 1637 5218304
1636  1636 1638 5218304
1637  1637 1639 26624
1638  1638 1640 26624
1639  1639 2513 2048
1640  1640 1642 5218304
1641  1641 1643 5218304
1642  1642 1644 5218304
1643  1643 1645 26624
1644  1644 1646 26624
1645  1645 2513 2048
1646  1646 1648 5218304
1647  1647 1652 5218304
1648  1648 1650 5218304
1649  1649 1651 5218304
1650  1650 1652 5218304
1651  1651 1655 5218304
1652  1652 1654 5218304
1653  1653 1655 5218304
1654  1654 1656 5218304
1655  1655 1661 5218304
1656  1656 1658 5218304
1657  1657 1659 401408
1658  1658 1660 401408
1659  1659 2514 2048
1660  1660 1667 5218304
1661  1661 1663 5218304
1662  1662 1664 5218304
1663  1663 1665 401408
1664  1664 1666 401408
1665  1665 2515 2048
1666  1666 1668 5218304
1667  1667 1678 5218304
1668  1668 1670 5218304
1669  1669 1671 5218304
1670  1670 1672 401408
1671  1671 1673 401408
1672  1672 1674 2048
1673  1673 1675 2048
1674  1674 1676 2048
1675  1675 1677 5218304
1676  1676 1678 5218304
1677  1677 1688 5218304
1678  1678 1680 5218304
1679  1679 2516 524288
1680  1680 1682 2609152
1681  1681 1686 2609152
1682  1682 1684 2609152
1683  1683 1685 2609152
1684  1684 1686 2609152
1685  1685 1693 2609152
1686  1686 1689 524288
1687  1687 1689 5218304
1688  1688 1690 2609152
1689  1689 1691 2609152
1690  1690 1692 2609152
1691  1691 1693 2609152
1692  1692 1694 2609152
1693  1693 1699 2609152
1694  1694 1696 2609152
1695  1695 1697 200704
1696  1696 1698 200704
1697  1697 2517 1024
1698  1698 1705 2609152
1699  1699 1701 2609152
1700  1700 1702 2609152
1701  1701 1703 200704
1702  1702 1704 200704
1703  1703 2518 1024
1704  1704 1706 2609152
1705  1705 1717 2609152
1706  1706 1708 2609152
1707  1707 1709 2609152
1708  1708 1710 200704
1709  1709 1711 200704
1710  1710 1712 1024
1711  1711 1713 1024
1712  1712 1715 1024
1713  1713 1716 2609152
1714  1714 1716 2609152
1715  1715 1717 2609152
1716  1716 1779 2609152
1717  1717 1720 2609152
1718  1718 1768 2609152
1719  1719 1721 2609152
1720  1720 1722 2609152
1721  1721 1723 13312
1722  1722 1724 13312
1723  1723 2519 1024
1724  1724 1726 2609152
1725  1725 1727 2609152
1726  1726 1728 2609152
1727  1727 1729 13312
1728  1728 1730 13312
1729  1729 2519 1024
1730  1730 1732 2609152
1731  1731 1733 2609152
1732  1732 1734 2609152
1733  1733 1735 13312
1734  1734 1736 13312
1735  1735 2519 1024
1736  1736 1738 2609152
1737  1737 1739 2609152
1738  1738 1740 2609152
1739  1739 1741 13312
1740  1740 1742 13312
1741  1741 2519 1024
1742  1742 1744 2609152
1743  1743 1745 2609152
1744  1744 1746 2609152
1745  1745 1747 13312
1746  1746 1748 13312
1747  1747 2519 1024
1748  1748 1750 2609152
1749  1749 1751 2609152
1750  1750 1752 2609152
1751  1751 1753 13312
1752  1752 1754 13312
1753  1753 2519 1024
1754  1754 1756 2609152
1755  1755 1757 2609152
1756  1756 1758 2609152
1757  1757 1759 13312
1758  1758 1760 13312
1759  1759 2519 1024
1760  1760 1762 2609152
1761  1761 1763 2609152
1762  1762 1764 2609152
1763  1763 1765 13312
1764  1764 1766 13312
1765  1765 2519 1024
1766  1766 1768 2609152
1767  1767 1769 2609152
1768  1768 1770 2609152
1769  1769 1771 13312
1770  1770 1772 13312
1771  1771 2519 1024
1772  1772 1774 10436608
1773  1773 1778 10436608
1774  1774 1776 10436608
1775  1775 1777 10436608
1776  1776 1778 10436608
1777  1777 1781 10436608
1778  1778 1780 2609152
1779  1779 1781 10436608
1780  1780 1782 10436608
1781  1781 1787 10436608
1782  1782 1784 10436608
1783  1783 1785 802816
1784  1784 1786 802816
1785  1785 2438 1024
1786  1786 1793 10436608
1787  1787 1789 10436608
1788  1788 1790 10436608
1789  1789 1791 802816
1790  1790 1792 802816
1791  1791 2439 1024
1792  1792 1794 10436608
1793  1793 1805 10436608
1794  1794 1796 10436608
1795  1795 1797 10436608
1796  1796 1798 802816
1797  1797 1799 802816
1798  1798 1800 1024
1799  1799 1801 1024
1800  1800 1803 1024
1801  1801 1929 10436608
1802  1802 1804 10436608
1803  1803 1805 10436608
1804  1804 1815 10436608
1805  1805 1807 10436608
1806  1806 2440 262144
1807  1807 1809 10436608
1808  1808 1813 10436608
1809  1809 1811 10436608
1810  1810 1812 10436608
1811  1811 1813 10436608
1812  1812 1820 10436608
1813  1813 1816 262144
1814  1814 1816 10436608
1815  1815 1817 10436608
1816  1816 1818 10436608
1817  1817 1819 10436608
1818  1818 1820 10436608
1819  1819 1821 10436608
1820  1820 1826 10436608
1821  1821 1823 10436608
1822  1822 1824 802816
1823  1823 1825 802816
1824  1824 2441 1024
1825  1825 1832 10436608
1826  1826 1828 10436608
1827  1827 1829 10436608
1828  1828 1830 802816
1829  1829 1831 802816
1830  1830 2442 1024
1831  1831 1833 10436608
1832  1832 1843 10436608
1833  1833 1835 10436608
1834  1834 1836 10436608
1835  1835 1837 802816
1836  1836 1838 802816
1837  1837 1839 1024
1838  1838 1840 1024
1839  1839 1841 1024
1840  1840 1842 10436608
1841  1841 1843 10436608
1842  1842 1905 10436608
1843  1843 1846 10436608
1844  1844 1894 10436608
1845  1845 1847 10436608
1846  1846 1848 10436608
1847  1847 1849 13312
1848  1848 1850 13312
1849  1849 2443 1024
1850  1850 1852 10436608
1851  1851 1853 10436608
1852  1852 1854 10436608
1853  1853 1855 13312
1854  1854 1856 13312
1855  1855 2443 1024
1856  1856 1858 10436608
1857  1857 1859 10436608
1858  1858 1860 10436608
1859  1859 1861 13312
1860  1860 1862 13312
1861  1861 2443 1024
1862  1862 1864 10436608
1863  1863 1865 10436608
1864  1864 1866 10436608
1865  1865 1867 13312
1866  1866 1868 13312
1867  1867 2443 1024
1868  1868 1870 10436608
1869  1869 1871 10436608
1870  1870 1872 10436608
1871  1871 1873 13312
1872  1872 1874 13312
1873  1873 2443 1024
1874  1874 1876 10436608
1875  1875 1877 10436608
1876  1876 1878 10436608
1877  1877 1879 13312
1878  1878 1880 13312
1879  1879 2443 1024
1880  1880 1882 10436608
1881  1881 1883 10436608
1882  1882 1884 10436608
1883  1883 1885 13312
1884  1884 1886 13312
1885  1885 2443 1024
1886  1886 1888 10436608
1887  1887 1889 10436608
1888  1888 1890 10436608
1889  1889 1891 13312
1890  1890 1892 13312
1891  1891 2443 1024
1892  1892 1894 10436608
1893  1893 1895 10436608
1894  1894 1896 10436608
1895  1895 1897 13312
1896  1896 1898 13312
1897  1897 2443 1024
1898  1898 1900 10436608
1899  1899 1904 10436608
1900  1900 1902 10436608
1901  1901 1903 10436608
1902  1902 1904 10436608
1903  1903 1907 10436608
1904  1904 1906 10436608
1905  1905 1907 10436608
1906  1906 1908 10436608
1907  1907 1913 10436608
1908  1908 1910 10436608
1909  1909 1911 802816
1910  1910 1912 802816
1911  1911 2444 1024
1912  1912 1919 10436608
1913  1913 1915 10436608
1914  1914 1916 10436608
1915  1915 1917 802816
1916  1916 1918 802816
1917  1917 2445 1024
1918  1918 1920 10436608
1919  1919 1930 10436608
1920  1920 1922 10436608
1921  1921 1923 10436608
1922  1922 1924 802816
1923  1923 1925 802816
1924  1924 1926 1024
1925  1925 1927 1024
1926  1926 1928 1024
1927  1927 1929 10436608
1928  1928 1930 10436608
1929  1929 1940 10436608
1930  1930 1932 10436608
1931  1931 2446 131072
1932  1932 1934 5218304
1933  1933 1938 5218304
1934  1934 1936 5218304
1935  1935 1937 5218304
1936  1936 1938 5218304
1937  1937 1945 5218304
1938  1938 1941 131072
1939  1939 1941 10436608
1940  1940 1942 5218304
1941  1941 1943 5218304
1942  1942 1944 5218304
1943  1943 1945 5218304
1944  1944 1946 5218304
1945  1945 1951 5218304
1946  1946 1948 5218304
1947  1947 1949 401408
1948  1948 1950 401408
1949  1949 2447 512
1950  1950 1957 5218304
1951  1951 1953 5218304
1952  1952 1954 5218304
1953  1953 1955 401408
1954  1954 1956 401408
1955  1955 2448 512
1956  1956 1958 5218304
1957  1957 1969 5218304
1958  1958 1960 5218304
1959  1959 1961 5218304
1960  1960 1962 401408
1961  1961 1963 401408
1962  1962 1964 512
1963  1963 1965 512
1964  1964 1967 512
1965  1965 1968 5218304
1966  1966 1968 5218304
1967  1967 1969 5218304
1968  1968 2031 5218304
1969  1969 1972 5218304
1970  1970 2020 5218304
1971  1971 1973 5218304
1972  1972 1974 5218304
1973  1973 1975 6656
1974  1974 1976 6656
1975  1975 2449 512
1976  1976 1978 5218304
1977  1977 1979 5218304
1978  1978 1980 5218304
1979  1979 1981 6656
1980  1980 1982 6656
1981  1981 2449 512
1982  1982 1984 5218304
1983  1983 1985 5218304
1984  1984 1986 5218304
1985  1985 1987 6656
1986  1986 1988 6656
1987  1987 2449 512
1988  1988 1990 5218304
1989  1989 1991 5218304
1990  1990 1992 5218304
1991  1991 1993 6656
1992  1992 1994 6656
1993  1993 2449 512
1994  1994 1996 5218304
1995  1995 1997 5218304
1996  1996 1998 5218304
1997  1997 1999 6656
1998  1998 2000 6656
1999  1999 2449 512
2000  2000 2002 5218304
2001  2001 2003 5218304
2002  2002 2004 5218304
2003  2003 2005 6656
2004  2004 2006 6656
2005  2005 2449 512
2006  2006 2008 5218304
2007  2007 2009 5218304
2008  2008 2010 5218304
2009  2009 2011 6656
2010  2010 2012 6656
2011  2011 2449 512
2012  2012 2014 5218304
2013  2013 2015 5218304
2014  2014 2016 5218304
2015  2015 2017 6656
2016  2016 2018 6656
2017  2017 2449 512
2018  2018 2020 5218304
2019  2019 2021 5218304
2020  2020 2022 5218304
2021  2021 2023 6656
2022  2022 2024 6656
2023  2023 2449 512
2024  2024 2026 20873216
2025  2025 2030 20873216
2026  2026 2028 20873216
2027  2027 2029 20873216
2028  2028 2030 20873216
2029  2029 2033 20873216
2030  2030 2032 5218304
2031  2031 2033 20873216
2032  2032 2034 20873216
2033  2033 2039 20873216
2034  2034 2036 20873216
2035  2035 2037 1605632
2036  2036 2038 1605632
2037  2037 2450 512
2038  2038 2045 20873216
2039  2039 2041 20873216
2040  2040 2042 20873216
2041  2041 2043 1605632
2042  2042 2044 1605632
2043  2043 2451 512
2044  2044 2046 20873216
2045  2045 2057 20873216
2046  2046 2048 20873216
2047  2047 2049 20873216
2048  2048 2050 1605632
2049  2049 2051 1605632
2050  2050 2052 512
2051  2051 2053 512
2052  2052 2055 512
2053  2053 2181 20873216
2054  2054 2056 20873216
2055  2055 2057 20873216
2056  2056 2067 20873216
2057  2057 2059 20873216
2058  2058 2452 65536
2059  2059 2061 20873216
2060  2060 2065 20873216
2061  2061 2063 20873216
2062  2062 2064 20873216
2063  2063 2065 20873216
2064  2064 2072 20873216
2065  2065 2068 65536
2066  2066 2068 20873216
2067  2067 2069 20873216
2068  2068 2070 20873216
2069  2069 2071 20873216
2070  2070 2072 20873216
2071  2071 2073 20873216
2072  2072 2078 20873216
2073  2073 2075 20873216
2074  2074 2076 1605632
2075  2075 2077 1605632
2076  2076 2453 512
2077  2077 2084 20873216
2078  2078 2080 20873216
2079  2079 2081 20873216
2080  2080 2082 1605632
2081  2081 2083 1605632
2082  2082 2454 512
2083  2083 2085 20873216
2084  2084 2095 20873216
2085  2085 2087 20873216
2086  2086 2088 20873216
2087  2087 2089 1605632
2088  2088 2090 1605632
2089  2089 2091 512
2090  2090 2092 512
2091  2091 2093 512
2092  2092 2094 20873216
2093  2093 2095 20873216
2094  2094 2157 20873216
2095  2095 2098 20873216
2096  2096 2146 20873216
2097  2097 2099 20873216
2098  2098 2100 20873216
2099  2099 2101 6656
2100  2100 2102 6656
2101  2101 2455 512
2102  2102 2104 20873216
2103  2103 2105 20873216
2104  2104 2106 20873216
2105  2105 2107 6656
2106  2106 2108 6656
2107  2107 2455 512
2108  2108 2110 20873216
2109  2109 2111 20873216
2110  2110 2112 20873216
2111  2111 2113 6656
2112  2112 2114 6656
2113  2113 2455 512
2114  2114 2116 20873216
2115  2115 2117 20873216
2116  2116 2118 20873216
2117  2117 2119 6656
2118  2118 2120 6656
2119  2119 2455 512
2120  2120 2122 20873216
2121  2121 2123 20873216
2122  2122 2124 20873216
2123  2123 2125 6656
2124  2124 2126 6656
2125  2125 2455 512
2126  2126 2128 20873216
2127  2127 2129 20873216
2128  2128 2130 20873216
2129  2129 2131 6656
2130  2130 2132 6656
2131  2131 2455 512
2132  2132 2134 20873216
2133  2133 2135 20873216
2134  2134 2136 20873216
2135  2135 2137 6656
2136  2136 2138 6656
2137  2137 2455 512
2138  2138 2140 20873216
2139  2139 2141 20873216
2140  2140 2142 20873216
2141  2141 2143 6656
2142  2142 2144 6656
2143  2143 2455 512
2144  2144 2146 20873216
2145  2145 2147 20873216
2146  2146 2148 20873216
2147  2147 2149 6656
2148  2148 2150 6656
2149  2149 2455 512
2150  2150 2152 20873216
2151  2151 2156 20873216
2152  2152 2154 20873216
2153  2153 2155 20873216
2154  2154 2156 20873216
2155  2155 2159 20873216
2156  2156 2158 20873216
2157  2157 2159 20873216
2158  2158 2160 20873216
2159  2159 2165 20873216
2160  2160 2162 20873216
2161  2161 2163 1605632
2162  2162 2164 1605632
2163  2163 2456 512
2164  2164 2171 20873216
2165  2165 2167 20873216
2166  2166 2168 20873216
2167  2167 2169 1605632
2168  2168 2170 1605632
2169  2169 2457 512
2170  2170 2172 20873216
2171  2171 2182 20873216
2172  2172 2174 20873216
2173  2173 2175 20873216
2174  2174 2176 1605632
2175  2175 2177 1605632
2176  2176 2178 512
2177  2177 2179 512
2178  2178 2180 512
2179  2179 2181 20873216
2180  2180 2182 20873216
2181  2181 2192 20873216
2182  2182 2184 20873216
2183  2183 2458 32768
2184  2184 2186 10436608
2185  2185 2190 10436608
2186  2186 2188 10436608
2187  2187 2189 10436608
2188  2188 2190 10436608
2189  2189 2197 10436608
2190  2190 2193 32768
2191  2191 2193 20873216
2192  2192 2194 10436608
2193  2193 2195 10436608
2194  2194 2196 10436608
2195  2195 2197 10436608
2196  2196 2198 10436608
2197  2197 2203 10436608
2198  2198 2200 10436608
2199  2199 2201 802816
2200  2200 2202 802816
2201  2201 2459 256
2202  2202 2209 10436608
2203  2203 2205 10436608
2204  2204 2206 10436608
2205  2205 2207 802816
2206  2206 2208 802816
2207  2207 2460 256
2208  2208 2210 10436608
2209  2209 2221 10436608
2210  2210 2212 10436608
2211  2211 2213 10436608
2212  2212 2214 802816
2213  2213 2215 802816
2214  2214 2216 256
2215  2215 2217 256
2216  2216 2219 256
2217  2217 2220 10436608
2218  2218 2220 10436608
2219  2219 2221 10436608
2220  2220 2283 10436608
2221  2221 2224 10436608
2222  2222 2272 10436608
2223  2223 2225 10436608
2224  2224 2226 10436608
2225  2225 2227 3328
2226  2226 2228 3328
2227  2227 2461 256
2228  2228 2230 10436608
2229  2229 2231 10436608
2230  2230 2232 10436608
2231  2231 2233 3328
2232  2232 2234 3328
2233  2233 2461 256
2234  2234 2236 10436608
2235  2235 2237 10436608
2236  2236 2238 10436608
2237  2237 2239 3328
2238  2238 2240 3328
2239  2239 2461 256
2240  2240 2242 10436608
2241  2241 2243 10436608
2242  2242 2244 10436608
2243  2243 2245 3328
2244  2244 2246 3328
2245  2245 2461 256
2246  2246 2248 10436608
2247  2247 2249 10436608
2248  2248 2250 10436608
2249  2249 2251 3328
2250  2250 2252 3328
2251  2251 2461 256
2252  2252 2254 10436608
2253  2253 2255 10436608
2254  2254 2256 10436608
2255  2255 2257 3328
2256  2256 2258 3328
2257  2257 2461 256
2258  2258 2260 10436608
2259  2259 2261 10436608
2260  2260 2262 10436608
2261  2261 2263 3328
2262  2262 2264 3328
2263  2263 2461 256
2264  2264 2266 10436608
2265  2265 2267 10436608
2266  2266 2268 10436608
2267  2267 2269 3328
2268  2268 2270 3328
2269  2269 2461 256
2270  2270 2272 10436608
2271  2271 2273 10436608
2272  2272 2274 10436608
2273  2273 2275 3328
2274  2274 2276 3328
2275  2275 2461 256
2276  2276 2278 41746432
2277  2277 2282 41746432
2278  2278 2280 41746432
2279  2279 2281 41746432
2280  2280 2282 41746432
2281  2281 2285 41746432
2282  2282 2284 10436608
2283  2283 2285 41746432
2284  2284 2286 41746432
2285  2285 2291 41746432
2286  2286 2288 41746432
2287  2287 2289 3211264
2288  2288 2290 3211264
2289  2289 2462 256
2290  2290 2297 41746432
2291  2291 2293 41746432
2292  2292 2294 41746432
2293  2293 2295 3211264
2294  2294 2296 3211264
2295  2295 2463 256
2296  2296 2298 41746432
2297  2297 2309 41746432
2298  2298 2300 41746432
2299  2299 2301 41746432
2300  2300 2302 3211264
2301  2301 2303 3211264
2302  2302 2304 256
2303  2303 2305 256
2304  2304 2307 256
2305  2305 2308 41746432
2306  2306 2308 41746432
2307  2307 2309 41746432
2308  2308 2319 41746432
2309  2309 2311 41746432
2310  2310 2464 8192
2311  2311 2313 20873216
2312  2312 2317 20873216
2313  2313 2315 20873216
2314  2314 2316 20873216
2315  2315 2317 20873216
2316  2316 2324 20873216
2317  2317 2320 8192
2318  2318 2320 41746432
2319  2319 2321 20873216
2320  2320 2322 20873216
2321  2321 2323 20873216
2322  2322 2324 20873216
2323  2323 2325 20873216
2324  2324 2330 20873216
2325  2325 2327 20873216
2326  2326 2328 1605632
2327  2327 2329 1605632
2328  2328 2465 128
2329  2329 2336 20873216
2330  2330 2332 20873216
2331  2331 2333 20873216
2332  2332 2334 1605632
2333  2333 2335 1605632
2334  2334 2466 128
2335  2335 2337 20873216
2336  2336 2348 20873216
2337  2337 2339 20873216
2338  2338 2340 20873216
2339  2339 2341 1605632
2340  2340 2342 1605632
2341  2341 2343 128
2342  2342 2344 128
2343  2343 2346 128
2344  2344 2434 20873216
2345  2345 2347 20873216
2346  2346 2348 20873216
2347  2347 2410 20873216
2348  2348 2351 20873216
2349  2349 2399 20873216
2350  2350 2352 20873216
2351  2351 2353 20873216
2352  2352 2354 1664
2353  2353 2355 1664
2354  2354 2467 128
2355  2355 2357 20873216
2356  2356 2358 20873216
2357  2357 2359 20873216
2358  2358 2360 1664
2359  2359 2361 1664
2360  2360 2467 128
2361  2361 2363 20873216
2362  2362 2364 20873216
2363  2363 2365 20873216
2364  2364 2366 1664
2365  2365 2367 1664
2366  2366 2467 128
2367  2367 2369 20873216
2368  2368 2370 20873216
2369  2369 2371 20873216
2370  2370 2372 1664
2371  2371 2373 1664
2372  2372 2467 128
2373  2373 2375 20873216
2374  2374 2376 20873216
2375  2375 2377 20873216
2376  2376 2378 1664
2377  2377 2379 1664
2378  2378 2467 128
2379  2379 2381 20873216
2380  2380 2382 20873216
2381  2381 2383 20873216
2382  2382 2384 1664
2383  2383 2385 1664
2384  2384 2467 128
2385  2385 2387 20873216
2386  2386 2388 20873216
2387  2387 2389 20873216
2388  2388 2390 1664
2389  2389 2391 1664
2390  2390 2467 128
2391  2391 2393 20873216
2392  2392 2394 20873216
2393  2393 2395 20873216
2394  2394 2396 1664
2395  2395 2397 1664
2396  2396 2467 128
2397  2397 2399 20873216
2398  2398 2400 20873216
2399  2399 2401 20873216
2400  2400 2402 1664
2401  2401 2403 1664
2402  2402 2467 128
2403  2403 2405 20873216
2404  2404 2409 20873216
2405  2405 2407 20873216
2406  2406 2408 20873216
2407  2407 2409 20873216
2408  2408 2412 20873216
2409  2409 2411 20873216
2410  2410 2412 20873216
2411  2411 2413 20873216
2412  2412 2418 20873216
2413  2413 2415 20873216
2414  2414 2416 1605632
2415  2415 2417 1605632
2416  2416 2468 128
2417  2417 2424 20873216
2418  2418 2420 20873216
2419  2419 2421 20873216
2420  2420 2422 1605632
2421  2421 2423 1605632
2422  2422 2469 128
2423  2423 2425 20873216
2424  2424 2435 20873216
2425  2425 2427 20873216
2426  2426 2428 20873216
2427  2427 2429 1605632
2428  2428 2430 1605632
2429  2429 2431 128
2430  2430 2432 128
2431  2431 2433 128
2432  2432 2434 20873216
2433  2433 2435 20873216
2434  2434 2436 20873216
2435  2435 2437 20873216
2436  2436 2470 3456
2437  2437 2519 1024
2438  2438 2519 1024
2439  2439 2519 262144
2440  2440 2519 1024
2441  2441 2519 1024
2442  2442 2519 9216
2443  2443 2519 1024
2444  2444 2519 1024
2445  2445 2519 131072
2446  2446 2519 512
2447  2447 2519 512
2448  2448 2519 4608
2449  2449 2519 512
2450  2450 2519 512
2451  2451 2519 65536
2452  2452 2519 512
2453  2453 2519 512
2454  2454 2519 4608
2455  2455 2519 512
2456  2456 2519 512
2457  2457 2519 32768
2458  2458 2519 256
2459  2459 2519 256
2460  2460 2519 2304
2461  2461 2519 256
2462  2462 2519 256
2463  2463 2519 8192
2464  2464 2519 128
2465  2465 2519 128
2466  2466 2519 1152
2467  2467 2519 128
2468  2468 2519 128
2469  2469 2519 3456
2470  2470 2519 4032
2471  2471 2519 4096
2472  2472 2519 4096
2473  2473 2519 4194304
2474  2474 2519 4096
2475  2475 2519 4096
2476  2476 2519 36864
2477  2477 2519 4096
2478  2478 2519 4096
2479  2479 2519 2097152
2480  2480 2519 2048
2481  2481 2519 2048
2482  2482 2519 18432
2483  2483 2519 2048
2484  2484 2519 2048
2485  2485 2519 1048576
2486  2486 2519 2048
2487  2487 2519 2048
2488  2488 2519 18432
2489  2489 2519 2048
2490  2490 2519 2048
2491  2491 2519 1048576
2492  2492 2519 2048
2493  2493 2519 2048
2494  2494 2519 18432
2495  2495 2519 2048
2496  2496 2519 2048
2497  2497 2519 1048576
2498  2498 2519 2048
2499  2499 2519 2048
2500  2500 2519 18432
2501  2501 2519 2048
2502  2502 2519 2048
2503  2503 2519 1048576
2504  2504 2519 2048
2505  2505 2519 2048
2506  2506 2519 18432
2507  2507 2519 2048
2508  2508 2519 2048
2509  2509 2519 1048576
2510  2510 2519 2048
2511  2511 2519 2048
2512  2512 2519 18432
2513  2513 2519 2048
2514  2514 2519 2048
2515  2515 2519 524288
2516  2516 2519 1024
2517  2517 2519 1024
2518  2518 2519 9216
