17:0  17 18 6623232
19:0  19 20 3456
19:1  19 20 15454208
19:2  19 20 17661952
19:3  19 20 2624
45:0  45 46 1152
45:1  45 46 128
46:0  46 47 17661952
71:0  71 72 17661952
73:0  73 74 8192
73:1  73 74 17661952
73:2  73 74 35323904
73:3  73 74 3072
99:0  99 100 2304
99:1  99 100 256
100:0  100 101 8830976
125:0  125 126 8830976
127:0  127 128 32768
127:1  127 128 8830976
127:2  127 128 17661952
127:3  127 128 6144
153:0  153 154 4608
153:1  153 154 512
154:0  154 155 17661952
179:0  179 180 17661952
181:0  181 182 65536
181:1  181 182 17661952
181:2  181 182 17661952
181:3  181 182 12288
207:0  207 208 4608
207:1  207 208 512
208:0  208 209 4415488
233:0  233 234 4415488
235:0  235 236 131072
235:1  235 236 4415488
235:2  235 236 8830976
235:3  235 236 2205696
235:4  235 236 32768
235:11  235 236 6144
235:12  235 236 12288
261:0  261 262 9216
261:1  261 262 1024
262:0  262 263 8830976
287:0  287 288 8830976
289:0  289 290 262144
289:1  289 290 8830976
289:2  289 290 8830976
289:3  289 290 2205696
289:4  289 290 65536
289:11  289 290 12288
289:12  289 290 24576
315:0  315 316 9216
315:1  315 316 1024
316:0  316 317 2207744
341:0  341 342 2207744
343:0  343 344 524288
343:1  343 344 2207744
343:2  343 344 4415488
343:3  343 344 1093632
343:4  343 344 131072
343:11  343 344 12288
343:12  343 344 24576
369:0  369 370 18432
369:1  369 370 2048
370:0  370 371 4415488
395:0  395 396 4415488
397:0  397 398 1048576
397:1  397 398 4415488
397:2  397 398 4415488
397:3  397 398 1093632
397:4  397 398 262144
397:65  397 398 270336
397:66  397 398 65536
397:73  397 398 12288
397:74  397 398 24576
397:75  397 398 49152
423:0  423 424 18432
423:1  423 424 2048
424:0  424 425 4415488
449:0  449 450 4415488
451:0  451 452 1048576
451:1  451 452 4415488
451:2  451 452 4415488
451:3  451 452 1093632
451:4  451 452 262144
451:65  451 452 270336
451:66  451 452 65536
451:73  451 452 12288
451:74  451 452 24576
451:75  451 452 49152
477:0  477 478 18432
477:1  477 478 2048
478:0  478 479 4415488
503:0  503 504 4415488
505:0  505 506 1048576
505:1  505 506 4415488
505:2  505 506 4415488
505:3  505 506 1093632
505:4  505 506 262144
505:65  505 506 270336
505:66  505 506 65536
505:73  505 506 12288
505:74  505 506 24576
505:75  505 506 49152
531:0  531 532 18432
531:1  531 532 2048
532:0  532 533 4415488
557:0  557 558 4415488
559:0  559 560 1048576
559:1  559 560 4415488
559:2  559 560 4415488
559:3  559 560 1093632
559:4  559 560 262144
559:65  559 560 270336
559:66  559 560 65536
559:73  559 560 12288
559:74  559 560 24576
559:75  559 560 49152
585:0  585 586 18432
585:1  585 586 2048
586:0  586 587 4415488
611:0  611 612 4415488
613:0  613 614 1048576
613:1  613 614 4415488
613:2  613 614 4415488
613:3  613 614 1093632
613:4  613 614 262144
613:65  613 614 270336
613:66  613 614 65536
613:73  613 614 12288
613:74  613 614 24576
613:75  613 614 49152
639:0  639 640 18432
639:1  639 640 2048
640:0  640 641 1103872
665:0  665 666 1103872
667:0  667 668 2097152
667:1  667 668 1103872
667:2  667 668 2207744
667:3  667 668 540672
667:4  667 668 524288
667:59  667 668 135168
667:60  667 668 131072
667:67  667 668 12288
667:68  667 668 49152
693:0  693 694 36864
693:1  693 694 4096
694:0  694 695 2207744
719:0  719 720 2207744
721:0  721 722 4194304
721:1  721 722 2207744
721:2  721 722 2207744
721:3  721 722 540672
721:4  721 722 1048576
721:59  721 722 135168
721:60  721 722 262144
721:67  721 722 24576
721:68  721 722 98304
750:0  750 751 4112384
750:1  750 751 45056
750:2  750 751 44224
750:3  750 751 98304
764:0  764 765 45056
764:1  764 765 48064
764:2  764 765 4100096
764:3  764 765 1088
771:0  771 772 4100096
771:1  771 772 44224
771:2  771 772 45056
771:3  771 772 96128
778:0  778 779 2207744
802:0  802 803 2207744
802:1  802 803 2211840
802:2  802 803 4194304
802:3  802 803 51776
811:0  811 812 2211840
811:1  811 812 4194304
811:2  811 812 2211840
811:3  811 812 1032192
811:4  811 812 548864
811:65  811 812 258048
811:66  811 812 135168
811:73  811 812 24576
811:74  811 812 49152
811:76  811 812 98304
814:0  814 815 2207744
817:0  817 818 2207744
839:0  839 840 2207744
846:0  846 847 2207744
852:0  852 853 2207744
858:0  858 859 2207744
870:0  870 871 2207744
876:0  876 877 2207744
882:0  882 883 2207744
888:0  888 889 2207744
901:0  901 902 36864
901:1  901 902 4096
904:0  904 905 2207744
927:0  927 928 2207744
927:1  927 928 1105920
927:2  927 928 2097152
927:3  927 928 51776
936:0  936 937 2211840
936:1  936 937 2097152
936:2  936 937 1105920
936:3  936 937 516096
936:4  936 937 548864
936:71  936 937 122880
936:72  936 937 135168
936:79  936 937 24576
936:81  936 937 49152
936:83  936 937 98304
939:0  939 940 1103872
942:0  942 943 1103872
965:0  965 966 4415488
972:0  972 973 4415488
978:0  978 979 4415488
984:0  984 985 4415488
990:0  990 991 4415488
996:0  996 997 4415488
1002:0  1002 1003 4415488
1008:0  1008 1009 4415488
1014:0  1014 1015 4415488
1027:0  1027 1028 18432
1027:1  1027 1028 2048
1030:0  1030 1031 4415488
1054:0  1054 1055 4415488
1054:1  1054 1055 4415488
1054:2  1054 1055 1048576
1054:3  1054 1055 206976
1063:0  1063 1064 4415488
1063:1  1063 1064 1048576
1063:2  1063 1064 4415488
1063:3  1063 1064 1084608
1063:4  1063 1064 1101824
1063:71  1063 1064 257280
1063:72  1063 1064 274432
1063:79  1063 1064 12288
1063:81  1063 1064 24576
1063:83  1063 1064 49152
1066:0  1066 1067 4415488
1069:0  1069 1070 4415488
1091:0  1091 1092 4415488
1098:0  1098 1099 4415488
1104:0  1104 1105 4415488
1110:0  1110 1111 4415488
1122:0  1122 1123 4415488
1128:0  1128 1129 4415488
1134:0  1134 1135 4415488
1140:0  1140 1141 4415488
1153:0  1153 1154 18432
1153:1  1153 1154 2048
1156:0  1156 1157 4415488
1179:0  1179 1180 4415488
1179:1  1179 1180 4415488
1179:2  1179 1180 1048576
1179:3  1179 1180 206976
1188:0  1188 1189 4415488
1188:1  1188 1189 1048576
1188:2  1188 1189 4415488
1188:3  1188 1189 1084608
1188:4  1188 1189 1101824
1188:71  1188 1189 257280
1188:72  1188 1189 274432
1188:79  1188 1189 12288
1188:81  1188 1189 24576
1188:83  1188 1189 49152
1191:0  1191 1192 4415488
1194:0  1194 1195 4415488
1216:0  1216 1217 4415488
1223:0  1223 1224 4415488
1229:0  1229 1230 4415488
1235:0  1235 1236 4415488
1247:0  1247 1248 4415488
1253:0  1253 1254 4415488
1259:0  1259 1260 4415488
1265:0  1265 1266 4415488
1278:0  1278 1279 18432
1278:1  1278 1279 2048
1281:0  1281 1282 4415488
1304:0  1304 1305 4415488
1304:1  1304 1305 4415488
1304:2  1304 1305 1048576
1304:3  1304 1305 206976
1313:0  1313 1314 4415488
1313:1  1313 1314 1048576
1313:2  1313 1314 4415488
1313:3  1313 1314 1084608
1313:4  1313 1314 1101824
1313:71  1313 1314 257280
1313:72  1313 1314 274432
1313:79  1313 1314 12288
1313:81  1313 1314 24576
1313:83  1313 1314 49152
1316:0  1316 1317 4415488
1319:0  1319 1320 4415488
1341:0  1341 1342 4415488
1348:0  1348 1349 4415488
1354:0  1354 1355 4415488
1360:0  1360 1361 4415488
1372:0  1372 1373 4415488
1378:0  1378 1379 4415488
1384:0  1384 1385 4415488
1390:0  1390 1391 4415488
1403:0  1403 1404 18432
1403:1  1403 1404 2048
1406:0  1406 1407 4415488
1429:0  1429 1430 4415488
1429:1  1429 1430 4415488
1429:2  1429 1430 1048576
1429:3  1429 1430 206976
1438:0  1438 1439 4415488
1438:1  1438 1439 1048576
1438:2  1438 1439 4415488
1438:3  1438 1439 1084608
1438:4  1438 1439 1101824
1438:71  1438 1439 257280
1438:72  1438 1439 274432
1438:79  1438 1439 12288
1438:81  1438 1439 24576
1438:83  1438 1439 49152
1441:0  1441 1442 4415488
1444:0  1444 1445 4415488
1466:0  1466 1467 4415488
1473:0  1473 1474 4415488
1479:0  1479 1480 4415488
1485:0  1485 1486 4415488
1497:0  1497 1498 4415488
1503:0  1503 1504 4415488
1509:0  1509 1510 4415488
1515:0  1515 1516 4415488
1528:0  1528 1529 18432
1528:1  1528 1529 2048
1531:0  1531 1532 4415488
1554:0  1554 1555 4415488
1554:1  1554 1555 4415488
1554:2  1554 1555 1048576
1554:3  1554 1555 206976
1563:0  1563 1564 4415488
1563:1  1563 1564 1048576
1563:2  1563 1564 4415488
1563:3  1563 1564 1084608
1563:4  1563 1564 1101824
1563:71  1563 1564 257280
1563:72  1563 1564 274432
1563:79  1563 1564 12288
1563:81  1563 1564 24576
1563:83  1563 1564 49152
1566:0  1566 1567 4415488
1569:0  1569 1570 4415488
1591:0  1591 1592 4415488
1598:0  1598 1599 4415488
1604:0  1604 1605 4415488
1610:0  1610 1611 4415488
1622:0  1622 1623 4415488
1628:0  1628 1629 4415488
1634:0  1634 1635 4415488
1640:0  1640 1641 4415488
1653:0  1653 1654 18432
1653:1  1653 1654 2048
1656:0  1656 1657 4415488
1679:0  1679 1680 4415488
1679:1  1679 1680 2207744
1679:2  1679 1680 524288
1679:3  1679 1680 206976
1688:0  1688 1689 4415488
1688:1  1688 1689 524288
1688:2  1688 1689 2207744
1688:3  1688 1689 516480
1688:4  1688 1689 1101824
1688:11  1688 1689 24576
1688:13  1688 1689 49152
1691:0  1691 1692 2207744
1694:0  1694 1695 2207744
1717:0  1717 1718 8830976
1724:0  1724 1725 8830976
1730:0  1730 1731 8830976
1736:0  1736 1737 8830976
1742:0  1742 1743 8830976
1748:0  1748 1749 8830976
1754:0  1754 1755 8830976
1760:0  1760 1761 8830976
1766:0  1766 1767 8830976
1779:0  1779 1780 9216
1779:1  1779 1780 1024
1782:0  1782 1783 8830976
1806:0  1806 1807 8830976
1806:1  1806 1807 8830976
1806:2  1806 1807 262144
1806:3  1806 1807 2069760
1806:4  1806 1807 2207744
1806:59  1806 1807 517440
1806:60  1806 1807 551936
1806:67  1806 1807 206976
1806:68  1806 1807 827904
1815:0  1815 1816 8830976
1815:1  1815 1816 262144
1815:2  1815 1816 8830976
1815:3  1815 1816 2069760
1815:4  1815 1816 2207744
1815:11  1815 1816 12288
1815:12  1815 1816 24576
1818:0  1818 1819 8830976
1821:0  1821 1822 8830976
1843:0  1843 1844 8830976
1850:0  1850 1851 8830976
1856:0  1856 1857 8830976
1862:0  1862 1863 8830976
1874:0  1874 1875 8830976
1880:0  1880 1881 8830976
1886:0  1886 1887 8830976
1892:0  1892 1893 8830976
1905:0  1905 1906 9216
1905:1  1905 1906 1024
1908:0  1908 1909 8830976
1931:0  1931 1932 8830976
1931:1  1931 1932 4415488
1931:2  1931 1932 131072
1931:3  1931 1932 1034880
1931:4  1931 1932 2207744
1931:11  1931 1932 413952
1931:12  1931 1932 827904
1940:0  1940 1941 8830976
1940:1  1940 1941 131072
1940:2  1940 1941 4415488
1940:3  1940 1941 24576
1943:0  1943 1944 4415488
1946:0  1946 1947 4415488
1969:0  1969 1970 17661952
1976:0  1976 1977 17661952
1982:0  1982 1983 17661952
1988:0  1988 1989 17661952
1994:0  1994 1995 17661952
2000:0  2000 2001 17661952
2006:0  2006 2007 17661952
2012:0  2012 2013 17661952
2018:0  2018 2019 17661952
2031:0  2031 2032 4608
2031:1  2031 2032 512
2034:0  2034 2035 17661952
2058:0  2058 2059 17661952
2058:1  2058 2059 17661952
2058:2  2058 2059 65536
2058:3  2058 2059 4139520
2058:4  2058 2059 4415488
2058:11  2058 2059 1655808
2058:12  2058 2059 3311616
2067:0  2067 2068 17661952
2067:1  2067 2068 65536
2067:2  2067 2068 17661952
2067:3  2067 2068 12288
2070:0  2070 2071 17661952
2073:0  2073 2074 17661952
2095:0  2095 2096 17661952
2102:0  2102 2103 17661952
2108:0  2108 2109 17661952
2114:0  2114 2115 17661952
2126:0  2126 2127 17661952
2132:0  2132 2133 17661952
2138:0  2138 2139 17661952
2144:0  2144 2145 17661952
2157:0  2157 2158 4608
2157:1  2157 2158 512
2160:0  2160 2161 17661952
2183:0  2183 2184 17661952
2183:1  2183 2184 8830976
2183:2  2183 2184 32768
2183:3  2183 2184 3311616
2192:0  2192 2193 17661952
2192:1  2192 2193 32768
2192:2  2192 2193 8830976
2192:3  2192 2193 12288
2195:0  2195 2196 8830976
2198:0  2198 2199 8830976
2221:0  2221 2222 35323904
2228:0  2228 2229 35323904
2234:0  2234 2235 35323904
2240:0  2240 2241 35323904
2246:0  2246 2247 35323904
2252:0  2252 2253 35323904
2258:0  2258 2259 35323904
2264:0  2264 2265 35323904
2270:0  2270 2271 35323904
2283:0  2283 2284 2304
2283:1  2283 2284 256
2286:0  2286 2287 35323904
2310:0  2310 2311 35323904
2310:1  2310 2311 17661952
2310:2  2310 2311 8192
2310:3  2310 2311 13246464
2319:0  2319 2320 35323904
2319:1  2319 2320 8192
2319:2  2319 2320 17661952
2319:3  2319 2320 6144
2322:0  2322 2323 17661952
2325:0  2325 2326 17661952
2348:0  2348 2349 17661952
2355:0  2355 2356 17661952
2361:0  2361 2362 17661952
2367:0  2367 2368 17661952
2379:0  2379 2380 17661952
2385:0  2385 2386 17661952
2391:0  2391 2392 17661952
2397:0  2397 2398 17661952
2410:0  2410 2411 1152
2410:1  2410 2411 128
2413:0  2413 2414 17661952
2436:0  2436 2437 17661952
2436:1  2436 2437 14902272
2436:2  2436 2437 3456
2436:3  2436 2437 13246464
0  0 2 64
1  1 4 64
2  2 5 64
3  3 5 64
4  4 7 64
5  5 9 44096
6  6 8 64
7  7 9 44096
8  8 15 44096
9  9 11 64
10  10 12 64
11  11 13 64
12  12 14 64
13  13 15 44096
14  14 755 44096
15  15 17 6623232
16  16 18 8830976
17  17 2437 14902272
18  18 20 3456
19  19 25 17661952
20  20 22 17661952
21  21 23 1605632
22  22 24 1605632
23  23 26 128
24  24 28 17661952
25  25 27 128
26  26 28 17661952
27  27 39 17661952
28  28 30 17661952
29  29 31 17661952
30  30 32 1605632
31  31 33 1605632
32  32 34 128
33  33 35 128
34  34 36 128
35  35 37 128
36  36 38 128
37  37 2425 17661952
38  38 2419 17661952
39  39 2424 17661952
40  40 43 17661952
41  41 43 17661952
42  42 44 17661952
43  43 2406 17661952
44  44 2398 17661952
45  45 51 17661952
46  46 48 17661952
47  47 49 1605632
48  48 50 1605632
49  49 52 128
50  50 54 17661952
51  51 53 128
52  52 54 17661952
53  53 65 17661952
54  54 56 17661952
55  55 57 17661952
56  56 58 1605632
57  57 59 1605632
58  58 60 128
59  59 61 128
60  60 62 128
61  61 63 128
62  62 64 128
63  63 2337 17661952
64  64 2331 17661952
65  65 2336 17661952
66  66 69 17661952
67  67 69 17661952
68  68 70 17661952
69  69 2314 17661952
70  70 72 17661952
71  71 2311 17661952
72  72 74 8192
73  73 79 35323904
74  74 76 35323904
75  75 77 3211264
76  76 78 3211264
77  77 80 256
78  78 82 35323904
79  79 81 256
80  80 82 35323904
81  81 93 35323904
82  82 84 35323904
83  83 85 35323904
84  84 86 3211264
85  85 87 3211264
86  86 88 256
87  87 89 256
88  88 90 256
89  89 91 256
90  90 92 256
91  91 2298 35323904
92  92 2292 35323904
93  93 2297 35323904
94  94 97 35323904
95  95 97 35323904
96  96 98 35323904
97  97 2279 35323904
98  98 2271 35323904
99  99 105 8830976
100  100 102 8830976
101  101 103 802816
102  102 104 802816
103  103 106 256
104  104 108 8830976
105  105 107 256
106  106 108 8830976
107  107 119 8830976
108  108 110 8830976
109  109 111 8830976
110  110 112 802816
111  111 113 802816
112  112 114 256
113  113 115 256
114  114 116 256
115  115 117 256
116  116 118 256
117  117 2210 8830976
118  118 2204 8830976
119  119 2209 8830976
120  120 123 8830976
121  121 123 8830976
122  122 124 8830976
123  123 2187 8830976
124  124 126 8830976
125  125 2184 8830976
126  126 128 32768
127  127 133 17661952
128  128 130 17661952
129  129 131 1605632
130  130 132 1605632
131  131 134 512
132  132 136 17661952
133  133 135 512
134  134 136 17661952
135  135 147 17661952
136  136 138 17661952
137  137 139 17661952
138  138 140 1605632
139  139 141 1605632
140  140 142 512
141  141 143 512
142  142 144 512
143  143 145 512
144  144 146 512
145  145 2172 17661952
146  146 2166 17661952
147  147 2171 17661952
148  148 151 17661952
149  149 151 17661952
150  150 152 17661952
151  151 2153 17661952
152  152 2145 17661952
153  153 159 17661952
154  154 156 17661952
155  155 157 1605632
156  156 158 1605632
157  157 160 512
158  158 162 17661952
159  159 161 512
160  160 162 17661952
161  161 173 17661952
162  162 164 17661952
163  163 165 17661952
164  164 166 1605632
165  165 167 1605632
166  166 168 512
167  167 169 512
168  168 170 512
169  169 171 512
170  170 172 512
171  171 2085 17661952
172  172 2079 17661952
173  173 2084 17661952
174  174 177 17661952
175  175 177 17661952
176  176 178 17661952
177  177 2062 17661952
178  178 180 17661952
179  179 2059 17661952
180  180 182 65536
181  181 187 17661952
182  182 184 17661952
183  183 185 1605632
184  184 186 1605632
185  185 188 512
186  186 190 17661952
187  187 189 512
188  188 190 17661952
189  189 201 17661952
190  190 192 17661952
191  191 193 17661952
192  192 194 1605632
193  193 195 1605632
194  194 196 512
195  195 197 512
196  196 198 512
197  197 199 512
198  198 200 512
199  199 2046 17661952
200  200 2040 17661952
201  201 2045 17661952
202  202 205 17661952
203  203 205 17661952
204  204 206 17661952
205  205 2027 17661952
206  206 2019 17661952
207  207 213 4415488
208  208 210 4415488
209  209 211 401408
210  210 212 401408
211  211 214 512
212  212 216 4415488
213  213 215 512
214  214 216 4415488
215  215 227 4415488
216  216 218 4415488
217  217 219 4415488
218  218 220 401408
219  219 221 401408
220  220 222 512
221  221 223 512
222  222 224 512
223  223 225 512
224  224 226 512
225  225 1958 4415488
226  226 1952 4415488
227  227 1957 4415488
228  228 231 4415488
229  229 231 4415488
230  230 232 4415488
231  231 1935 4415488
232  232 234 4415488
233  233 1932 4415488
234  234 236 131072
235  235 241 8830976
236  236 238 8830976
237  237 239 802816
238  238 240 802816
239  239 242 1024
240  240 244 8830976
241  241 243 1024
242  242 244 8830976
243  243 255 8830976
244  244 246 8830976
245  245 247 8830976
246  246 248 802816
247  247 249 802816
248  248 250 1024
249  249 251 1024
250  250 252 1024
251  251 253 1024
252  252 254 1024
253  253 1920 8830976
254  254 1914 8830976
255  255 1919 8830976
256  256 259 8830976
257  257 259 8830976
258  258 260 8830976
259  259 1901 8830976
260  260 1893 8830976
261  261 267 8830976
262  262 264 8830976
263  263 265 802816
264  264 266 802816
265  265 268 1024
266  266 270 8830976
267  267 269 1024
268  268 270 8830976
269  269 281 8830976
270  270 272 8830976
271  271 273 8830976
272  272 274 802816
273  273 275 802816
274  274 276 1024
275  275 277 1024
276  276 278 1024
277  277 279 1024
278  278 280 1024
279  279 1833 8830976
280  280 1827 8830976
281  281 1832 8830976
282  282 285 8830976
283  283 285 8830976
284  284 286 8830976
285  285 1810 8830976
286  286 288 8830976
287  287 1807 8830976
288  288 290 262144
289  289 295 8830976
290  290 292 8830976
291  291 293 802816
292  292 294 802816
293  293 296 1024
294  294 298 8830976
295  295 297 1024
296  296 298 8830976
297  297 309 8830976
298  298 300 8830976
299  299 301 8830976
300  300 302 802816
301  301 303 802816
302  302 304 1024
303  303 305 1024
304  304 306 1024
305  305 307 1024
306  306 308 1024
307  307 1794 8830976
308  308 1788 8830976
309  309 1793 8830976
310  310 313 8830976
311  311 313 8830976
312  312 314 8830976
313  313 1775 8830976
314  314 1767 8830976
315  315 321 2207744
316  316 318 2207744
317  317 319 200704
318  318 320 200704
319  319 322 1024
320  320 324 2207744
321  321 323 1024
322  322 324 2207744
323  323 335 2207744
324  324 326 2207744
325  325 327 2207744
326  326 328 200704
327  327 329 200704
328  328 330 1024
329  329 331 1024
330  330 332 1024
331  331 333 1024
332  332 334 1024
333  333 1706 2207744
334  334 1700 2207744
335  335 1705 2207744
336  336 339 2207744
337  337 339 2207744
338  338 340 2207744
339  339 1683 2207744
340  340 342 2207744
341  341 1680 2207744
342  342 344 524288
343  343 349 4415488
344  344 346 4415488
345  345 347 401408
346  346 348 401408
347  347 350 2048
348  348 352 4415488
349  349 351 2048
350  350 352 4415488
351  351 363 4415488
352  352 354 4415488
353  353 355 4415488
354  354 356 401408
355  355 357 401408
356  356 358 2048
357  357 359 2048
358  358 360 2048
359  359 361 2048
360  360 362 2048
361  361 1668 4415488
362  362 1662 4415488
363  363 1667 4415488
364  364 367 4415488
365  365 367 4415488
366  366 368 4415488
367  367 1649 4415488
368  368 1641 4415488
369  369 375 4415488
370  370 372 4415488
371  371 373 401408
372  372 374 401408
373  373 376 2048
374  374 378 4415488
375  375 377 2048
376  376 378 4415488
377  377 389 4415488
378  378 380 4415488
379  379 381 4415488
380  380 382 401408
381  381 383 401408
382  382 384 2048
383  383 385 2048
384  384 386 2048
385  385 387 2048
386  386 388 2048
387  387 1581 4415488
388  388 1575 4415488
389  389 1580 4415488
390  390 393 4415488
391  391 393 4415488
392  392 394 4415488
393  393 1558 4415488
394  394 396 4415488
395  395 1555 4415488
396  396 398 1048576
397  397 403 4415488
398  398 400 4415488
399  399 401 401408
400  400 402 401408
401  401 404 2048
402  402 406 4415488
403  403 405 2048
404  404 406 4415488
405  405 417 4415488
406  406 408 4415488
407  407 409 4415488
408  408 410 401408
409  409 411 401408
410  410 412 2048
411  411 413 2048
412  412 414 2048
413  413 415 2048
414  414 416 2048
415  415 1543 4415488
416  416 1537 4415488
417  417 1542 4415488
418  418 421 4415488
419  419 421 4415488
420  420 422 4415488
421  421 1524 4415488
422  422 1516 4415488
423  423 429 4415488
424  424 426 4415488
425  425 427 401408
426  426 428 401408
427  427 430 2048
428  428 432 4415488
429  429 431 2048
430  430 432 4415488
431  431 443 4415488
432  432 434 4415488
433  433 435 4415488
434  434 436 401408
435  435 437 401408
436  436 438 2048
437  437 439 2048
438  438 440 2048
439  439 441 2048
440  440 442 2048
441  441 1456 4415488
442  442 1450 4415488
443  443 1455 4415488
444  444 447 4415488
445  445 447 4415488
446  446 448 4415488
447  447 1433 4415488
448  448 450 4415488
449  449 1430 4415488
450  450 452 1048576
451  451 457 4415488
452  452 454 4415488
453  453 455 401408
454  454 456 401408
455  455 458 2048
456  456 460 4415488
457  457 459 2048
458  458 460 4415488
459  459 471 4415488
460  460 462 4415488
461  461 463 4415488
462  462 464 401408
463  463 465 401408
464  464 466 2048
465  465 467 2048
466  466 468 2048
467  467 469 2048
468  468 470 2048
469  469 1418 4415488
470  470 1412 4415488
471  471 1417 4415488
472  472 475 4415488
473  473 475 4415488
474  474 476 4415488
475  475 1399 4415488
476  476 1391 4415488
477  477 483 4415488
478  478 480 4415488
479  479 481 401408
480  480 482 401408
481  481 484 2048
482  482 486 4415488
483  483 485 2048
484  484 486 4415488
485  485 497 4415488
486  486 488 4415488
487  487 489 4415488
488  488 490 401408
489  489 491 401408
490  490 492 2048
491  491 493 2048
492  492 494 2048
493  493 495 2048
494  494 496 2048
495  495 1331 4415488
496  496 1325 4415488
497  497 1330 4415488
498  498 501 4415488
499  499 501 4415488
500  500 502 4415488
501  501 1308 4415488
502  502 504 4415488
503  503 1305 4415488
504  504 506 1048576
505  505 511 4415488
506  506 508 4415488
507  507 509 401408
508  508 510 401408
509  509 512 2048
510  510 514 4415488
511  511 513 2048
512  512 514 4415488
513  513 525 4415488
514  514 516 4415488
515  515 517 4415488
516  516 518 401408
517  517 519 401408
518  518 520 2048
519  519 521 2048
520  520 522 2048
521  521 523 2048
522  522 524 2048
523  523 1293 4415488
524  524 1287 4415488
525  525 1292 4415488
526  526 529 4415488
527  527 529 4415488
528  528 530 4415488
529  529 1274 4415488
530  530 1266 4415488
531  531 537 4415488
532  532 534 4415488
533  533 535 401408
534  534 536 401408
535  535 538 2048
536  536 540 4415488
537  537 539 2048
538  538 540 4415488
539  539 551 4415488
540  540 542 4415488
541  541 543 4415488
542  542 544 401408
543  543 545 401408
544  544 546 2048
545  545 547 2048
546  546 548 2048
547  547 549 2048
548  548 550 2048
549  549 1206 4415488
550  550 1200 4415488
551  551 1205 4415488
552  552 555 4415488
553  553 555 4415488
554  554 556 4415488
555  555 1183 4415488
556  556 558 4415488
557  557 1180 4415488
558  558 560 1048576
559  559 565 4415488
560  560 562 4415488
561  561 563 401408
562  562 564 401408
563  563 566 2048
564  564 568 4415488
565  565 567 2048
566  566 568 4415488
567  567 579 4415488
568  568 570 4415488
569  569 571 4415488
570  570 572 401408
571  571 573 401408
572  572 574 2048
573  573 575 2048
574  574 576 2048
575  575 577 2048
576  576 578 2048
577  577 1168 4415488
578  578 1162 4415488
579  579 1167 4415488
580  580 583 4415488
581  581 583 4415488
582  582 584 4415488
583  583 1149 4415488
584  584 1141 4415488
585  585 591 4415488
586  586 588 4415488
587  587 589 401408
588  588 590 401408
589  589 592 2048
590  590 594 4415488
591  591 593 2048
592  592 594 4415488
593  593 605 4415488
594  594 596 4415488
595  595 597 4415488
596  596 598 401408
597  597 599 401408
598  598 600 2048
599  599 601 2048
600  600 602 2048
601  601 603 2048
602  602 604 2048
603  603 1081 4415488
604  604 1075 4415488
605  605 1080 4415488
606  606 609 4415488
607  607 609 4415488
608  608 610 4415488
609  609 1058 4415488
610  610 612 4415488
611  611 1055 4415488
612  612 614 1048576
613  613 619 4415488
614  614 616 4415488
615  615 617 401408
616  616 618 401408
617  617 620 2048
618  618 622 4415488
619  619 621 2048
620  620 622 4415488
621  621 633 4415488
622  622 624 4415488
623  623 625 4415488
624  624 626 401408
625  625 627 401408
626  626 628 2048
627  627 629 2048
628  628 630 2048
629  629 631 2048
630  630 632 2048
631  631 1042 4415488
632  632 1036 4415488
633  633 1041 4415488
634  634 637 4415488
635  635 637 4415488
636  636 638 4415488
637  637 1023 4415488
638  638 1015 4415488
639  639 645 1103872
640  640 642 1103872
641  641 643 100352
642  642 644 100352
643  643 646 2048
644  644 648 1103872
645  645 647 2048
646  646 648 1103872
647  647 659 1103872
648  648 650 1103872
649  649 651 1103872
650  650 652 100352
651  651 653 100352
652  652 654 2048
653  653 655 2048
654  654 656 2048
655  655 657 2048
656  656 658 2048
657  657 954 1103872
658  658 948 1103872
659  659 953 1103872
660  660 663 1103872
661  661 663 1103872
662  662 664 1103872
663  663 931 1103872
664  664 666 1103872
665  665 928 1103872
666  666 668 2097152
667  667 673 2207744
668  668 670 2207744
669  669 671 200704
670  670 672 200704
671  671 674 4096
672  672 676 2207744
673  673 675 4096
674  674 676 2207744
675  675 687 2207744
676  676 678 2207744
677  677 679 2207744
678  678 680 200704
679  679 681 200704
680  680 682 4096
681  681 683 4096
682  682 684 4096
683  683 685 4096
684  684 686 4096
685  685 916 2207744
686  686 910 2207744
687  687 915 2207744
688  688 691 2207744
689  689 691 2207744
690  690 692 2207744
691  691 897 2207744
692  692 889 2207744
693  693 699 2207744
694  694 696 2207744
695  695 697 200704
696  696 698 200704
697  697 700 4096
698  698 702 2207744
699  699 701 4096
700  700 702 2207744
701  701 713 2207744
702  702 704 2207744
703  703 705 2207744
704  704 706 200704
705  705 707 200704
706  706 708 4096
707  707 709 4096
708  708 710 4096
709  709 711 4096
710  710 712 4096
711  711 829 2207744
712  712 823 2207744
713  713 828 2207744
714  714 717 2207744
715  715 717 2207744
716  716 718 2207744
717  717 806 2207744
718  718 720 2207744
719  719 803 2207744
720  720 722 4194304
721  721 727 2207744
722  722 724 2207744
723  723 725 200704
724  724 726 200704
725  725 728 4096
726  726 730 2207744
727  727 729 4096
728  728 730 2207744
729  729 741 2207744
730  730 732 2207744
731  731 733 2207744
732  732 734 200704
733  733 735 200704
734  734 736 4096
735  735 737 4096
736  736 738 4096
737  737 739 4096
738  738 740 4096
739  739 790 2207744
740  740 784 2207744
741  741 789 2207744
742  742 745 2207744
743  743 745 2207744
744  744 746 2207744
745  745 768 2207744
746  746 748 2207744
747  747 749 45056
748  748 750 45056
749  749 765 45056
750  750 753 44096
751  751 753 44096
752  752 754 44096
753  753 762 44096
754  754 761 44096
755  755 757 44096
756  756 758 44096
757  757 759 64
758  758 760 64
759  759 761 44096
760  760 762 44096
761  761 772 44096
762  762 764 44096
763  763 2438 4032
764  764 2519 4100096
765  765 767 2207744
766  766 771 2207744
767  767 769 2207744
768  768 770 2207744
769  769 771 2207744
770  770 777 2207744
771  771 773 45056
772  772 774 45056
773  773 775 108179456
774  774 776 2207744
775  775 777 2207744
776  776 778 2207744
777  777 783 2207744
778  778 780 2207744
779  779 781 200704
780  780 782 200704
781  781 2439 4096
782  782 789 2207744
783  783 785 2207744
784  784 786 2207744
785  785 787 200704
786  786 788 200704
787  787 2440 4096
788  788 790 2207744
789  789 801 2207744
790  790 792 2207744
791  791 793 2207744
792  792 794 200704
793  793 795 200704
794  794 796 4096
795  795 797 4096
796  796 799 4096
797  797 925 2207744
798  798 800 2207744
799  799 801 2207744
800  800 811 2207744
801  801 803 2207744
802  802 2441 4194304
803  803 805 2207744
804  804 809 2207744
805  805 807 2207744
806  806 808 2207744
807  807 809 2207744
808  808 816 2207744
809  809 812 4194304
810  810 812 2207744
811  811 813 2207744
812  812 814 2207744
813  813 815 2207744
814  814 816 2207744
815  815 817 2207744
816  816 822 2207744
817  817 819 2207744
818  818 820 200704
819  819 821 200704
820  820 2442 4096
821  821 828 2207744
822  822 824 2207744
823  823 825 2207744
824  824 826 200704
825  825 827 200704
826  826 2443 4096
827  827 829 2207744
828  828 839 2207744
829  829 831 2207744
830  830 832 2207744
831  831 833 200704
832  832 834 200704
833  833 835 4096
834  834 836 4096
835  835 837 4096
836  836 838 2207744
837  837 839 2207744
838  838 901 2207744
839  839 842 2207744
840  840 890 2207744
841  841 843 2207744
842  842 844 2207744
843  843 845 45056
844  844 846 45056
845  845 2444 4096
846  846 848 2207744
847  847 849 2207744
848  848 850 2207744
849  849 851 45056
850  850 852 45056
851  851 2444 4096
852  852 854 2207744
853  853 855 2207744
854  854 856 2207744
855  855 857 45056
856  856 858 45056
857  857 2444 4096
858  858 860 2207744
859  859 861 2207744
860  860 862 2207744
861  861 863 45056
862  862 864 45056
863  863 2444 4096
864  864 866 2207744
865  865 867 2207744
866  866 868 2207744
867  867 869 45056
868  868 870 45056
869  869 2444 4096
870  870 872 2207744
871  871 873 2207744
872  872 874 2207744
873  873 875 45056
874  874 876 45056
875  875 2444 4096
876  876 878 2207744
877  877 879 2207744
878  878 880 2207744
879  879 881 45056
880  880 882 45056
881  881 2444 4096
882  882 884 2207744
883  883 885 2207744
884  884 886 2207744
885  885 887 45056
886  886 888 45056
887  887 2444 4096
888  888 890 2207744
889  889 891 2207744
890  890 892 2207744
891  891 893 45056
892  892 894 45056
893  893 2444 4096
894  894 896 2207744
895  895 900 2207744
896  896 898 2207744
897  897 899 2207744
898  898 900 2207744
899  899 903 2207744
900  900 902 2207744
901  901 903 2207744
902  902 904 2207744
903  903 909 2207744
904  904 906 2207744
905  905 907 200704
906  906 908 200704
907  907 2445 4096
908  908 915 2207744
909  909 911 2207744
910  910 912 2207744
911  911 913 200704
912  912 914 200704
913  913 2446 4096
914  914 916 2207744
915  915 926 2207744
916  916 918 2207744
917  917 919 2207744
918  918 920 200704
919  919 921 200704
920  920 922 4096
921  921 923 4096
922  922 924 4096
923  923 925 2207744
924  924 926 2207744
925  925 936 2207744
926  926 928 2207744
927  927 2447 2097152
928  928 930 1103872
929  929 934 1103872
930  930 932 1103872
931  931 933 1103872
932  932 934 1103872
933  933 941 1103872
934  934 937 2097152
935  935 937 2207744
936  936 938 1103872
937  937 939 1103872
938  938 940 1103872
939  939 941 1103872
940  940 942 1103872
941  941 947 1103872
942  942 944 1103872
943  943 945 100352
944  944 946 100352
945  945 2448 2048
946  946 953 1103872
947  947 949 1103872
948  948 950 1103872
949  949 951 100352
950  950 952 100352
951  951 2449 2048
952  952 954 1103872
953  953 965 1103872
954  954 956 1103872
955  955 957 1103872
956  956 958 100352
957  957 959 100352
958  958 960 2048
959  959 961 2048
960  960 963 2048
961  961 964 1103872
962  962 964 1103872
963  963 965 1103872
964  964 1027 1103872
965  965 968 1103872
966  966 1016 1103872
967  967 969 1103872
968  968 970 1103872
969  969 971 22528
970  970 972 22528
971  971 2450 2048
972  972 974 1103872
973  973 975 1103872
974  974 976 1103872
975  975 977 22528
976  976 978 22528
977  977 2450 2048
978  978 980 1103872
979  979 981 1103872
980  980 982 1103872
981  981 983 22528
982  982 984 22528
983  983 2450 2048
984  984 986 1103872
985  985 987 1103872
986  986 988 1103872
987  987 989 22528
988  988 990 22528
989  989 2450 2048
990  990 992 1103872
991  991 993 1103872
992  992 994 1103872
993  993 995 22528
994  994 996 22528
995  995 2450 2048
996  996 998 1103872
997  997 999 1103872
998  998 1000 1103872
999  999 1001 22528
1000  1000 1002 22528
1001  1001 2450 2048
1002  1002 1004 1103872
1003  1003 1005 1103872
1004  1004 1006 1103872
1005  1005 1007 22528
1006  1006 1008 22528
1007  1007 2450 2048
1008  1008 1010 1103872
1009  1009 1011 1103872
1010  1010 1012 1103872
1011  1011 1013 22528
1012  1012 1014 22528
1013  1013 2450 2048
1014  1014 1016 1103872
1015  1015 1017 1103872
1016  1016 1018 1103872
1017  1017 1019 22528
1018  1018 1020 22528
1019  1019 2450 2048
1020  1020 1022 4415488
1021  1021 1026 4415488
1022  1022 1024 4415488
1023  1023 1025 4415488
1024  1024 1026 4415488
1025  1025 1029 4415488
1026  1026 1028 1103872
1027  1027 1029 4415488
1028  1028 1030 4415488
1029  1029 1035 4415488
1030  1030 1032 4415488
1031  1031 1033 401408
1032  1032 1034 401408
1033  1033 2451 2048
1034  1034 1041 4415488
1035  1035 1037 4415488
1036  1036 1038 4415488
1037  1037 1039 401408
1038  1038 1040 401408
1039  1039 2452 2048
1040  1040 1042 4415488
1041  1041 1053 4415488
1042  1042 1044 4415488
1043  1043 1045 4415488
1044  1044 1046 401408
1045  1045 1047 401408
1046  1046 1048 2048
1047  1047 1049 2048
1048  1048 1051 2048
1049  1049 1677 4415488
1050  1050 1052 4415488
1051  1051 1053 4415488
1052  1052 1063 4415488
1053  1053 1055 4415488
1054  1054 2453 1048576
1055  1055 1057 4415488
1056  1056 1061 4415488
1057  1057 1059 4415488
1058  1058 1060 4415488
1059  1059 1061 4415488
1060  1060 1068 4415488
1061  1061 1064 1048576
1062  1062 1064 4415488
1063  1063 1065 4415488
1064  1064 1066 4415488
1065  1065 1067 4415488
1066  1066 1068 4415488
1067  1067 1069 4415488
1068  1068 1074 4415488
1069  1069 1071 4415488
1070  1070 1072 401408
1071  1071 1073 401408
1072  1072 2454 2048
1073  1073 1080 4415488
1074  1074 1076 4415488
1075  1075 1077 4415488
1076  1076 1078 401408
1077  1077 1079 401408
1078  1078 2455 2048
1079  1079 1081 4415488
1080  1080 1091 4415488
1081  1081 1083 4415488
1082  1082 1084 4415488
1083  1083 1085 401408
1084  1084 1086 401408
1085  1085 1087 2048
1086  1086 1088 2048
1087  1087 1089 2048
1088  1088 1090 4415488
1089  1089 1091 4415488
1090  1090 1153 4415488
1091  1091 1094 4415488
1092  1092 1142 4415488
1093  1093 1095 4415488
1094  1094 1096 4415488
1095  1095 1097 22528
1096  1096 1098 22528
1097  1097 2456 2048
1098  1098 1100 4415488
1099  1099 1101 4415488
1100  1100 1102 4415488
1101  1101 1103 22528
1102  1102 1104 22528
1103  1103 2456 2048
1104  1104 1106 4415488
1105  1105 1107 4415488
1106  1106 1108 4415488
1107  1107 1109 22528
1108  1108 1110 22528
1109  1109 2456 2048
1110  1110 1112 4415488
1111  1111 1113 4415488
1112  1112 1114 4415488
1113  1113 1115 22528
1114  1114 1116 22528
1115  1115 2456 2048
1116  1116 1118 4415488
1117  1117 1119 4415488
1118  1118 1120 4415488
1119  1119 1121 22528
1120  1120 1122 22528
1121  1121 2456 2048
1122  1122 1124 4415488
1123  1123 1125 4415488
1124  1124 1126 4415488
1125  1125 1127 22528
1126  1126 1128 22528
1127  1127 2456 2048
1128  1128 1130 4415488
1129  1129 1131 4415488
1130  1130 1132 4415488
1131  1131 1133 22528
1132  1132 1134 22528
1133  1133 2456 2048
1134  1134 1136 4415488
1135  1135 1137 4415488
1136  1136 1138 4415488
1137  1137 1139 22528
1138  1138 1140 22528
1139  1139 2456 2048
1140  1140 1142 4415488
1141  1141 1143 4415488
1142  1142 1144 4415488
1143  1143 1145 22528
1144  1144 1146 22528
1145  1145 2456 2048
1146  1146 1148 4415488
1147  1147 1152 4415488
1148  1148 1150 4415488
1149  1149 1151 4415488
1150  1150 1152 4415488
1151  1151 1155 4415488
1152  1152 1154 4415488
1153  1153 1155 4415488
1154  1154 1156 4415488
1155  1155 1161 4415488
1156  1156 1158 4415488
1157  1157 1159 401408
1158  1158 1160 401408
1159  1159 2457 2048
1160  1160 1167 4415488
1161  1161 1163 4415488
1162  1162 1164 4415488
1163  1163 1165 401408
1164  1164 1166 401408
1165  1165 2458 2048
1166  1166 1168 4415488
1167  1167 1178 4415488
1168  1168 1170 4415488
1169  1169 1171 4415488
1170  1170 1172 401408
1171  1171 1173 401408
1172  1172 1174 2048
1173  1173 1175 2048
1174  1174 1176 2048
1175  1175 1177 4415488
1176  1176 1178 4415488
1177  1177 1188 4415488
1178  1178 1180 4415488
1179  1179 2459 1048576
1180  1180 1182 4415488
1181  1181 1186 4415488
1182  1182 1184 4415488
1183  1183 1185 4415488
1184  1184 1186 4415488
1185  1185 1193 4415488
1186  1186 1189 1048576
1187  1187 1189 4415488
1188  1188 1190 4415488
1189  1189 1191 4415488
1190  1190 1192 4415488
1191  1191 1193 4415488
1192  1192 1194 4415488
1193  1193 1199 4415488
1194  1194 1196 4415488
1195  1195 1197 401408
1196  1196 1198 401408
1197  1197 2460 2048
1198  1198 1205 4415488
1199  1199 1201 4415488
1200  1200 1202 4415488
1201  1201 1203 401408
1202  1202 1204 401408
1203  1203 2461 2048
1204  1204 1206 4415488
1205  1205 1216 4415488
1206  1206 1208 4415488
1207  1207 1209 4415488
1208  1208 1210 401408
1209  1209 1211 401408
1210  1210 1212 2048
1211  1211 1213 2048
1212  1212 1214 2048
1213  1213 1215 4415488
1214  1214 1216 4415488
1215  1215 1278 4415488
1216  1216 1219 4415488
1217  1217 1267 4415488
1218  1218 1220 4415488
1219  1219 1221 4415488
1220  1220 1222 22528
1221  1221 1223 22528
1222  1222 2462 2048
1223  1223 1225 4415488
1224  1224 1226 4415488
1225  1225 1227 4415488
1226  1226 1228 22528
1227  1227 1229 22528
1228  1228 2462 2048
1229  1229 1231 4415488
1230  1230 1232 4415488
1231  1231 1233 4415488
1232  1232 1234 22528
1233  1233 1235 22528
1234  1234 2462 2048
1235  1235 1237 4415488
1236  1236 1238 4415488
1237  1237 1239 4415488
1238  1238 1240 22528
1239  1239 1241 22528
1240  1240 2462 2048
1241  1241 1243 4415488
1242  1242 1244 4415488
1243  1243 1245 4415488
1244  1244 1246 22528
1245  1245 1247 22528
1246  1246 2462 2048
1247  1247 1249 4415488
1248  1248 1250 4415488
1249  1249 1251 4415488
1250  1250 1252 22528
1251  1251 1253 22528
1252  1252 2462 2048
1253  1253 1255 4415488
1254  1254 1256 4415488
1255  1255 1257 4415488
1256  1256 1258 22528
1257  1257 1259 22528
1258  1258 2462 2048
1259  1259 1261 4415488
1260  1260 1262 4415488
1261  1261 1263 4415488
1262  1262 1264 22528
1263  1263 1265 22528
1264  1264 2462 2048
1265  1265 1267 4415488
1266  1266 1268 4415488
1267  1267 1269 4415488
1268  1268 1270 22528
1269  1269 1271 22528
1270  1270 2462 2048
1271  1271 1273 4415488
1272  1272 1277 4415488
1273  1273 1275 4415488
1274  1274 1276 4415488
1275  1275 1277 4415488
1276  1276 1280 4415488
1277  1277 1279 4415488
1278  1278 1280 4415488
1279  1279 1281 4415488
1280  1280 1286 4415488
1281  1281 1283 4415488
1282  1282 1284 401408
1283  1283 1285 401408
1284  1284 2463 2048
1285  1285 1292 4415488
1286  1286 1288 4415488
1287  1287 1289 4415488
1288  1288 1290 401408
1289  1289 1291 401408
1290  1290 2464 2048
1291  1291 1293 4415488
1292  1292 1303 4415488
1293  1293 1295 4415488
1294  1294 1296 4415488
1295  1295 1297 401408
1296  1296 1298 401408
1297  1297 1299 2048
1298  1298 1300 2048
1299  1299 1301 2048
1300  1300 1302 4415488
1301  1301 1303 4415488
1302  1302 1313 4415488
1303  1303 1305 4415488
1304  1304 2465 1048576
1305  1305 1307 4415488
1306  1306 1311 4415488
1307  1307 1309 4415488
1308  1308 1310 4415488
1309  1309 1311 4415488
1310  1310 1318 4415488
1311  1311 1314 1048576
1312  1312 1314 4415488
1313  1313 1315 4415488
1314  1314 1316 4415488
1315  1315 1317 4415488
1316  1316 1318 4415488
1317  1317 1319 4415488
1318  1318 1324 4415488
1319  1319 1321 4415488
1320  1320 1322 401408
1321  1321 1323 401408
1322  1322 2466 2048
1323  1323 1330 4415488
1324  1324 1326 4415488
1325  1325 1327 4415488
1326  1326 1328 401408
1327  1327 1329 401408
1328  1328 2467 2048
1329  1329 1331 4415488
1330  1330 1341 4415488
1331  1331 1333 4415488
1332  1332 1334 4415488
1333  1333 1335 401408
1334  1334 1336 401408
1335  1335 1337 2048
1336  1336 1338 2048
1337  1337 1339 2048
1338  1338 1340 4415488
1339  1339 1341 4415488
1340  1340 1403 4415488
1341  1341 1344 4415488
1342  1342 1392 4415488
1343  1343 1345 4415488
1344  1344 1346 4415488
1345  1345 1347 22528
1346  1346 1348 22528
1347  1347 2468 2048
1348  1348 1350 4415488
1349  1349 1351 4415488
1350  1350 1352 4415488
1351  1351 1353 22528
1352  1352 1354 22528
1353  1353 2468 2048
1354  1354 1356 4415488
1355  1355 1357 4415488
1356  1356 1358 4415488
1357  1357 1359 22528
1358  1358 1360 22528
1359  1359 2468 2048
1360  1360 1362 4415488
1361  1361 1363 4415488
1362  1362 1364 4415488
1363  1363 1365 22528
1364  1364 1366 22528
1365  1365 2468 2048
1366  1366 1368 4415488
1367  1367 1369 4415488
1368  1368 1370 4415488
1369  1369 1371 22528
1370  1370 1372 22528
1371  1371 2468 2048
1372  1372 1374 4415488
1373  1373 1375 4415488
1374  1374 1376 4415488
1375  1375 1377 22528
1376  1376 1378 22528
1377  1377 2468 2048
1378  1378 1380 4415488
1379  1379 1381 4415488
1380  1380 1382 4415488
1381  1381 1383 22528
1382  1382 1384 22528
1383  1383 2468 2048
1384  1384 1386 4415488
1385  1385 1387 4415488
1386  1386 1388 4415488
1387  1387 1389 22528
1388  1388 1390 22528
1389  1389 2468 2048
1390  1390 1392 4415488
1391  1391 1393 4415488
1392  1392 1394 4415488
1393  1393 1395 22528
1394  1394 1396 22528
1395  1395 2468 2048
1396  1396 1398 4415488
1397  1397 1402 4415488
1398  1398 1400 4415488
1399  1399 1401 4415488
1400  1400 1402 4415488
1401  1401 1405 4415488
1402  1402 1404 4415488
1403  1403 1405 4415488
1404  1404 1406 4415488
1405  1405 1411 4415488
1406  1406 1408 4415488
1407  1407 1409 401408
1408  1408 1410 401408
1409  1409 2469 2048
1410  1410 1417 4415488
1411  1411 1413 4415488
1412  1412 1414 4415488
1413  1413 1415 401408
1414  1414 1416 401408
1415  1415 2470 2048
1416  1416 1418 4415488
1417  1417 1428 4415488
1418  1418 1420 4415488
1419  1419 1421 4415488
1420  1420 1422 401408
1421  1421 1423 401408
1422  1422 1424 2048
1423  1423 1425 2048
1424  1424 1426 2048
1425  1425 1427 4415488
1426  1426 1428 4415488
1427  1427 1438 4415488
1428  1428 1430 4415488
1429  1429 2471 1048576
1430  1430 1432 4415488
1431  1431 1436 4415488
1432  1432 1434 4415488
1433  1433 1435 4415488
1434  1434 1436 4415488
1435  1435 1443 4415488
1436  1436 1439 1048576
1437  1437 1439 4415488
1438  1438 1440 4415488
1439  1439 1441 4415488
1440  1440 1442 4415488
1441  1441 1443 4415488
1442  1442 1444 4415488
1443  1443 1449 4415488
1444  1444 1446 4415488
1445  1445 1447 401408
1446  1446 1448 401408
1447  1447 2472 2048
1448  1448 1455 4415488
1449  1449 1451 4415488
1450  1450 1452 4415488
1451  1451 1453 401408
1452  1452 1454 401408
1453  1453 2473 2048
1454  1454 1456 4415488
1455  1455 1466 4415488
1456  1456 1458 4415488
1457  1457 1459 4415488
1458  1458 1460 401408
1459  1459 1461 401408
1460  1460 1462 2048
1461  1461 1463 2048
1462  1462 1464 2048
1463  1463 1465 4415488
1464  1464 1466 4415488
1465  1465 1528 4415488
1466  1466 1469 4415488
1467  1467 1517 4415488
1468  1468 1470 4415488
1469  1469 1471 4415488
1470  1470 1472 22528
1471  1471 1473 22528
1472  1472 2474 2048
1473  1473 1475 4415488
1474  1474 1476 4415488
1475  1475 1477 4415488
1476  1476 1478 22528
1477  1477 1479 22528
1478  1478 2474 2048
1479  1479 1481 4415488
1480  1480 1482 4415488
1481  1481 1483 4415488
1482  1482 1484 22528
1483  1483 1485 22528
1484  1484 2474 2048
1485  1485 1487 4415488
1486  1486 1488 4415488
1487  1487 1489 4415488
1488  1488 1490 22528
1489  1489 1491 22528
1490  1490 2474 2048
1491  1491 1493 4415488
1492  1492 1494 4415488
1493  1493 1495 4415488
1494  1494 1496 22528
1495  1495 1497 22528
1496  1496 2474 2048
1497  1497 1499 4415488
1498  1498 1500 4415488
1499  1499 1501 4415488
1500  1500 1502 22528
1501  1501 1503 22528
1502  1502 2474 2048
1503  1503 1505 4415488
1504  1504 1506 4415488
1505  1505 1507 4415488
1506  1506 1508 22528
1507  1507 1509 22528
1508  1508 2474 2048
1509  1509 1511 4415488
1510  1510 1512 4415488
1511  1511 1513 4415488
1512  1512 1514 22528
1513  1513 1515 22528
1514  1514 2474 2048
1515  1515 1517 4415488
1516  1516 1518 4415488
1517  1517 1519 4415488
1518  1518 1520 22528
1519  1519 1521 22528
1520  1520 2474 2048
1521  1521 1523 4415488
1522  1522 1527 4415488
1523  1523 1525 4415488
1524  1524 1526 4415488
1525  1525 1527 4415488
1526  1526 1530 4415488
1527  1527 1529 4415488
1528  1528 1530 4415488
1529  1529 1531 4415488
1530  1530 1536 4415488
1531  1531 1533 4415488
1532  1532 1534 401408
1533  1533 1535 401408
1534  1534 2475 2048
1535  1535 1542 4415488
1536  1536 1538 4415488
1537  1537 1539 4415488
1538  1538 1540 401408
1539  1539 1541 401408
1540  1540 2476 2048
1541  1541 1543 4415488
1542  1542 1553 4415488
1543  1543 1545 4415488
1544  1544 1546 4415488
1545  1545 1547 401408
1546  1546 1548 401408
1547  1547 1549 2048
1548  1548 1550 2048
1549  1549 1551 2048
1550  1550 1552 4415488
1551  1551 1553 4415488
1552  1552 1563 4415488
1553  1553 1555 4415488
1554  1554 2477 1048576
1555  1555 1557 4415488
1556  1556 1561 4415488
1557  1557 1559 4415488
1558  1558 1560 4415488
1559  1559 1561 4415488
1560  1560 1568 4415488
1561  1561 1564 1048576
1562  1562 1564 4415488
1563  1563 1565 4415488
1564  1564 1566 4415488
1565  1565 1567 4415488
1566  1566 1568 4415488
1567  1567 1569 4415488
1568  1568 1574 4415488
1569  1569 1571 4415488
1570  1570 1572 401408
1571  1571 1573 401408
1572  1572 2478 2048
1573  1573 1580 4415488
1574  1574 1576 4415488
1575  1575 1577 4415488
1576  1576 1578 401408
1577  1577 1579 401408
1578  1578 2479 2048
1579  1579 1581 4415488
1580  1580 1591 4415488
1581  1581 1583 4415488
1582  1582 1584 4415488
1583  1583 1585 401408
1584  1584 1586 401408
1585  1585 1587 2048
1586  1586 1588 2048
1587  1587 1589 2048
1588  1588 1590 4415488
1589  1589 1591 4415488
1590  1590 1653 4415488
1591  1591 1594 4415488
1592  1592 1642 4415488
1593  1593 1595 4415488
1594  1594 1596 4415488
1595  1595 1597 22528
1596  1596 1598 22528
1597  1597 2480 2048
1598  1598 1600 4415488
1599  1599 1601 4415488
1600  1600 1602 4415488
1601  1601 1603 22528
1602  1602 1604 22528
1603  1603 2480 2048
1604  1604 1606 4415488
1605  1605 1607 4415488
1606  1606 1608 4415488
1607  1607 1609 22528
1608  1608 1610 22528
1609  1609 2480 2048
1610  1610 1612 4415488
1611  1611 1613 4415488
1612  1612 1614 4415488
1613  1613 1615 22528
1614  1614 1616 22528
1615  1615 2480 2048
1616  1616 1618 4415488
1617  1617 1619 4415488
1618  1618 1620 4415488
1619  1619 1621 22528
1620  1620 1622 22528
1621  1621 2480 2048
1622  1622 1624 4415488
1623  1623 1625 4415488
1624  1624 1626 4415488
1625  1625 1627 22528
1626  1626 1628 22528
1627  1627 2480 2048
1628  1628 1630 4415488
1629  1629 1631 4415488
1630  1630 1632 4415488
1631  1631 1633 22528
1632  1632 1634 22528
1633  1633 2480 2048
1634  1634 1636 4415488
1635  1635 1637 4415488
1636  1636 1638 4415488
1637  1637 1639 22528
1638  1638 1640 22528
1639  1639 2480 2048
1640  1640 1642 4415488
1641  1641 1643 4415488
1642  1642 1644 4415488
1643  1643 1645 22528
1644  1644 1646 22528
1645  1645 2480 2048
1646  1646 1648 4415488
1647  1647 1652 4415488
1648  1648 1650 4415488
1649  1649 1651 4415488
1650  1650 1652 4415488
1651  1651 1655 4415488
1652  1652 1654 4415488
1653  1653 1655 4415488
1654  1654 1656 4415488
1655  1655 1661 4415488
1656  1656 1658 4415488
1657  1657 1659 401408
1658  1658 1660 401408
1659  1659 2481 2048
1660  1660 1667 4415488
1661  1661 1663 4415488
1662  1662 1664 4415488
1663  1663 1665 401408
1664  1664 1666 401408
1665  1665 2482 2048
1666  1666 1668 4415488
1667  1667 1678 4415488
1668  1668 1670 4415488
1669  1669 1671 4415488
1670  1670 1672 401408
1671  1671 1673 401408
1672  1672 1674 2048
1673  1673 1675 2048
1674  1674 1676 2048
1675  1675 1677 4415488
1676  1676 1678 4415488
1677  1677 1688 4415488
1678  1678 1680 4415488
1679  1679 2483 524288
1680  1680 1682 2207744
1681  1681 1686 2207744
1682  1682 1684 2207744
1683  1683 1685 2207744
1684  1684 1686 2207744
1685  1685 1693 2207744
1686  1686 1689 524288
1687  1687 1689 4415488
1688  1688 1690 2207744
1689  1689 1691 2207744
1690  1690 1692 2207744
1691  1691 1693 2207744
1692  1692 1694 2207744
1693  1693 1699 2207744
1694  1694 1696 2207744
1695  1695 1697 200704
1696  1696 1698 200704
1697  1697 2484 1024
1698  1698 1705 2207744
1699  1699 1701 2207744
1700  1700 1702 2207744
1701  1701 1703 200704
1702  1702 1704 200704
1703  1703 2485 1024
1704  1704 1706 2207744
1705  1705 1717 2207744
1706  1706 1708 2207744
1707  1707 1709 2207744
1708  1708 1710 200704
1709  1709 1711 200704
1710  1710 1712 1024
1711  1711 1713 1024
1712  1712 1715 1024
1713  1713 1716 2207744
1714  1714 1716 2207744
1715  1715 1717 2207744
1716  1716 1779 2207744
1717  1717 1720 2207744
1718  1718 1768 2207744
1719  1719 1721 2207744
1720  1720 1722 2207744
1721  1721 1723 11264
1722  1722 1724 11264
1723  1723 2486 1024
1724  1724 1726 2207744
1725  1725 1727 2207744
1726  1726 1728 2207744
1727  1727 1729 11264
1728  1728 1730 11264
1729  1729 2486 1024
1730  1730 1732 2207744
1731  1731 1733 2207744
1732  1732 1734 2207744
1733  1733 1735 11264
1734  1734 1736 11264
1735  1735 2486 1024
1736  1736 1738 2207744
1737  1737 1739 2207744
1738  1738 1740 2207744
1739  1739 1741 11264
1740  1740 1742 11264
1741  1741 2486 1024
1742  1742 1744 2207744
1743  1743 1745 2207744
1744  1744 1746 2207744
1745  1745 1747 11264
1746  1746 1748 11264
1747  1747 2486 1024
1748  1748 1750 2207744
1749  1749 1751 2207744
1750  1750 1752 2207744
1751  1751 1753 11264
1752  1752 1754 11264
1753  1753 2486 1024
1754  1754 1756 2207744
1755  1755 1757 2207744
1756  1756 1758 2207744
1757  1757 1759 11264
1758  1758 1760 11264
1759  1759 2486 1024
1760  1760 1762 2207744
1761  1761 1763 2207744
1762  1762 1764 2207744
1763  1763 1765 11264
1764  1764 1766 11264
1765  1765 2486 1024
1766  1766 1768 2207744
1767  1767 1769 2207744
1768  1768 1770 2207744
1769  1769 1771 11264
1770  1770 1772 11264
1771  1771 2486 1024
1772  1772 1774 8830976
1773  1773 1778 8830976
1774  1774 1776 8830976
1775  1775 1777 8830976
1776  1776 1778 8830976
1777  1777 1781 8830976
1778  1778 1780 2207744
1779  1779 1781 8830976
1780  1780 1782 8830976
1781  1781 1787 8830976
1782  1782 1784 8830976
1783  1783 1785 802816
1784  1784 1786 802816
1785  1785 2487 1024
1786  1786 1793 8830976
1787  1787 1789 8830976
1788  1788 1790 8830976
1789  1789 1791 802816
1790  1790 1792 802816
1791  1791 2488 1024
1792  1792 1794 8830976
1793  1793 1805 8830976
1794  1794 1796 8830976
1795  1795 1797 8830976
1796  1796 1798 802816
1797  1797 1799 802816
1798  1798 1800 1024
1799  1799 1801 1024
1800  1800 1803 1024
1801  1801 1929 8830976
1802  1802 1804 8830976
1803  1803 1805 8830976
1804  1804 1815 8830976
1805  1805 1807 8830976
1806  1806 2489 262144
1807  1807 1809 8830976
1808  1808 1813 8830976
1809  1809 1811 8830976
1810  1810 1812 8830976
1811  1811 1813 8830976
1812  1812 1820 8830976
1813  1813 1816 262144
1814  1814 1816 8830976
1815  1815 1817 8830976
1816  1816 1818 8830976
1817  1817 1819 8830976
1818  1818 1820 8830976
1819  1819 1821 8830976
1820  1820 1826 8830976
1821  1821 1823 8830976
1822  1822 1824 802816
1823  1823 1825 802816
1824  1824 2490 1024
1825  1825 1832 8830976
1826  1826 1828 8830976
1827  1827 1829 8830976
1828  1828 1830 802816
1829  1829 1831 802816
1830  1830 2491 1024
1831  1831 1833 8830976
1832  1832 1843 8830976
1833  1833 1835 8830976
1834  1834 1836 8830976
1835  1835 1837 802816
1836  1836 1838 802816
1837  1837 1839 1024
1838  1838 1840 1024
1839  1839 1841 1024
1840  1840 1842 8830976
1841  1841 1843 8830976
1842  1842 1905 8830976
1843  1843 1846 8830976
1844  1844 1894 8830976
1845  1845 1847 8830976
1846  1846 1848 8830976
1847  1847 1849 11264
1848  1848 1850 11264
1849  1849 2492 1024
1850  1850 1852 8830976
1851  1851 1853 8830976
1852  1852 1854 8830976
1853  1853 1855 11264
1854  1854 1856 11264
1855  1855 2492 1024
1856  1856 1858 8830976
1857  1857 1859 8830976
1858  1858 1860 8830976
1859  1859 1861 11264
1860  1860 1862 11264
1861  1861 2492 1024
1862  1862 1864 8830976
1863  1863 1865 8830976
1864  1864 1866 8830976
1865  1865 1867 11264
1866  1866 1868 11264
1867  1867 2492 1024
1868  1868 1870 8830976
1869  1869 1871 8830976
1870  1870 1872 8830976
1871  1871 1873 11264
1872  1872 1874 11264
1873  1873 2492 1024
1874  1874 1876 8830976
1875  1875 1877 8830976
1876  1876 1878 8830976
1877  1877 1879 11264
1878  1878 1880 11264
1879  1879 2492 1024
1880  1880 1882 8830976
1881  1881 1883 8830976
1882  1882 1884 8830976
1883  1883 1885 11264
1884  1884 1886 11264
1885  1885 2492 1024
1886  1886 1888 8830976
1887  1887 1889 8830976
1888  1888 1890 8830976
1889  1889 1891 11264
1890  1890 1892 11264
1891  1891 2492 1024
1892  1892 1894 8830976
1893  1893 1895 8830976
1894  1894 1896 8830976
1895  1895 1897 11264
1896  1896 1898 11264
1897  1897 2492 1024
1898  1898 1900 8830976
1899  1899 1904 8830976
1900  1900 1902 8830976
1901  1901 1903 8830976
1902  1902 1904 8830976
1903  1903 1907 8830976
1904  1904 1906 8830976
1905  1905 1907 8830976
1906  1906 1908 8830976
1907  1907 1913 8830976
1908  1908 1910 8830976
1909  1909 1911 802816
1910  1910 1912 802816
1911  1911 2493 1024
1912  1912 1919 8830976
1913  1913 1915 8830976
1914  1914 1916 8830976
1915  1915 1917 802816
1916  1916 1918 802816
1917  1917 2494 1024
1918  1918 1920 8830976
1919  1919 1930 8830976
1920  1920 1922 8830976
1921  1921 1923 8830976
1922  1922 1924 802816
1923  1923 1925 802816
1924  1924 1926 1024
1925  1925 1927 1024
1926  1926 1928 1024
1927  1927 1929 8830976
1928  1928 1930 8830976
1929  1929 1940 8830976
1930  1930 1932 8830976
1931  1931 2495 131072
1932  1932 1934 4415488
1933  1933 1938 4415488
1934  1934 1936 4415488
1935  1935 1937 4415488
1936  1936 1938 4415488
1937  1937 1945 4415488
1938  1938 1941 131072
1939  1939 1941 8830976
1940  1940 1942 4415488
1941  1941 1943 4415488
1942  1942 1944 4415488
1943  1943 1945 4415488
1944  1944 1946 4415488
1945  1945 1951 4415488
1946  1946 1948 4415488
1947  1947 1949 401408
1948  1948 1950 401408
1949  1949 2496 512
1950  1950 1957 4415488
1951  1951 1953 4415488
1952  1952 1954 4415488
1953  1953 1955 401408
1954  1954 1956 401408
1955  1955 2497 512
1956  1956 1958 4415488
1957  1957 1969 4415488
1958  1958 1960 4415488
1959  1959 1961 4415488
1960  1960 1962 401408
1961  1961 1963 401408
1962  1962 1964 512
1963  1963 1965 512
1964  1964 1967 512
1965  1965 1968 4415488
1966  1966 1968 4415488
1967  1967 1969 4415488
1968  1968 2031 4415488
1969  1969 1972 4415488
1970  1970 2020 4415488
1971  1971 1973 4415488
1972  1972 1974 4415488
1973  1973 1975 5632
1974  1974 1976 5632
1975  1975 2498 512
1976  1976 1978 4415488
1977  1977 1979 4415488
1978  1978 1980 4415488
1979  1979 1981 5632
1980  1980 1982 5632
1981  1981 2498 512
1982  1982 1984 4415488
1983  1983 1985 4415488
1984  1984 1986 4415488
1985  1985 1987 5632
1986  1986 1988 5632
1987  1987 2498 512
1988  1988 1990 4415488
1989  1989 1991 4415488
1990  1990 1992 4415488
1991  1991 1993 5632
1992  1992 1994 5632
1993  1993 2498 512
1994  1994 1996 4415488
1995  1995 1997 4415488
1996  1996 1998 4415488
1997  1997 1999 5632
1998  1998 2000 5632
1999  1999 2498 512
2000  2000 2002 4415488
2001  2001 2003 4415488
2002  2002 2004 4415488
2003  2003 2005 5632
2004  2004 2006 5632
2005  2005 2498 512
2006  2006 2008 4415488
2007  2007 2009 4415488
2008  2008 2010 4415488
2009  2009 2011 5632
2010  2010 2012 5632
2011  2011 2498 512
2012  2012 2014 4415488
2013  2013 2015 4415488
2014  2014 2016 4415488
2015  2015 2017 5632
2016  2016 2018 5632
2017  2017 2498 512
2018  2018 2020 4415488
2019  2019 2021 4415488
2020  2020 2022 4415488
2021  2021 2023 5632
2022  2022 2024 5632
2023  2023 2498 512
2024  2024 2026 17661952
2025  2025 2030 17661952
2026  2026 2028 17661952
2027  2027 2029 17661952
2028  2028 2030 17661952
2029  2029 2033 17661952
2030  2030 2032 4415488
2031  2031 2033 17661952
2032  2032 2034 17661952
2033  2033 2039 17661952
2034  2034 2036 17661952
2035  2035 2037 1605632
2036  2036 2038 1605632
2037  2037 2499 512
2038  2038 2045 17661952
2039  2039 2041 17661952
2040  2040 2042 17661952
2041  2041 2043 1605632
2042  2042 2044 1605632
2043  2043 2500 512
2044  2044 2046 17661952
2045  2045 2057 17661952
2046  2046 2048 17661952
2047  2047 2049 17661952
2048  2048 2050 1605632
2049  2049 2051 1605632
2050  2050 2052 512
2051  2051 2053 512
2052  2052 2055 512
2053  2053 2181 17661952
2054  2054 2056 17661952
2055  2055 2057 17661952
2056  2056 2067 17661952
2057  2057 2059 17661952
2058  2058 2501 65536
2059  2059 2061 17661952
2060  2060 2065 17661952
2061  2061 2063 17661952
2062  2062 2064 17661952
2063  2063 2065 17661952
2064  2064 2072 17661952
2065  2065 2068 65536
2066  2066 2068 17661952
2067  2067 2069 17661952
2068  2068 2070 17661952
2069  2069 2071 17661952
2070  2070 2072 17661952
2071  2071 2073 17661952
2072  2072 2078 17661952
2073  2073 2075 17661952
2074  2074 2076 1605632
2075  2075 2077 1605632
2076  2076 2502 512
2077  2077 2084 17661952
2078  2078 2080 17661952
2079  2079 2081 17661952
2080  2080 2082 1605632
2081  2081 2083 1605632
2082  2082 2503 512
2083  2083 2085 17661952
2084  2084 2095 17661952
2085  2085 2087 17661952
2086  2086 2088 17661952
2087  2087 2089 1605632
2088  2088 2090 1605632
2089  2089 2091 512
2090  2090 2092 512
2091  2091 2093 512
2092  2092 2094 17661952
2093  2093 2095 17661952
2094  2094 2157 17661952
2095  2095 2098 17661952
2096  2096 2146 17661952
2097  2097 2099 17661952
2098  2098 2100 17661952
2099  2099 2101 5632
2100  2100 2102 5632
2101  2101 2504 512
2102  2102 2104 17661952
2103  2103 2105 17661952
2104  2104 2106 17661952
2105  2105 2107 5632
2106  2106 2108 5632
2107  2107 2504 512
2108  2108 2110 17661952
2109  2109 2111 17661952
2110  2110 2112 17661952
2111  2111 2113 5632
2112  2112 2114 5632
2113  2113 2504 512
2114  2114 2116 17661952
2115  2115 2117 17661952
2116  2116 2118 17661952
2117  2117 2119 5632
2118  2118 2120 5632
2119  2119 2504 512
2120  2120 2122 17661952
2121  2121 2123 17661952
2122  2122 2124 17661952
2123  2123 2125 5632
2124  2124 2126 5632
2125  2125 2504 512
2126  2126 2128 17661952
2127  2127 2129 17661952
2128  2128 2130 17661952
2129  2129 2131 5632
2130  2130 2132 5632
2131  2131 2504 512
2132  2132 2134 17661952
2133  2133 2135 17661952
2134  2134 2136 17661952
2135  2135 2137 5632
2136  2136 2138 5632
2137  2137 2504 512
2138  2138 2140 17661952
2139  2139 2141 17661952
2140  2140 2142 17661952
2141  2141 2143 5632
2142  2142 2144 5632
2143  2143 2504 512
2144  2144 2146 17661952
2145  2145 2147 17661952
2146  2146 2148 17661952
2147  2147 2149 5632
2148  2148 2150 5632
2149  2149 2504 512
2150  2150 2152 17661952
2151  2151 2156 17661952
2152  2152 2154 17661952
2153  2153 2155 17661952
2154  2154 2156 17661952
2155  2155 2159 17661952
2156  2156 2158 17661952
2157  2157 2159 17661952
2158  2158 2160 17661952
2159  2159 2165 17661952
2160  2160 2162 17661952
2161  2161 2163 1605632
2162  2162 2164 1605632
2163  2163 2505 512
2164  2164 2171 17661952
2165  2165 2167 17661952
2166  2166 2168 17661952
2167  2167 2169 1605632
2168  2168 2170 1605632
2169  2169 2506 512
2170  2170 2172 17661952
2171  2171 2182 17661952
2172  2172 2174 17661952
2173  2173 2175 17661952
2174  2174 2176 1605632
2175  2175 2177 1605632
2176  2176 2178 512
2177  2177 2179 512
2178  2178 2180 512
2179  2179 2181 17661952
2180  2180 2182 17661952
2181  2181 2192 17661952
2182  2182 2184 17661952
2183  2183 2507 32768
2184  2184 2186 8830976
2185  2185 2190 8830976
2186  2186 2188 8830976
2187  2187 2189 8830976
2188  2188 2190 8830976
2189  2189 2197 8830976
2190  2190 2193 32768
2191  2191 2193 17661952
2192  2192 2194 8830976
2193  2193 2195 8830976
2194  2194 2196 8830976
2195  2195 2197 8830976
2196  2196 2198 8830976
2197  2197 2203 8830976
2198  2198 2200 8830976
2199  2199 2201 802816
2200  2200 2202 802816
2201  2201 2508 256
2202  2202 2209 8830976
2203  2203 2205 8830976
2204  2204 2206 8830976
2205  2205 2207 802816
2206  2206 2208 802816
2207  2207 2509 256
2208  2208 2210 8830976
2209  2209 2221 8830976
2210  2210 2212 8830976
2211  2211 2213 8830976
2212  2212 2214 802816
2213  2213 2215 802816
2214  2214 2216 256
2215  2215 2217 256
2216  2216 2219 256
2217  2217 2220 8830976
2218  2218 2220 8830976
2219  2219 2221 8830976
2220  2220 2283 8830976
2221  2221 2224 8830976
2222  2222 2272 8830976
2223  2223 2225 8830976
2224  2224 2226 8830976
2225  2225 2227 2816
2226  2226 2228 2816
2227  2227 2510 256
2228  2228 2230 8830976
2229  2229 2231 8830976
2230  2230 2232 8830976
2231  2231 2233 2816
2232  2232 2234 2816
2233  2233 2510 256
2234  2234 2236 8830976
2235  2235 2237 8830976
2236  2236 2238 8830976
2237  2237 2239 2816
2238  2238 2240 2816
2239  2239 2510 256
2240  2240 2242 8830976
2241  2241 2243 8830976
2242  2242 2244 8830976
2243  2243 2245 2816
2244  2244 2246 2816
2245  2245 2510 256
2246  2246 2248 8830976
2247  2247 2249 8830976
2248  2248 2250 8830976
2249  2249 2251 2816
2250  2250 2252 2816
2251  2251 2510 256
2252  2252 2254 8830976
2253  2253 2255 8830976
2254  2254 2256 8830976
2255  2255 2257 2816
2256  2256 2258 2816
2257  2257 2510 256
2258  2258 2260 8830976
2259  2259 2261 8830976
2260  2260 2262 8830976
2261  2261 2263 2816
2262  2262 2264 2816
2263  2263 2510 256
2264  2264 2266 8830976
2265  2265 2267 8830976
2266  2266 2268 8830976
2267  2267 2269 2816
2268  2268 2270 2816
2269  2269 2510 256
2270  2270 2272 8830976
2271  2271 2273 8830976
2272  2272 2274 8830976
2273  2273 2275 2816
2274  2274 2276 2816
2275  2275 2510 256
2276  2276 2278 35323904
2277  2277 2282 35323904
2278  2278 2280 35323904
2279  2279 2281 35323904
2280  2280 2282 35323904
2281  2281 2285 35323904
2282  2282 2284 8830976
2283  2283 2285 35323904
2284  2284 2286 35323904
2285  2285 2291 35323904
2286  2286 2288 35323904
2287  2287 2289 3211264
2288  2288 2290 3211264
2289  2289 2511 256
2290  2290 2297 35323904
2291  2291 2293 35323904
2292  2292 2294 35323904
2293  2293 2295 3211264
2294  2294 2296 3211264
2295  2295 2512 256
2296  2296 2298 35323904
2297  2297 2309 35323904
2298  2298 2300 35323904
2299  2299 2301 35323904
2300  2300 2302 3211264
2301  2301 2303 3211264
2302  2302 2304 256
2303  2303 2305 256
2304  2304 2307 256
2305  2305 2308 35323904
2306  2306 2308 35323904
2307  2307 2309 35323904
2308  2308 2319 35323904
2309  2309 2311 35323904
2310  2310 2513 8192
2311  2311 2313 17661952
2312  2312 2317 17661952
2313  2313 2315 17661952
2314  2314 2316 17661952
2315  2315 2317 17661952
2316  2316 2324 17661952
2317  2317 2320 8192
2318  2318 2320 35323904
2319  2319 2321 17661952
2320  2320 2322 17661952
2321  2321 2323 17661952
2322  2322 2324 17661952
2323  2323 2325 17661952
2324  2324 2330 17661952
2325  2325 2327 17661952
2326  2326 2328 1605632
2327  2327 2329 1605632
2328  2328 2514 128
2329  2329 2336 17661952
2330  2330 2332 17661952
2331  2331 2333 17661952
2332  2332 2334 1605632
2333  2333 2335 1605632
2334  2334 2515 128
2335  2335 2337 17661952
2336  2336 2348 17661952
2337  2337 2339 17661952
2338  2338 2340 17661952
2339  2339 2341 1605632
2340  2340 2342 1605632
2341  2341 2343 128
2342  2342 2344 128
2343  2343 2346 128
2344  2344 2434 17661952
2345  2345 2347 17661952
2346  2346 2348 17661952
2347  2347 2410 17661952
2348  2348 2351 17661952
2349  2349 2399 17661952
2350  2350 2352 17661952
2351  2351 2353 17661952
2352  2352 2354 1408
2353  2353 2355 1408
2354  2354 2516 128
2355  2355 2357 17661952
2356  2356 2358 17661952
2357  2357 2359 17661952
2358  2358 2360 1408
2359  2359 2361 1408
2360  2360 2516 128
2361  2361 2363 17661952
2362  2362 2364 17661952
2363  2363 2365 17661952
2364  2364 2366 1408
2365  2365 2367 1408
2366  2366 2516 128
2367  2367 2369 17661952
2368  2368 2370 17661952
2369  2369 2371 17661952
2370  2370 2372 1408
2371  2371 2373 1408
2372  2372 2516 128
2373  2373 2375 17661952
2374  2374 2376 17661952
2375  2375 2377 17661952
2376  2376 2378 1408
2377  2377 2379 1408
2378  2378 2516 128
2379  2379 2381 17661952
2380  2380 2382 17661952
2381  2381 2383 17661952
2382  2382 2384 1408
2383  2383 2385 1408
2384  2384 2516 128
2385  2385 2387 17661952
2386  2386 2388 17661952
2387  2387 2389 17661952
2388  2388 2390 1408
2389  2389 2391 1408
2390  2390 2516 128
2391  2391 2393 17661952
2392  2392 2394 17661952
2393  2393 2395 17661952
2394  2394 2396 1408
2395  2395 2397 1408
2396  2396 2516 128
2397  2397 2399 17661952
2398  2398 2400 17661952
2399  2399 2401 17661952
2400  2400 2402 1408
2401  2401 2403 1408
2402  2402 2516 128
2403  2403 2405 17661952
2404  2404 2409 17661952
2405  2405 2407 17661952
2406  2406 2408 17661952
2407  2407 2409 17661952
2408  2408 2412 17661952
2409  2409 2411 17661952
2410  2410 2412 17661952
2411  2411 2413 17661952
2412  2412 2418 17661952
2413  2413 2415 17661952
2414  2414 2416 1605632
2415  2415 2417 1605632
2416  2416 2517 128
2417  2417 2424 17661952
2418  2418 2420 17661952
2419  2419 2421 17661952
2420  2420 2422 1605632
2421  2421 2423 1605632
2422  2422 2518 128
2423  2423 2425 17661952
2424  2424 2435 17661952
2425  2425 2427 17661952
2426  2426 2428 17661952
2427  2427 2429 1605632
2428  2428 2430 1605632
2429  2429 2431 128
2430  2430 2432 128
2431  2431 2433 128
2432  2432 2434 17661952
2433  2433 2435 17661952
2434  2434 2436 17661952
2435  2435 2437 17661952
2436  2436 2519 3456
2437  2437 2519 4032
2438  2438 2519 4096
2439  2439 2519 4096
2440  2440 2519 4194304
2441  2441 2519 4096
2442  2442 2519 4096
2443  2443 2519 36864
2444  2444 2519 4096
2445  2445 2519 4096
2446  2446 2519 2097152
2447  2447 2519 2048
2448  2448 2519 2048
2449  2449 2519 18432
2450  2450 2519 2048
2451  2451 2519 2048
2452  2452 2519 1048576
2453  2453 2519 2048
2454  2454 2519 2048
2455  2455 2519 18432
2456  2456 2519 2048
2457  2457 2519 2048
2458  2458 2519 1048576
2459  2459 2519 2048
2460  2460 2519 2048
2461  2461 2519 18432
2462  2462 2519 2048
2463  2463 2519 2048
2464  2464 2519 1048576
2465  2465 2519 2048
2466  2466 2519 2048
2467  2467 2519 18432
2468  2468 2519 2048
2469  2469 2519 2048
2470  2470 2519 1048576
2471  2471 2519 2048
2472  2472 2519 2048
2473  2473 2519 18432
2474  2474 2519 2048
2475  2475 2519 2048
2476  2476 2519 1048576
2477  2477 2519 2048
2478  2478 2519 2048
2479  2479 2519 18432
2480  2480 2519 2048
2481  2481 2519 2048
2482  2482 2519 524288
2483  2483 2519 1024
2484  2484 2519 1024
2485  2485 2519 9216
2486  2486 2519 1024
2487  2487 2519 1024
2488  2488 2519 262144
2489  2489 2519 1024
2490  2490 2519 1024
2491  2491 2519 9216
2492  2492 2519 1024
2493  2493 2519 1024
2494  2494 2519 131072
2495  2495 2519 512
2496  2496 2519 512
2497  2497 2519 4608
2498  2498 2519 512
2499  2499 2519 512
2500  2500 2519 65536
2501  2501 2519 512
2502  2502 2519 512
2503  2503 2519 4608
2504  2504 2519 512
2505  2505 2519 512
2506  2506 2519 32768
2507  2507 2519 256
2508  2508 2519 256
2509  2509 2519 2304
2510  2510 2519 256
2511  2511 2519 256
2512  2512 2519 8192
2513  2513 2519 128
2514  2514 2519 128
2515  2515 2519 1152
2516  2516 2519 128
2517  2517 2519 128
2518  2518 2519 3456
