17:0  17 18 9633792
19:0  19 20 3456
19:1  19 20 22478848
19:2  19 20 25690112
19:3  19 20 2624
45:0  45 46 1152
45:1  45 46 128
46:0  46 47 25690112
71:0  71 72 25690112
73:0  73 74 8192
73:1  73 74 25690112
73:2  73 74 51380224
73:3  73 74 3072
99:0  99 100 2304
99:1  99 100 256
100:0  100 101 12845056
125:0  125 126 12845056
127:0  127 128 32768
127:1  127 128 12845056
127:2  127 128 25690112
127:3  127 128 6144
153:0  153 154 4608
153:1  153 154 512
154:0  154 155 25690112
179:0  179 180 25690112
181:0  181 182 65536
181:1  181 182 25690112
181:2  181 182 25690112
181:3  181 182 12288
207:0  207 208 4608
207:1  207 208 512
208:0  208 209 6422528
233:0  233 234 6422528
235:0  235 236 131072
235:1  235 236 6422528
235:2  235 236 12845056
235:3  235 236 3207168
235:4  235 236 32768
235:11  235 236 6144
235:12  235 236 12288
261:0  261 262 9216
261:1  261 262 1024
262:0  262 263 12845056
287:0  287 288 12845056
289:0  289 290 262144
289:1  289 290 12845056
289:2  289 290 12845056
289:3  289 290 3207168
289:4  289 290 65536
289:11  289 290 12288
289:12  289 290 24576
315:0  315 316 9216
315:1  315 316 1024
316:0  316 317 3211264
341:0  341 342 3211264
343:0  343 344 524288
343:1  343 344 3211264
343:2  343 344 6422528
343:3  343 344 1597440
343:4  343 344 131072
343:11  343 344 12288
343:12  343 344 24576
369:0  369 370 18432
369:1  369 370 2048
370:0  370 371 6422528
395:0  395 396 6422528
397:0  397 398 1048576
397:1  397 398 6422528
397:2  397 398 6422528
397:3  397 398 1597440
397:4  397 398 262144
397:59  397 398 399360
397:60  397 398 65536
397:67  397 398 12288
397:68  397 398 49152
423:0  423 424 18432
423:1  423 424 2048
424:0  424 425 6422528
449:0  449 450 6422528
451:0  451 452 1048576
451:1  451 452 6422528
451:2  451 452 6422528
451:3  451 452 1597440
451:4  451 452 262144
451:59  451 452 399360
451:60  451 452 65536
451:67  451 452 12288
451:68  451 452 49152
477:0  477 478 18432
477:1  477 478 2048
478:0  478 479 6422528
503:0  503 504 6422528
505:0  505 506 1048576
505:1  505 506 6422528
505:2  505 506 6422528
505:3  505 506 1597440
505:4  505 506 262144
505:59  505 506 399360
505:60  505 506 65536
505:67  505 506 12288
505:68  505 506 49152
531:0  531 532 18432
531:1  531 532 2048
532:0  532 533 6422528
557:0  557 558 6422528
559:0  559 560 1048576
559:1  559 560 6422528
559:2  559 560 6422528
559:3  559 560 1597440
559:4  559 560 262144
559:59  559 560 399360
559:60  559 560 65536
559:67  559 560 12288
559:68  559 560 49152
585:0  585 586 18432
585:1  585 586 2048
586:0  586 587 6422528
611:0  611 612 6422528
613:0  613 614 1048576
613:1  613 614 6422528
613:2  613 614 6422528
613:3  613 614 1597440
613:4  613 614 262144
613:59  613 614 399360
613:60  613 614 65536
613:67  613 614 12288
613:68  613 614 49152
639:0  639 640 18432
639:1  639 640 2048
640:0  640 641 1605632
665:0  665 666 1605632
667:0  667 668 2097152
667:1  667 668 1605632
667:2  667 668 3211264
667:3  667 668 786432
667:4  667 668 524288
667:59  667 668 196608
667:60  667 668 131072
667:67  667 668 12288
667:68  667 668 49152
693:0  693 694 36864
693:1  693 694 4096
694:0  694 695 3211264
719:0  719 720 3211264
721:0  721 722 4194304
721:1  721 722 3211264
721:2  721 722 3211264
721:3  721 722 786432
721:4  721 722 1048576
721:395  721 722 196608
721:396  721 722 262144
721:451  721 722 49152
721:452  721 722 65536
721:459  721 722 12288
721:460  721 722 98304
750:0  750 751 4112384
750:1  750 751 65536
750:2  750 751 64256
750:3  750 751 98304
764:0  764 765 65536
764:1  764 765 64064
764:2  764 765 4100096
764:3  764 765 1536
771:0  771 772 4100096
771:1  771 772 64256
771:2  771 772 65536
771:3  771 772 96128
778:0  778 779 3211264
802:0  802 803 3211264
802:1  802 803 3211264
802:2  802 803 4194304
802:3  802 803 1032192
802:4  802 803 802816
802:59  802 803 258048
802:60  802 803 200704
802:67  802 803 18816
802:68  802 803 75264
811:0  811 812 3211264
811:1  811 812 4194304
811:2  811 812 3211264
811:3  811 812 1032192
811:4  811 812 802816
811:479  811 812 258048
811:480  811 812 200704
811:547  811 812 61440
811:548  811 812 49152
811:555  811 812 12288
811:557  811 812 24576
811:558  811 812 98304
814:0  814 815 3211264
817:0  817 818 3211264
839:0  839 840 3211264
846:0  846 847 3211264
852:0  852 853 3211264
858:0  858 859 3211264
870:0  870 871 3211264
876:0  876 877 3211264
882:0  882 883 3211264
888:0  888 889 3211264
901:0  901 902 36864
901:1  901 902 4096
904:0  904 905 3211264
927:0  927 928 3211264
927:1  927 928 1605632
927:2  927 928 2097152
927:3  927 928 516096
927:4  927 928 802816
927:65  927 928 122880
927:66  927 928 200704
927:73  927 928 18816
927:74  927 928 37632
927:75  927 928 75264
936:0  936 937 3211264
936:1  936 937 2097152
936:2  936 937 1605632
936:3  936 937 516096
936:4  936 937 802816
936:65  936 937 122880
936:66  936 937 200704
936:73  936 937 24576
936:74  936 937 49152
936:75  936 937 98304
939:0  939 940 1605632
942:0  942 943 1605632
965:0  965 966 6422528
972:0  972 973 6422528
978:0  978 979 6422528
984:0  984 985 6422528
990:0  990 991 6422528
996:0  996 997 6422528
1002:0  1002 1003 6422528
1008:0  1008 1009 6422528
1014:0  1014 1015 6422528
1027:0  1027 1028 18432
1027:1  1027 1028 2048
1030:0  1030 1031 6422528
1054:0  1054 1055 6422528
1054:1  1054 1055 6422528
1054:2  1054 1055 1048576
1054:3  1054 1055 1580544
1054:4  1054 1055 1605632
1054:65  1054 1055 376320
1054:66  1054 1055 401408
1054:73  1054 1055 75264
1054:74  1054 1055 150528
1054:75  1054 1055 301056
1063:0  1063 1064 6422528
1063:1  1063 1064 1048576
1063:2  1063 1064 6422528
1063:3  1063 1064 1580544
1063:4  1063 1064 1605632
1063:65  1063 1064 376320
1063:66  1063 1064 401408
1063:73  1063 1064 12288
1063:74  1063 1064 24576
1063:75  1063 1064 49152
1066:0  1066 1067 6422528
1069:0  1069 1070 6422528
1091:0  1091 1092 6422528
1098:0  1098 1099 6422528
1104:0  1104 1105 6422528
1110:0  1110 1111 6422528
1122:0  1122 1123 6422528
1128:0  1128 1129 6422528
1134:0  1134 1135 6422528
1140:0  1140 1141 6422528
1153:0  1153 1154 18432
1153:1  1153 1154 2048
1156:0  1156 1157 6422528
1179:0  1179 1180 6422528
1179:1  1179 1180 6422528
1179:2  1179 1180 1048576
1179:3  1179 1180 1580544
1179:4  1179 1180 1605632
1179:65  1179 1180 376320
1179:66  1179 1180 401408
1179:73  1179 1180 75264
1179:74  1179 1180 150528
1179:75  1179 1180 301056
1188:0  1188 1189 6422528
1188:1  1188 1189 1048576
1188:2  1188 1189 6422528
1188:3  1188 1189 1580544
1188:4  1188 1189 1605632
1188:65  1188 1189 376320
1188:66  1188 1189 401408
1188:73  1188 1189 12288
1188:74  1188 1189 24576
1188:75  1188 1189 49152
1191:0  1191 1192 6422528
1194:0  1194 1195 6422528
1216:0  1216 1217 6422528
1223:0  1223 1224 6422528
1229:0  1229 1230 6422528
1235:0  1235 1236 6422528
1247:0  1247 1248 6422528
1253:0  1253 1254 6422528
1259:0  1259 1260 6422528
1265:0  1265 1266 6422528
1278:0  1278 1279 18432
1278:1  1278 1279 2048
1281:0  1281 1282 6422528
1304:0  1304 1305 6422528
1304:1  1304 1305 6422528
1304:2  1304 1305 1048576
1304:3  1304 1305 1580544
1304:4  1304 1305 1605632
1304:65  1304 1305 376320
1304:66  1304 1305 401408
1304:73  1304 1305 75264
1304:74  1304 1305 150528
1304:75  1304 1305 301056
1313:0  1313 1314 6422528
1313:1  1313 1314 1048576
1313:2  1313 1314 6422528
1313:3  1313 1314 1580544
1313:4  1313 1314 1605632
1313:65  1313 1314 376320
1313:66  1313 1314 401408
1313:73  1313 1314 12288
1313:74  1313 1314 24576
1313:75  1313 1314 49152
1316:0  1316 1317 6422528
1319:0  1319 1320 6422528
1341:0  1341 1342 6422528
1348:0  1348 1349 6422528
1354:0  1354 1355 6422528
1360:0  1360 1361 6422528
1372:0  1372 1373 6422528
1378:0  1378 1379 6422528
1384:0  1384 1385 6422528
1390:0  1390 1391 6422528
1403:0  1403 1404 18432
1403:1  1403 1404 2048
1406:0  1406 1407 6422528
1429:0  1429 1430 6422528
1429:1  1429 1430 6422528
1429:2  1429 1430 1048576
1429:3  1429 1430 1580544
1429:4  1429 1430 1605632
1429:65  1429 1430 376320
1429:66  1429 1430 401408
1429:73  1429 1430 75264
1429:74  1429 1430 150528
1429:75  1429 1430 301056
1438:0  1438 1439 6422528
1438:1  1438 1439 1048576
1438:2  1438 1439 6422528
1438:3  1438 1439 1580544
1438:4  1438 1439 1605632
1438:65  1438 1439 376320
1438:66  1438 1439 401408
1438:73  1438 1439 12288
1438:74  1438 1439 24576
1438:75  1438 1439 49152
1441:0  1441 1442 6422528
1444:0  1444 1445 6422528
1466:0  1466 1467 6422528
1473:0  1473 1474 6422528
1479:0  1479 1480 6422528
1485:0  1485 1486 6422528
1497:0  1497 1498 6422528
1503:0  1503 1504 6422528
1509:0  1509 1510 6422528
1515:0  1515 1516 6422528
1528:0  1528 1529 18432
1528:1  1528 1529 2048
1531:0  1531 1532 6422528
1554:0  1554 1555 6422528
1554:1  1554 1555 6422528
1554:2  1554 1555 1048576
1554:3  1554 1555 1580544
1554:4  1554 1555 1605632
1554:65  1554 1555 376320
1554:66  1554 1555 401408
1554:73  1554 1555 75264
1554:74  1554 1555 150528
1554:75  1554 1555 301056
1563:0  1563 1564 6422528
1563:1  1563 1564 1048576
1563:2  1563 1564 6422528
1563:3  1563 1564 1580544
1563:4  1563 1564 1605632
1563:65  1563 1564 376320
1563:66  1563 1564 401408
1563:73  1563 1564 12288
1563:74  1563 1564 24576
1563:75  1563 1564 49152
1566:0  1566 1567 6422528
1569:0  1569 1570 6422528
1591:0  1591 1592 6422528
1598:0  1598 1599 6422528
1604:0  1604 1605 6422528
1610:0  1610 1611 6422528
1622:0  1622 1623 6422528
1628:0  1628 1629 6422528
1634:0  1634 1635 6422528
1640:0  1640 1641 6422528
1653:0  1653 1654 18432
1653:1  1653 1654 2048
1656:0  1656 1657 6422528
1679:0  1679 1680 6422528
1679:1  1679 1680 3211264
1679:2  1679 1680 524288
1679:3  1679 1680 752640
1679:4  1679 1680 1605632
1679:59  1679 1680 188160
1679:60  1679 1680 401408
1679:67  1679 1680 75264
1679:68  1679 1680 301056
1688:0  1688 1689 6422528
1688:1  1688 1689 524288
1688:2  1688 1689 3211264
1688:3  1688 1689 752640
1688:4  1688 1689 1605632
1688:11  1688 1689 24576
1688:12  1688 1689 49152
1691:0  1691 1692 3211264
1694:0  1694 1695 3211264
1717:0  1717 1718 12845056
1724:0  1724 1725 12845056
1730:0  1730 1731 12845056
1736:0  1736 1737 12845056
1742:0  1742 1743 12845056
1748:0  1748 1749 12845056
1754:0  1754 1755 12845056
1760:0  1760 1761 12845056
1766:0  1766 1767 12845056
1779:0  1779 1780 9216
1779:1  1779 1780 1024
1782:0  1782 1783 12845056
1806:0  1806 1807 12845056
1806:1  1806 1807 12845056
1806:2  1806 1807 262144
1806:3  1806 1807 3010560
1806:4  1806 1807 3211264
1806:59  1806 1807 752640
1806:60  1806 1807 802816
1806:67  1806 1807 301056
1806:68  1806 1807 1204224
1815:0  1815 1816 12845056
1815:1  1815 1816 262144
1815:2  1815 1816 12845056
1815:3  1815 1816 3010560
1815:4  1815 1816 3211264
1815:11  1815 1816 12288
1815:12  1815 1816 24576
1818:0  1818 1819 12845056
1821:0  1821 1822 12845056
1843:0  1843 1844 12845056
1850:0  1850 1851 12845056
1856:0  1856 1857 12845056
1862:0  1862 1863 12845056
1874:0  1874 1875 12845056
1880:0  1880 1881 12845056
1886:0  1886 1887 12845056
1892:0  1892 1893 12845056
1905:0  1905 1906 9216
1905:1  1905 1906 1024
1908:0  1908 1909 12845056
1931:0  1931 1932 12845056
1931:1  1931 1932 6422528
1931:2  1931 1932 131072
1931:3  1931 1932 1505280
1931:4  1931 1932 3211264
1931:11  1931 1932 602112
1931:12  1931 1932 1204224
1940:0  1940 1941 12845056
1940:1  1940 1941 131072
1940:2  1940 1941 6422528
1940:3  1940 1941 24576
1943:0  1943 1944 6422528
1946:0  1946 1947 6422528
1969:0  1969 1970 25690112
1976:0  1976 1977 25690112
1982:0  1982 1983 25690112
1988:0  1988 1989 25690112
1994:0  1994 1995 25690112
2000:0  2000 2001 25690112
2006:0  2006 2007 25690112
2012:0  2012 2013 25690112
2018:0  2018 2019 25690112
2031:0  2031 2032 4608
2031:1  2031 2032 512
2034:0  2034 2035 25690112
2058:0  2058 2059 25690112
2058:1  2058 2059 25690112
2058:2  2058 2059 65536
2058:3  2058 2059 6021120
2058:4  2058 2059 6422528
2058:11  2058 2059 2408448
2058:12  2058 2059 4816896
2067:0  2067 2068 25690112
2067:1  2067 2068 65536
2067:2  2067 2068 25690112
2067:3  2067 2068 12288
2070:0  2070 2071 25690112
2073:0  2073 2074 25690112
2095:0  2095 2096 25690112
2102:0  2102 2103 25690112
2108:0  2108 2109 25690112
2114:0  2114 2115 25690112
2126:0  2126 2127 25690112
2132:0  2132 2133 25690112
2138:0  2138 2139 25690112
2144:0  2144 2145 25690112
2157:0  2157 2158 4608
2157:1  2157 2158 512
2160:0  2160 2161 25690112
2183:0  2183 2184 25690112
2183:1  2183 2184 12845056
2183:2  2183 2184 32768
2183:3  2183 2184 4816896
2192:0  2192 2193 25690112
2192:1  2192 2193 32768
2192:2  2192 2193 12845056
2192:3  2192 2193 12288
2195:0  2195 2196 12845056
2198:0  2198 2199 12845056
2221:0  2221 2222 51380224
2228:0  2228 2229 51380224
2234:0  2234 2235 51380224
2240:0  2240 2241 51380224
2246:0  2246 2247 51380224
2252:0  2252 2253 51380224
2258:0  2258 2259 51380224
2264:0  2264 2265 51380224
2270:0  2270 2271 51380224
2283:0  2283 2284 2304
2283:1  2283 2284 256
2286:0  2286 2287 51380224
2310:0  2310 2311 51380224
2310:1  2310 2311 25690112
2310:2  2310 2311 8192
2310:3  2310 2311 19267584
2319:0  2319 2320 51380224
2319:1  2319 2320 8192
2319:2  2319 2320 25690112
2319:3  2319 2320 6144
2322:0  2322 2323 25690112
2325:0  2325 2326 25690112
2348:0  2348 2349 25690112
2355:0  2355 2356 25690112
2361:0  2361 2362 25690112
2367:0  2367 2368 25690112
2379:0  2379 2380 25690112
2385:0  2385 2386 25690112
2391:0  2391 2392 25690112
2397:0  2397 2398 25690112
2410:0  2410 2411 1152
2410:1  2410 2411 128
2413:0  2413 2414 25690112
2436:0  2436 2437 25690112
2436:1  2436 2437 21676032
2436:2  2436 2437 3456
2436:3  2436 2437 19267584
0  0 2 64
1  1 4 64
2  2 5 64
3  3 5 64
4  4 7 64
5  5 9 64064
6  6 8 64
7  7 9 64064
8  8 15 64064
9  9 11 64
10  10 12 64
11  11 13 64
12  12 14 64
13  13 15 64064
14  14 755 64064
15  15 17 9633792
16  16 18 12845056
17  17 2437 21676032
18  18 20 3456
19  19 25 25690112
20  20 22 25690112
21  21 23 1605632
22  22 24 1605632
23  23 26 128
24  24 28 25690112
25  25 27 128
26  26 28 25690112
27  27 39 25690112
28  28 30 25690112
29  29 31 25690112
30  30 32 1605632
31  31 33 1605632
32  32 34 128
33  33 35 128
34  34 36 128
35  35 37 128
36  36 38 128
37  37 2425 25690112
38  38 2419 25690112
39  39 2424 25690112
40  40 43 25690112
41  41 43 25690112
42  42 44 25690112
43  43 2406 25690112
44  44 2398 25690112
45  45 51 25690112
46  46 48 25690112
47  47 49 1605632
48  48 50 1605632
49  49 52 128
50  50 54 25690112
51  51 53 128
52  52 54 25690112
53  53 65 25690112
54  54 56 25690112
55  55 57 25690112
56  56 58 1605632
57  57 59 1605632
58  58 60 128
59  59 61 128
60  60 62 128
61  61 63 128
62  62 64 128
63  63 2337 25690112
64  64 2331 25690112
65  65 2336 25690112
66  66 69 25690112
67  67 69 25690112
68  68 70 25690112
69  69 2314 25690112
70  70 72 25690112
71  71 2311 25690112
72  72 74 8192
73  73 79 51380224
74  74 76 51380224
75  75 77 3211264
76  76 78 3211264
77  77 80 256
78  78 82 51380224
79  79 81 256
80  80 82 51380224
81  81 93 51380224
82  82 84 51380224
83  83 85 51380224
84  84 86 3211264
85  85 87 3211264
86  86 88 256
87  87 89 256
88  88 90 256
89  89 91 256
90  90 92 256
91  91 2298 51380224
92  92 2292 51380224
93  93 2297 51380224
94  94 97 51380224
95  95 97 51380224
96  96 98 51380224
97  97 2279 51380224
98  98 2271 51380224
99  99 105 12845056
100  100 102 12845056
101  101 103 802816
102  102 104 802816
103  103 106 256
104  104 108 12845056
105  105 107 256
106  106 108 12845056
107  107 119 12845056
108  108 110 12845056
109  109 111 12845056
110  110 112 802816
111  111 113 802816
112  112 114 256
113  113 115 256
114  114 116 256
115  115 117 256
116  116 118 256
117  117 2210 12845056
118  118 2204 12845056
119  119 2209 12845056
120  120 123 12845056
121  121 123 12845056
122  122 124 12845056
123  123 2187 12845056
124  124 126 12845056
125  125 2184 12845056
126  126 128 32768
127  127 133 25690112
128  128 130 25690112
129  129 131 1605632
130  130 132 1605632
131  131 134 512
132  132 136 25690112
133  133 135 512
134  134 136 25690112
135  135 147 25690112
136  136 138 25690112
137  137 139 25690112
138  138 140 1605632
139  139 141 1605632
140  140 142 512
141  141 143 512
142  142 144 512
143  143 145 512
144  144 146 512
145  145 2172 25690112
146  146 2166 25690112
147  147 2171 25690112
148  148 151 25690112
149  149 151 25690112
150  150 152 25690112
151  151 2153 25690112
152  152 2145 25690112
153  153 159 25690112
154  154 156 25690112
155  155 157 1605632
156  156 158 1605632
157  157 160 512
158  158 162 25690112
159  159 161 512
160  160 162 25690112
161  161 173 25690112
162  162 164 25690112
163  163 165 25690112
164  164 166 1605632
165  165 167 1605632
166  166 168 512
167  167 169 512
168  168 170 512
169  169 171 512
170  170 172 512
171  171 2085 25690112
172  172 2079 25690112
173  173 2084 25690112
174  174 177 25690112
175  175 177 25690112
176  176 178 25690112
177  177 2062 25690112
178  178 180 25690112
179  179 2059 25690112
180  180 182 65536
181  181 187 25690112
182  182 184 25690112
183  183 185 1605632
184  184 186 1605632
185  185 188 512
186  186 190 25690112
187  187 189 512
188  188 190 25690112
189  189 201 25690112
190  190 192 25690112
191  191 193 25690112
192  192 194 1605632
193  193 195 1605632
194  194 196 512
195  195 197 512
196  196 198 512
197  197 199 512
198  198 200 512
199  199 2046 25690112
200  200 2040 25690112
201  201 2045 25690112
202  202 205 25690112
203  203 205 25690112
204  204 206 25690112
205  205 2027 25690112
206  206 2019 25690112
207  207 213 6422528
208  208 210 6422528
209  209 211 401408
210  210 212 401408
211  211 214 512
212  212 216 6422528
213  213 215 512
214  214 216 6422528
215  215 227 6422528
216  216 218 6422528
217  217 219 6422528
218  218 220 401408
219  219 221 401408
220  220 222 512
221  221 223 512
222  222 224 512
223  223 225 512
224  224 226 512
225  225 1958 6422528
226  226 1952 6422528
227  227 1957 6422528
228  228 231 6422528
229  229 231 6422528
230  230 232 6422528
231  231 1935 6422528
232  232 234 6422528
233  233 1932 6422528
234  234 236 131072
235  235 241 12845056
236  236 238 12845056
237  237 239 802816
238  238 240 802816
239  239 242 1024
240  240 244 12845056
241  241 243 1024
242  242 244 12845056
243  243 255 12845056
244  244 246 12845056
245  245 247 12845056
246  246 248 802816
247  247 249 802816
248  248 250 1024
249  249 251 1024
250  250 252 1024
251  251 253 1024
252  252 254 1024
253  253 1920 12845056
254  254 1914 12845056
255  255 1919 12845056
256  256 259 12845056
257  257 259 12845056
258  258 260 12845056
259  259 1901 12845056
260  260 1893 12845056
261  261 267 12845056
262  262 264 12845056
263  263 265 802816
264  264 266 802816
265  265 268 1024
266  266 270 12845056
267  267 269 1024
268  268 270 12845056
269  269 281 12845056
270  270 272 12845056
271  271 273 12845056
272  272 274 802816
273  273 275 802816
274  274 276 1024
275  275 277 1024
276  276 278 1024
277  277 279 1024
278  278 280 1024
279  279 1833 12845056
280  280 1827 12845056
281  281 1832 12845056
282  282 285 12845056
283  283 285 12845056
284  284 286 12845056
285  285 1810 12845056
286  286 288 12845056
287  287 1807 12845056
288  288 290 262144
289  289 295 12845056
290  290 292 12845056
291  291 293 802816
292  292 294 802816
293  293 296 1024
294  294 298 12845056
295  295 297 1024
296  296 298 12845056
297  297 309 12845056
298  298 300 12845056
299  299 301 12845056
300  300 302 802816
301  301 303 802816
302  302 304 1024
303  303 305 1024
304  304 306 1024
305  305 307 1024
306  306 308 1024
307  307 1794 12845056
308  308 1788 12845056
309  309 1793 12845056
310  310 313 12845056
311  311 313 12845056
312  312 314 12845056
313  313 1775 12845056
314  314 1767 12845056
315  315 321 3211264
316  316 318 3211264
317  317 319 200704
318  318 320 200704
319  319 322 1024
320  320 324 3211264
321  321 323 1024
322  322 324 3211264
323  323 335 3211264
324  324 326 3211264
325  325 327 3211264
326  326 328 200704
327  327 329 200704
328  328 330 1024
329  329 331 1024
330  330 332 1024
331  331 333 1024
332  332 334 1024
333  333 1706 3211264
334  334 1700 3211264
335  335 1705 3211264
336  336 339 3211264
337  337 339 3211264
338  338 340 3211264
339  339 1683 3211264
340  340 342 3211264
341  341 1680 3211264
342  342 344 524288
343  343 349 6422528
344  344 346 6422528
345  345 347 401408
346  346 348 401408
347  347 350 2048
348  348 352 6422528
349  349 351 2048
350  350 352 6422528
351  351 363 6422528
352  352 354 6422528
353  353 355 6422528
354  354 356 401408
355  355 357 401408
356  356 358 2048
357  357 359 2048
358  358 360 2048
359  359 361 2048
360  360 362 2048
361  361 1668 6422528
362  362 1662 6422528
363  363 1667 6422528
364  364 367 6422528
365  365 367 6422528
366  366 368 6422528
367  367 1649 6422528
368  368 1641 6422528
369  369 375 6422528
370  370 372 6422528
371  371 373 401408
372  372 374 401408
373  373 376 2048
374  374 378 6422528
375  375 377 2048
376  376 378 6422528
377  377 389 6422528
378  378 380 6422528
379  379 381 6422528
380  380 382 401408
381  381 383 401408
382  382 384 2048
383  383 385 2048
384  384 386 2048
385  385 387 2048
386  386 388 2048
387  387 1581 6422528
388  388 1575 6422528
389  389 1580 6422528
390  390 393 6422528
391  391 393 6422528
392  392 394 6422528
393  393 1558 6422528
394  394 396 6422528
395  395 1555 6422528
396  396 398 1048576
397  397 403 6422528
398  398 400 6422528
399  399 401 401408
400  400 402 401408
401  401 404 2048
402  402 406 6422528
403  403 405 2048
404  404 406 6422528
405  405 417 6422528
406  406 408 6422528
407  407 409 6422528
408  408 410 401408
409  409 411 401408
410  410 412 2048
411  411 413 2048
412  412 414 2048
413  413 415 2048
414  414 416 2048
415  415 1543 6422528
416  416 1537 6422528
417  417 1542 6422528
418  418 421 6422528
419  419 421 6422528
420  420 422 6422528
421  421 1524 6422528
422  422 1516 6422528
423  423 429 6422528
424  424 426 6422528
425  425 427 401408
426  426 428 401408
427  427 430 2048
428  428 432 6422528
429  429 431 2048
430  430 432 6422528
431  431 443 6422528
432  432 434 6422528
433  433 435 6422528
434  434 436 401408
435  435 437 401408
436  436 438 2048
437  437 439 2048
438  438 440 2048
439  439 441 2048
440  440 442 2048
441  441 1456 6422528
442  442 1450 6422528
443  443 1455 6422528
444  444 447 6422528
445  445 447 6422528
446  446 448 6422528
447  447 1433 6422528
448  448 450 6422528
449  449 1430 6422528
450  450 452 1048576
451  451 457 6422528
452  452 454 6422528
453  453 455 401408
454  454 456 401408
455  455 458 2048
456  456 460 6422528
457  457 459 2048
458  458 460 6422528
459  459 471 6422528
460  460 462 6422528
461  461 463 6422528
462  462 464 401408
463  463 465 401408
464  464 466 2048
465  465 467 2048
466  466 468 2048
467  467 469 2048
468  468 470 2048
469  469 1418 6422528
470  470 1412 6422528
471  471 1417 6422528
472  472 475 6422528
473  473 475 6422528
474  474 476 6422528
475  475 1399 6422528
476  476 1391 6422528
477  477 483 6422528
478  478 480 6422528
479  479 481 401408
480  480 482 401408
481  481 484 2048
482  482 486 6422528
483  483 485 2048
484  484 486 6422528
485  485 497 6422528
486  486 488 6422528
487  487 489 6422528
488  488 490 401408
489  489 491 401408
490  490 492 2048
491  491 493 2048
492  492 494 2048
493  493 495 2048
494  494 496 2048
495  495 1331 6422528
496  496 1325 6422528
497  497 1330 6422528
498  498 501 6422528
499  499 501 6422528
500  500 502 6422528
501  501 1308 6422528
502  502 504 6422528
503  503 1305 6422528
504  504 506 1048576
505  505 511 6422528
506  506 508 6422528
507  507 509 401408
508  508 510 401408
509  509 512 2048
510  510 514 6422528
511  511 513 2048
512  512 514 6422528
513  513 525 6422528
514  514 516 6422528
515  515 517 6422528
516  516 518 401408
517  517 519 401408
518  518 520 2048
519  519 521 2048
520  520 522 2048
521  521 523 2048
522  522 524 2048
523  523 1293 6422528
524  524 1287 6422528
525  525 1292 6422528
526  526 529 6422528
527  527 529 6422528
528  528 530 6422528
529  529 1274 6422528
530  530 1266 6422528
531  531 537 6422528
532  532 534 6422528
533  533 535 401408
534  534 536 401408
535  535 538 2048
536  536 540 6422528
537  537 539 2048
538  538 540 6422528
539  539 551 6422528
540  540 542 6422528
541  541 543 6422528
542  542 544 401408
543  543 545 401408
544  544 546 2048
545  545 547 2048
546  546 548 2048
547  547 549 2048
548  548 550 2048
549  549 1206 6422528
550  550 1200 6422528
551  551 1205 6422528
552  552 555 6422528
553  553 555 6422528
554  554 556 6422528
555  555 1183 6422528
556  556 558 6422528
557  557 1180 6422528
558  558 560 1048576
559  559 565 6422528
560  560 562 6422528
561  561 563 401408
562  562 564 401408
563  563 566 2048
564  564 568 6422528
565  565 567 2048
566  566 568 6422528
567  567 579 6422528
568  568 570 6422528
569  569 571 6422528
570  570 572 401408
571  571 573 401408
572  572 574 2048
573  573 575 2048
574  574 576 2048
575  575 577 2048
576  576 578 2048
577  577 1168 6422528
578  578 1162 6422528
579  579 1167 6422528
580  580 583 6422528
581  581 583 6422528
582  582 584 6422528
583  583 1149 6422528
584  584 1141 6422528
585  585 591 6422528
586  586 588 6422528
587  587 589 401408
588  588 590 401408
589  589 592 2048
590  590 594 6422528
591  591 593 2048
592  592 594 6422528
593  593 605 6422528
594  594 596 6422528
595  595 597 6422528
596  596 598 401408
597  597 599 401408
598  598 600 2048
599  599 601 2048
600  600 602 2048
601  601 603 2048
602  602 604 2048
603  603 1081 6422528
604  604 1075 6422528
605  605 1080 6422528
606  606 609 6422528
607  607 609 6422528
608  608 610 6422528
609  609 1058 6422528
610  610 612 6422528
611  611 1055 6422528
612  612 614 1048576
613  613 619 6422528
614  614 616 6422528
615  615 617 401408
616  616 618 401408
617  617 620 2048
618  618 622 6422528
619  619 621 2048
620  620 622 6422528
621  621 633 6422528
622  622 624 6422528
623  623 625 6422528
624  624 626 401408
625  625 627 401408
626  626 628 2048
627  627 629 2048
628  628 630 2048
629  629 631 2048
630  630 632 2048
631  631 1042 6422528
632  632 1036 6422528
633  633 1041 6422528
634  634 637 6422528
635  635 637 6422528
636  636 638 6422528
637  637 1023 6422528
638  638 1015 6422528
639  639 645 1605632
640  640 642 1605632
641  641 643 100352
642  642 644 100352
643  643 646 2048
644  644 648 1605632
645  645 647 2048
646  646 648 1605632
647  647 659 1605632
648  648 650 1605632
649  649 651 1605632
650  650 652 100352
651  651 653 100352
652  652 654 2048
653  653 655 2048
654  654 656 2048
655  655 657 2048
656  656 658 2048
657  657 954 1605632
658  658 948 1605632
659  659 953 1605632
660  660 663 1605632
661  661 663 1605632
662  662 664 1605632
663  663 931 1605632
664  664 666 1605632
665  665 928 1605632
666  666 668 2097152
667  667 673 3211264
668  668 670 3211264
669  669 671 200704
670  670 672 200704
671  671 674 4096
672  672 676 3211264
673  673 675 4096
674  674 676 3211264
675  675 687 3211264
676  676 678 3211264
677  677 679 3211264
678  678 680 200704
679  679 681 200704
680  680 682 4096
681  681 683 4096
682  682 684 4096
683  683 685 4096
684  684 686 4096
685  685 916 3211264
686  686 910 3211264
687  687 915 3211264
688  688 691 3211264
689  689 691 3211264
690  690 692 3211264
691  691 897 3211264
692  692 889 3211264
693  693 699 3211264
694  694 696 3211264
695  695 697 200704
696  696 698 200704
697  697 700 4096
698  698 702 3211264
699  699 701 4096
700  700 702 3211264
701  701 713 3211264
702  702 704 3211264
703  703 705 3211264
704  704 706 200704
705  705 707 200704
706  706 708 4096
707  707 709 4096
708  708 710 4096
709  709 711 4096
710  710 712 4096
711  711 829 3211264
712  712 823 3211264
713  713 828 3211264
714  714 717 3211264
715  715 717 3211264
716  716 718 3211264
717  717 806 3211264
718  718 720 3211264
719  719 803 3211264
720  720 722 4194304
721  721 727 3211264
722  722 724 3211264
723  723 725 200704
724  724 726 200704
725  725 728 4096
726  726 730 3211264
727  727 729 4096
728  728 730 3211264
729  729 741 3211264
730  730 732 3211264
731  731 733 3211264
732  732 734 200704
733  733 735 200704
734  734 736 4096
735  735 737 4096
736  736 738 4096
737  737 739 4096
738  738 740 4096
739  739 790 3211264
740  740 784 3211264
741  741 789 3211264
742  742 745 3211264
743  743 745 3211264
744  744 746 3211264
745  745 768 3211264
746  746 748 3211264
747  747 749 65536
748  748 750 65536
749  749 765 65536
750  750 753 64064
751  751 753 64064
752  752 754 64064
753  753 762 64064
754  754 761 64064
755  755 757 64064
756  756 758 64064
757  757 759 64
758  758 760 64
759  759 761 64064
760  760 762 64064
761  761 772 64064
762  762 764 64064
763  763 2438 4032
764  764 2519 4100096
765  765 767 3211264
766  766 771 3211264
767  767 769 3211264
768  768 770 3211264
769  769 771 3211264
770  770 777 3211264
771  771 773 65536
772  772 774 65536
773  773 775 157351936
774  774 776 3211264
775  775 777 3211264
776  776 778 3211264
777  777 783 3211264
778  778 780 3211264
779  779 781 200704
780  780 782 200704
781  781 2439 4096
782  782 789 3211264
783  783 785 3211264
784  784 786 3211264
785  785 787 200704
786  786 788 200704
787  787 2440 4096
788  788 790 3211264
789  789 801 3211264
790  790 792 3211264
791  791 793 3211264
792  792 794 200704
793  793 795 200704
794  794 796 4096
795  795 797 4096
796  796 799 4096
797  797 925 3211264
798  798 800 3211264
799  799 801 3211264
800  800 811 3211264
801  801 803 3211264
802  802 2441 4194304
803  803 805 3211264
804  804 809 3211264
805  805 807 3211264
806  806 808 3211264
807  807 809 3211264
808  808 816 3211264
809  809 812 4194304
810  810 812 3211264
811  811 813 3211264
812  812 814 3211264
813  813 815 3211264
814  814 816 3211264
815  815 817 3211264
816  816 822 3211264
817  817 819 3211264
818  818 820 200704
819  819 821 200704
820  820 2442 4096
821  821 828 3211264
822  822 824 3211264
823  823 825 3211264
824  824 826 200704
825  825 827 200704
826  826 2443 4096
827  827 829 3211264
828  828 839 3211264
829  829 831 3211264
830  830 832 3211264
831  831 833 200704
832  832 834 200704
833  833 835 4096
834  834 836 4096
835  835 837 4096
836  836 838 3211264
837  837 839 3211264
838  838 901 3211264
839  839 842 3211264
840  840 890 3211264
841  841 843 3211264
842  842 844 3211264
843  843 845 65536
844  844 846 65536
845  845 2444 4096
846  846 848 3211264
847  847 849 3211264
848  848 850 3211264
849  849 851 65536
850  850 852 65536
851  851 2444 4096
852  852 854 3211264
853  853 855 3211264
854  854 856 3211264
855  855 857 65536
856  856 858 65536
857  857 2444 4096
858  858 860 3211264
859  859 861 3211264
860  860 862 3211264
861  861 863 65536
862  862 864 65536
863  863 2444 4096
864  864 866 3211264
865  865 867 3211264
866  866 868 3211264
867  867 869 65536
868  868 870 65536
869  869 2444 4096
870  870 872 3211264
871  871 873 3211264
872  872 874 3211264
873  873 875 65536
874  874 876 65536
875  875 2444 4096
876  876 878 3211264
877  877 879 3211264
878  878 880 3211264
879  879 881 65536
880  880 882 65536
881  881 2444 4096
882  882 884 3211264
883  883 885 3211264
884  884 886 3211264
885  885 887 65536
886  886 888 65536
887  887 2444 4096
888  888 890 3211264
889  889 891 3211264
890  890 892 3211264
891  891 893 65536
892  892 894 65536
893  893 2444 4096
894  894 896 3211264
895  895 900 3211264
896  896 898 3211264
897  897 899 3211264
898  898 900 3211264
899  899 903 3211264
900  900 902 3211264
901  901 903 3211264
902  902 904 3211264
903  903 909 3211264
904  904 906 3211264
905  905 907 200704
906  906 908 200704
907  907 2445 4096
908  908 915 3211264
909  909 911 3211264
910  910 912 3211264
911  911 913 200704
912  912 914 200704
913  913 2446 4096
914  914 916 3211264
915  915 926 3211264
916  916 918 3211264
917  917 919 3211264
918  918 920 200704
919  919 921 200704
920  920 922 4096
921  921 923 4096
922  922 924 4096
923  923 925 3211264
924  924 926 3211264
925  925 936 3211264
926  926 928 3211264
927  927 2447 2097152
928  928 930 1605632
929  929 934 1605632
930  930 932 1605632
931  931 933 1605632
932  932 934 1605632
933  933 941 1605632
934  934 937 2097152
935  935 937 3211264
936  936 938 1605632
937  937 939 1605632
938  938 940 1605632
939  939 941 1605632
940  940 942 1605632
941  941 947 1605632
942  942 944 1605632
943  943 945 100352
944  944 946 100352
945  945 2448 2048
946  946 953 1605632
947  947 949 1605632
948  948 950 1605632
949  949 951 100352
950  950 952 100352
951  951 2449 2048
952  952 954 1605632
953  953 965 1605632
954  954 956 1605632
955  955 957 1605632
956  956 958 100352
957  957 959 100352
958  958 960 2048
959  959 961 2048
960  960 963 2048
961  961 964 1605632
962  962 964 1605632
963  963 965 1605632
964  964 1027 1605632
965  965 968 1605632
966  966 1016 1605632
967  967 969 1605632
968  968 970 1605632
969  969 971 32768
970  970 972 32768
971  971 2450 2048
972  972 974 1605632
973  973 975 1605632
974  974 976 1605632
975  975 977 32768
976  976 978 32768
977  977 2450 2048
978  978 980 1605632
979  979 981 1605632
980  980 982 1605632
981  981 983 32768
982  982 984 32768
983  983 2450 2048
984  984 986 1605632
985  985 987 1605632
986  986 988 1605632
987  987 989 32768
988  988 990 32768
989  989 2450 2048
990  990 992 1605632
991  991 993 1605632
992  992 994 1605632
993  993 995 32768
994  994 996 32768
995  995 2450 2048
996  996 998 1605632
997  997 999 1605632
998  998 1000 1605632
999  999 1001 32768
1000  1000 1002 32768
1001  1001 2450 2048
1002  1002 1004 1605632
1003  1003 1005 1605632
1004  1004 1006 1605632
1005  1005 1007 32768
1006  1006 1008 32768
1007  1007 2450 2048
1008  1008 1010 1605632
1009  1009 1011 1605632
1010  1010 1012 1605632
1011  1011 1013 32768
1012  1012 1014 32768
1013  1013 2450 2048
1014  1014 1016 1605632
1015  1015 1017 1605632
1016  1016 1018 1605632
1017  1017 1019 32768
1018  1018 1020 32768
1019  1019 2450 2048
1020  1020 1022 6422528
1021  1021 1026 6422528
1022  1022 1024 6422528
1023  1023 1025 6422528
1024  1024 1026 6422528
1025  1025 1029 6422528
1026  1026 1028 1605632
1027  1027 1029 6422528
1028  1028 1030 6422528
1029  1029 1035 6422528
1030  1030 1032 6422528
1031  1031 1033 401408
1032  1032 1034 401408
1033  1033 2451 2048
1034  1034 1041 6422528
1035  1035 1037 6422528
1036  1036 1038 6422528
1037  1037 1039 401408
1038  1038 1040 401408
1039  1039 2452 2048
1040  1040 1042 6422528
1041  1041 1053 6422528
1042  1042 1044 6422528
1043  1043 1045 6422528
1044  1044 1046 401408
1045  1045 1047 401408
1046  1046 1048 2048
1047  1047 1049 2048
1048  1048 1051 2048
1049  1049 1677 6422528
1050  1050 1052 6422528
1051  1051 1053 6422528
1052  1052 1063 6422528
1053  1053 1055 6422528
1054  1054 2453 1048576
1055  1055 1057 6422528
1056  1056 1061 6422528
1057  1057 1059 6422528
1058  1058 1060 6422528
1059  1059 1061 6422528
1060  1060 1068 6422528
1061  1061 1064 1048576
1062  1062 1064 6422528
1063  1063 1065 6422528
1064  1064 1066 6422528
1065  1065 1067 6422528
1066  1066 1068 6422528
1067  1067 1069 6422528
1068  1068 1074 6422528
1069  1069 1071 6422528
1070  1070 1072 401408
1071  1071 1073 401408
1072  1072 2454 2048
1073  1073 1080 6422528
1074  1074 1076 6422528
1075  1075 1077 6422528
1076  1076 1078 401408
1077  1077 1079 401408
1078  1078 2455 2048
1079  1079 1081 6422528
1080  1080 1091 6422528
1081  1081 1083 6422528
1082  1082 1084 6422528
1083  1083 1085 401408
1084  1084 1086 401408
1085  1085 1087 2048
1086  1086 1088 2048
1087  1087 1089 2048
1088  1088 1090 6422528
1089  1089 1091 6422528
1090  1090 1153 6422528
1091  1091 1094 6422528
1092  1092 1142 6422528
1093  1093 1095 6422528
1094  1094 1096 6422528
1095  1095 1097 32768
1096  1096 1098 32768
1097  1097 2456 2048
1098  1098 1100 6422528
1099  1099 1101 6422528
1100  1100 1102 6422528
1101  1101 1103 32768
1102  1102 1104 32768
1103  1103 2456 2048
1104  1104 1106 6422528
1105  1105 1107 6422528
1106  1106 1108 6422528
1107  1107 1109 32768
1108  1108 1110 32768
1109  1109 2456 2048
1110  1110 1112 6422528
1111  1111 1113 6422528
1112  1112 1114 6422528
1113  1113 1115 32768
1114  1114 1116 32768
1115  1115 2456 2048
1116  1116 1118 6422528
1117  1117 1119 6422528
1118  1118 1120 6422528
1119  1119 1121 32768
1120  1120 1122 32768
1121  1121 2456 2048
1122  1122 1124 6422528
1123  1123 1125 6422528
1124  1124 1126 6422528
1125  1125 1127 32768
1126  1126 1128 32768
1127  1127 2456 2048
1128  1128 1130 6422528
1129  1129 1131 6422528
1130  1130 1132 6422528
1131  1131 1133 32768
1132  1132 1134 32768
1133  1133 2456 2048
1134  1134 1136 6422528
1135  1135 1137 6422528
1136  1136 1138 6422528
1137  1137 1139 32768
1138  1138 1140 32768
1139  1139 2456 2048
1140  1140 1142 6422528
1141  1141 1143 6422528
1142  1142 1144 6422528
1143  1143 1145 32768
1144  1144 1146 32768
1145  1145 2456 2048
1146  1146 1148 6422528
1147  1147 1152 6422528
1148  1148 1150 6422528
1149  1149 1151 6422528
1150  1150 1152 6422528
1151  1151 1155 6422528
1152  1152 1154 6422528
1153  1153 1155 6422528
1154  1154 1156 6422528
1155  1155 1161 6422528
1156  1156 1158 6422528
1157  1157 1159 401408
1158  1158 1160 401408
1159  1159 2457 2048
1160  1160 1167 6422528
1161  1161 1163 6422528
1162  1162 1164 6422528
1163  1163 1165 401408
1164  1164 1166 401408
1165  1165 2458 2048
1166  1166 1168 6422528
1167  1167 1178 6422528
1168  1168 1170 6422528
1169  1169 1171 6422528
1170  1170 1172 401408
1171  1171 1173 401408
1172  1172 1174 2048
1173  1173 1175 2048
1174  1174 1176 2048
1175  1175 1177 6422528
1176  1176 1178 6422528
1177  1177 1188 6422528
1178  1178 1180 6422528
1179  1179 2459 1048576
1180  1180 1182 6422528
1181  1181 1186 6422528
1182  1182 1184 6422528
1183  1183 1185 6422528
1184  1184 1186 6422528
1185  1185 1193 6422528
1186  1186 1189 1048576
1187  1187 1189 6422528
1188  1188 1190 6422528
1189  1189 1191 6422528
1190  1190 1192 6422528
1191  1191 1193 6422528
1192  1192 1194 6422528
1193  1193 1199 6422528
1194  1194 1196 6422528
1195  1195 1197 401408
1196  1196 1198 401408
1197  1197 2460 2048
1198  1198 1205 6422528
1199  1199 1201 6422528
1200  1200 1202 6422528
1201  1201 1203 401408
1202  1202 1204 401408
1203  1203 2461 2048
1204  1204 1206 6422528
1205  1205 1216 6422528
1206  1206 1208 6422528
1207  1207 1209 6422528
1208  1208 1210 401408
1209  1209 1211 401408
1210  1210 1212 2048
1211  1211 1213 2048
1212  1212 1214 2048
1213  1213 1215 6422528
1214  1214 1216 6422528
1215  1215 1278 6422528
1216  1216 1219 6422528
1217  1217 1267 6422528
1218  1218 1220 6422528
1219  1219 1221 6422528
1220  1220 1222 32768
1221  1221 1223 32768
1222  1222 2462 2048
1223  1223 1225 6422528
1224  1224 1226 6422528
1225  1225 1227 6422528
1226  1226 1228 32768
1227  1227 1229 32768
1228  1228 2462 2048
1229  1229 1231 6422528
1230  1230 1232 6422528
1231  1231 1233 6422528
1232  1232 1234 32768
1233  1233 1235 32768
1234  1234 2462 2048
1235  1235 1237 6422528
1236  1236 1238 6422528
1237  1237 1239 6422528
1238  1238 1240 32768
1239  1239 1241 32768
1240  1240 2462 2048
1241  1241 1243 6422528
1242  1242 1244 6422528
1243  1243 1245 6422528
1244  1244 1246 32768
1245  1245 1247 32768
1246  1246 2462 2048
1247  1247 1249 6422528
1248  1248 1250 6422528
1249  1249 1251 6422528
1250  1250 1252 32768
1251  1251 1253 32768
1252  1252 2462 2048
1253  1253 1255 6422528
1254  1254 1256 6422528
1255  1255 1257 6422528
1256  1256 1258 32768
1257  1257 1259 32768
1258  1258 2462 2048
1259  1259 1261 6422528
1260  1260 1262 6422528
1261  1261 1263 6422528
1262  1262 1264 32768
1263  1263 1265 32768
1264  1264 2462 2048
1265  1265 1267 6422528
1266  1266 1268 6422528
1267  1267 1269 6422528
1268  1268 1270 32768
1269  1269 1271 32768
1270  1270 2462 2048
1271  1271 1273 6422528
1272  1272 1277 6422528
1273  1273 1275 6422528
1274  1274 1276 6422528
1275  1275 1277 6422528
1276  1276 1280 6422528
1277  1277 1279 6422528
1278  1278 1280 6422528
1279  1279 1281 6422528
1280  1280 1286 6422528
1281  1281 1283 6422528
1282  1282 1284 401408
1283  1283 1285 401408
1284  1284 2463 2048
1285  1285 1292 6422528
1286  1286 1288 6422528
1287  1287 1289 6422528
1288  1288 1290 401408
1289  1289 1291 401408
1290  1290 2464 2048
1291  1291 1293 6422528
1292  1292 1303 6422528
1293  1293 1295 6422528
1294  1294 1296 6422528
1295  1295 1297 401408
1296  1296 1298 401408
1297  1297 1299 2048
1298  1298 1300 2048
1299  1299 1301 2048
1300  1300 1302 6422528
1301  1301 1303 6422528
1302  1302 1313 6422528
1303  1303 1305 6422528
1304  1304 2465 1048576
1305  1305 1307 6422528
1306  1306 1311 6422528
1307  1307 1309 6422528
1308  1308 1310 6422528
1309  1309 1311 6422528
1310  1310 1318 6422528
1311  1311 1314 1048576
1312  1312 1314 6422528
1313  1313 1315 6422528
1314  1314 1316 6422528
1315  1315 1317 6422528
1316  1316 1318 6422528
1317  1317 1319 6422528
1318  1318 1324 6422528
1319  1319 1321 6422528
1320  1320 1322 401408
1321  1321 1323 401408
1322  1322 2466 2048
1323  1323 1330 6422528
1324  1324 1326 6422528
1325  1325 1327 6422528
1326  1326 1328 401408
1327  1327 1329 401408
1328  1328 2467 2048
1329  1329 1331 6422528
1330  1330 1341 6422528
1331  1331 1333 6422528
1332  1332 1334 6422528
1333  1333 1335 401408
1334  1334 1336 401408
1335  1335 1337 2048
1336  1336 1338 2048
1337  1337 1339 2048
1338  1338 1340 6422528
1339  1339 1341 6422528
1340  1340 1403 6422528
1341  1341 1344 6422528
1342  1342 1392 6422528
1343  1343 1345 6422528
1344  1344 1346 6422528
1345  1345 1347 32768
1346  1346 1348 32768
1347  1347 2468 2048
1348  1348 1350 6422528
1349  1349 1351 6422528
1350  1350 1352 6422528
1351  1351 1353 32768
1352  1352 1354 32768
1353  1353 2468 2048
1354  1354 1356 6422528
1355  1355 1357 6422528
1356  1356 1358 6422528
1357  1357 1359 32768
1358  1358 1360 32768
1359  1359 2468 2048
1360  1360 1362 6422528
1361  1361 1363 6422528
1362  1362 1364 6422528
1363  1363 1365 32768
1364  1364 1366 32768
1365  1365 2468 2048
1366  1366 1368 6422528
1367  1367 1369 6422528
1368  1368 1370 6422528
1369  1369 1371 32768
1370  1370 1372 32768
1371  1371 2468 2048
1372  1372 1374 6422528
1373  1373 1375 6422528
1374  1374 1376 6422528
1375  1375 1377 32768
1376  1376 1378 32768
1377  1377 2468 2048
1378  1378 1380 6422528
1379  1379 1381 6422528
1380  1380 1382 6422528
1381  1381 1383 32768
1382  1382 1384 32768
1383  1383 2468 2048
1384  1384 1386 6422528
1385  1385 1387 6422528
1386  1386 1388 6422528
1387  1387 1389 32768
1388  1388 1390 32768
1389  1389 2468 2048
1390  1390 1392 6422528
1391  1391 1393 6422528
1392  1392 1394 6422528
1393  1393 1395 32768
1394  1394 1396 32768
1395  1395 2468 2048
1396  1396 1398 6422528
1397  1397 1402 6422528
1398  1398 1400 6422528
1399  1399 1401 6422528
1400  1400 1402 6422528
1401  1401 1405 6422528
1402  1402 1404 6422528
1403  1403 1405 6422528
1404  1404 1406 6422528
1405  1405 1411 6422528
1406  1406 1408 6422528
1407  1407 1409 401408
1408  1408 1410 401408
1409  1409 2469 2048
1410  1410 1417 6422528
1411  1411 1413 6422528
1412  1412 1414 6422528
1413  1413 1415 401408
1414  1414 1416 401408
1415  1415 2470 2048
1416  1416 1418 6422528
1417  1417 1428 6422528
1418  1418 1420 6422528
1419  1419 1421 6422528
1420  1420 1422 401408
1421  1421 1423 401408
1422  1422 1424 2048
1423  1423 1425 2048
1424  1424 1426 2048
1425  1425 1427 6422528
1426  1426 1428 6422528
1427  1427 1438 6422528
1428  1428 1430 6422528
1429  1429 2471 1048576
1430  1430 1432 6422528
1431  1431 1436 6422528
1432  1432 1434 6422528
1433  1433 1435 6422528
1434  1434 1436 6422528
1435  1435 1443 6422528
1436  1436 1439 1048576
1437  1437 1439 6422528
1438  1438 1440 6422528
1439  1439 1441 6422528
1440  1440 1442 6422528
1441  1441 1443 6422528
1442  1442 1444 6422528
1443  1443 1449 6422528
1444  1444 1446 6422528
1445  1445 1447 401408
1446  1446 1448 401408
1447  1447 2472 2048
1448  1448 1455 6422528
1449  1449 1451 6422528
1450  1450 1452 6422528
1451  1451 1453 401408
1452  1452 1454 401408
1453  1453 2473 2048
1454  1454 1456 6422528
1455  1455 1466 6422528
1456  1456 1458 6422528
1457  1457 1459 6422528
1458  1458 1460 401408
1459  1459 1461 401408
1460  1460 1462 2048
1461  1461 1463 2048
1462  1462 1464 2048
1463  1463 1465 6422528
1464  1464 1466 6422528
1465  1465 1528 6422528
1466  1466 1469 6422528
1467  1467 1517 6422528
1468  1468 1470 6422528
1469  1469 1471 6422528
1470  1470 1472 32768
1471  1471 1473 32768
1472  1472 2474 2048
1473  1473 1475 6422528
1474  1474 1476 6422528
1475  1475 1477 6422528
1476  1476 1478 32768
1477  1477 1479 32768
1478  1478 2474 2048
1479  1479 1481 6422528
1480  1480 1482 6422528
1481  1481 1483 6422528
1482  1482 1484 32768
1483  1483 1485 32768
1484  1484 2474 2048
1485  1485 1487 6422528
1486  1486 1488 6422528
1487  1487 1489 6422528
1488  1488 1490 32768
1489  1489 1491 32768
1490  1490 2474 2048
1491  1491 1493 6422528
1492  1492 1494 6422528
1493  1493 1495 6422528
1494  1494 1496 32768
1495  1495 1497 32768
1496  1496 2474 2048
1497  1497 1499 6422528
1498  1498 1500 6422528
1499  1499 1501 6422528
1500  1500 1502 32768
1501  1501 1503 32768
1502  1502 2474 2048
1503  1503 1505 6422528
1504  1504 1506 6422528
1505  1505 1507 6422528
1506  1506 1508 32768
1507  1507 1509 32768
1508  1508 2474 2048
1509  1509 1511 6422528
1510  1510 1512 6422528
1511  1511 1513 6422528
1512  1512 1514 32768
1513  1513 1515 32768
1514  1514 2474 2048
1515  1515 1517 6422528
1516  1516 1518 6422528
1517  1517 1519 6422528
1518  1518 1520 32768
1519  1519 1521 32768
1520  1520 2474 2048
1521  1521 1523 6422528
1522  1522 1527 6422528
1523  1523 1525 6422528
1524  1524 1526 6422528
1525  1525 1527 6422528
1526  1526 1530 6422528
1527  1527 1529 6422528
1528  1528 1530 6422528
1529  1529 1531 6422528
1530  1530 1536 6422528
1531  1531 1533 6422528
1532  1532 1534 401408
1533  1533 1535 401408
1534  1534 2475 2048
1535  1535 1542 6422528
1536  1536 1538 6422528
1537  1537 1539 6422528
1538  1538 1540 401408
1539  1539 1541 401408
1540  1540 2476 2048
1541  1541 1543 6422528
1542  1542 1553 6422528
1543  1543 1545 6422528
1544  1544 1546 6422528
1545  1545 1547 401408
1546  1546 1548 401408
1547  1547 1549 2048
1548  1548 1550 2048
1549  1549 1551 2048
1550  1550 1552 6422528
1551  1551 1553 6422528
1552  1552 1563 6422528
1553  1553 1555 6422528
1554  1554 2477 1048576
1555  1555 1557 6422528
1556  1556 1561 6422528
1557  1557 1559 6422528
1558  1558 1560 6422528
1559  1559 1561 6422528
1560  1560 1568 6422528
1561  1561 1564 1048576
1562  1562 1564 6422528
1563  1563 1565 6422528
1564  1564 1566 6422528
1565  1565 1567 6422528
1566  1566 1568 6422528
1567  1567 1569 6422528
1568  1568 1574 6422528
1569  1569 1571 6422528
1570  1570 1572 401408
1571  1571 1573 401408
1572  1572 2478 2048
1573  1573 1580 6422528
1574  1574 1576 6422528
1575  1575 1577 6422528
1576  1576 1578 401408
1577  1577 1579 401408
1578  1578 2479 2048
1579  1579 1581 6422528
1580  1580 1591 6422528
1581  1581 1583 6422528
1582  1582 1584 6422528
1583  1583 1585 401408
1584  1584 1586 401408
1585  1585 1587 2048
1586  1586 1588 2048
1587  1587 1589 2048
1588  1588 1590 6422528
1589  1589 1591 6422528
1590  1590 1653 6422528
1591  1591 1594 6422528
1592  1592 1642 6422528
1593  1593 1595 6422528
1594  1594 1596 6422528
1595  1595 1597 32768
1596  1596 1598 32768
1597  1597 2480 2048
1598  1598 1600 6422528
1599  1599 1601 6422528
1600  1600 1602 6422528
1601  1601 1603 32768
1602  1602 1604 32768
1603  1603 2480 2048
1604  1604 1606 6422528
1605  1605 1607 6422528
1606  1606 1608 6422528
1607  1607 1609 32768
1608  1608 1610 32768
1609  1609 2480 2048
1610  1610 1612 6422528
1611  1611 1613 6422528
1612  1612 1614 6422528
1613  1613 1615 32768
1614  1614 1616 32768
1615  1615 2480 2048
1616  1616 1618 6422528
1617  1617 1619 6422528
1618  1618 1620 6422528
1619  1619 1621 32768
1620  1620 1622 32768
1621  1621 2480 2048
1622  1622 1624 6422528
1623  1623 1625 6422528
1624  1624 1626 6422528
1625  1625 1627 32768
1626  1626 1628 32768
1627  1627 2480 2048
1628  1628 1630 6422528
1629  1629 1631 6422528
1630  1630 1632 6422528
1631  1631 1633 32768
1632  1632 1634 32768
1633  1633 2480 2048
1634  1634 1636 6422528
1635  1635 1637 6422528
1636  1636 1638 6422528
1637  1637 1639 32768
1638  1638 1640 32768
1639  1639 2480 2048
1640  1640 1642 6422528
1641  1641 1643 6422528
1642  1642 1644 6422528
1643  1643 1645 32768
1644  1644 1646 32768
1645  1645 2480 2048
1646  1646 1648 6422528
1647  1647 1652 6422528
1648  1648 1650 6422528
1649  1649 1651 6422528
1650  1650 1652 6422528
1651  1651 1655 6422528
1652  1652 1654 6422528
1653  1653 1655 6422528
1654  1654 1656 6422528
1655  1655 1661 6422528
1656  1656 1658 6422528
1657  1657 1659 401408
1658  1658 1660 401408
1659  1659 2481 2048
1660  1660 1667 6422528
1661  1661 1663 6422528
1662  1662 1664 6422528
1663  1663 1665 401408
1664  1664 1666 401408
1665  1665 2482 2048
1666  1666 1668 6422528
1667  1667 1678 6422528
1668  1668 1670 6422528
1669  1669 1671 6422528
1670  1670 1672 401408
1671  1671 1673 401408
1672  1672 1674 2048
1673  1673 1675 2048
1674  1674 1676 2048
1675  1675 1677 6422528
1676  1676 1678 6422528
1677  1677 1688 6422528
1678  1678 1680 6422528
1679  1679 2483 524288
1680  1680 1682 3211264
1681  1681 1686 3211264
1682  1682 1684 3211264
1683  1683 1685 3211264
1684  1684 1686 3211264
1685  1685 1693 3211264
1686  1686 1689 524288
1687  1687 1689 6422528
1688  1688 1690 3211264
1689  1689 1691 3211264
1690  1690 1692 3211264
1691  1691 1693 3211264
1692  1692 1694 3211264
1693  1693 1699 3211264
1694  1694 1696 3211264
1695  1695 1697 200704
1696  1696 1698 200704
1697  1697 2484 1024
1698  1698 1705 3211264
1699  1699 1701 3211264
1700  1700 1702 3211264
1701  1701 1703 200704
1702  1702 1704 200704
1703  1703 2485 1024
1704  1704 1706 3211264
1705  1705 1717 3211264
1706  1706 1708 3211264
1707  1707 1709 3211264
1708  1708 1710 200704
1709  1709 1711 200704
1710  1710 1712 1024
1711  1711 1713 1024
1712  1712 1715 1024
1713  1713 1716 3211264
1714  1714 1716 3211264
1715  1715 1717 3211264
1716  1716 1779 3211264
1717  1717 1720 3211264
1718  1718 1768 3211264
1719  1719 1721 3211264
1720  1720 1722 3211264
1721  1721 1723 16384
1722  1722 1724 16384
1723  1723 2486 1024
1724  1724 1726 3211264
1725  1725 1727 3211264
1726  1726 1728 3211264
1727  1727 1729 16384
1728  1728 1730 16384
1729  1729 2486 1024
1730  1730 1732 3211264
1731  1731 1733 3211264
1732  1732 1734 3211264
1733  1733 1735 16384
1734  1734 1736 16384
1735  1735 2486 1024
1736  1736 1738 3211264
1737  1737 1739 3211264
1738  1738 1740 3211264
1739  1739 1741 16384
1740  1740 1742 16384
1741  1741 2486 1024
1742  1742 1744 3211264
1743  1743 1745 3211264
1744  1744 1746 3211264
1745  1745 1747 16384
1746  1746 1748 16384
1747  1747 2486 1024
1748  1748 1750 3211264
1749  1749 1751 3211264
1750  1750 1752 3211264
1751  1751 1753 16384
1752  1752 1754 16384
1753  1753 2486 1024
1754  1754 1756 3211264
1755  1755 1757 3211264
1756  1756 1758 3211264
1757  1757 1759 16384
1758  1758 1760 16384
1759  1759 2486 1024
1760  1760 1762 3211264
1761  1761 1763 3211264
1762  1762 1764 3211264
1763  1763 1765 16384
1764  1764 1766 16384
1765  1765 2486 1024
1766  1766 1768 3211264
1767  1767 1769 3211264
1768  1768 1770 3211264
1769  1769 1771 16384
1770  1770 1772 16384
1771  1771 2486 1024
1772  1772 1774 12845056
1773  1773 1778 12845056
1774  1774 1776 12845056
1775  1775 1777 12845056
1776  1776 1778 12845056
1777  1777 1781 12845056
1778  1778 1780 3211264
1779  1779 1781 12845056
1780  1780 1782 12845056
1781  1781 1787 12845056
1782  1782 1784 12845056
1783  1783 1785 802816
1784  1784 1786 802816
1785  1785 2487 1024
1786  1786 1793 12845056
1787  1787 1789 12845056
1788  1788 1790 12845056
1789  1789 1791 802816
1790  1790 1792 802816
1791  1791 2488 1024
1792  1792 1794 12845056
1793  1793 1805 12845056
1794  1794 1796 12845056
1795  1795 1797 12845056
1796  1796 1798 802816
1797  1797 1799 802816
1798  1798 1800 1024
1799  1799 1801 1024
1800  1800 1803 1024
1801  1801 1929 12845056
1802  1802 1804 12845056
1803  1803 1805 12845056
1804  1804 1815 12845056
1805  1805 1807 12845056
1806  1806 2489 262144
1807  1807 1809 12845056
1808  1808 1813 12845056
1809  1809 1811 12845056
1810  1810 1812 12845056
1811  1811 1813 12845056
1812  1812 1820 12845056
1813  1813 1816 262144
1814  1814 1816 12845056
1815  1815 1817 12845056
1816  1816 1818 12845056
1817  1817 1819 12845056
1818  1818 1820 12845056
1819  1819 1821 12845056
1820  1820 1826 12845056
1821  1821 1823 12845056
1822  1822 1824 802816
1823  1823 1825 802816
1824  1824 2490 1024
1825  1825 1832 12845056
1826  1826 1828 12845056
1827  1827 1829 12845056
1828  1828 1830 802816
1829  1829 1831 802816
1830  1830 2491 1024
1831  1831 1833 12845056
1832  1832 1843 12845056
1833  1833 1835 12845056
1834  1834 1836 12845056
1835  1835 1837 802816
1836  1836 1838 802816
1837  1837 1839 1024
1838  1838 1840 1024
1839  1839 1841 1024
1840  1840 1842 12845056
1841  1841 1843 12845056
1842  1842 1905 12845056
1843  1843 1846 12845056
1844  1844 1894 12845056
1845  1845 1847 12845056
1846  1846 1848 12845056
1847  1847 1849 16384
1848  1848 1850 16384
1849  1849 2492 1024
1850  1850 1852 12845056
1851  1851 1853 12845056
1852  1852 1854 12845056
1853  1853 1855 16384
1854  1854 1856 16384
1855  1855 2492 1024
1856  1856 1858 12845056
1857  1857 1859 12845056
1858  1858 1860 12845056
1859  1859 1861 16384
1860  1860 1862 16384
1861  1861 2492 1024
1862  1862 1864 12845056
1863  1863 1865 12845056
1864  1864 1866 12845056
1865  1865 1867 16384
1866  1866 1868 16384
1867  1867 2492 1024
1868  1868 1870 12845056
1869  1869 1871 12845056
1870  1870 1872 12845056
1871  1871 1873 16384
1872  1872 1874 16384
1873  1873 2492 1024
1874  1874 1876 12845056
1875  1875 1877 12845056
1876  1876 1878 12845056
1877  1877 1879 16384
1878  1878 1880 16384
1879  1879 2492 1024
1880  1880 1882 12845056
1881  1881 1883 12845056
1882  1882 1884 12845056
1883  1883 1885 16384
1884  1884 1886 16384
1885  1885 2492 1024
1886  1886 1888 12845056
1887  1887 1889 12845056
1888  1888 1890 12845056
1889  1889 1891 16384
1890  1890 1892 16384
1891  1891 2492 1024
1892  1892 1894 12845056
1893  1893 1895 12845056
1894  1894 1896 12845056
1895  1895 1897 16384
1896  1896 1898 16384
1897  1897 2492 1024
1898  1898 1900 12845056
1899  1899 1904 12845056
1900  1900 1902 12845056
1901  1901 1903 12845056
1902  1902 1904 12845056
1903  1903 1907 12845056
1904  1904 1906 12845056
1905  1905 1907 12845056
1906  1906 1908 12845056
1907  1907 1913 12845056
1908  1908 1910 12845056
1909  1909 1911 802816
1910  1910 1912 802816
1911  1911 2493 1024
1912  1912 1919 12845056
1913  1913 1915 12845056
1914  1914 1916 12845056
1915  1915 1917 802816
1916  1916 1918 802816
1917  1917 2494 1024
1918  1918 1920 12845056
1919  1919 1930 12845056
1920  1920 1922 12845056
1921  1921 1923 12845056
1922  1922 1924 802816
1923  1923 1925 802816
1924  1924 1926 1024
1925  1925 1927 1024
1926  1926 1928 1024
1927  1927 1929 12845056
1928  1928 1930 12845056
1929  1929 1940 12845056
1930  1930 1932 12845056
1931  1931 2495 131072
1932  1932 1934 6422528
1933  1933 1938 6422528
1934  1934 1936 6422528
1935  1935 1937 6422528
1936  1936 1938 6422528
1937  1937 1945 6422528
1938  1938 1941 131072
1939  1939 1941 12845056
1940  1940 1942 6422528
1941  1941 1943 6422528
1942  1942 1944 6422528
1943  1943 1945 6422528
1944  1944 1946 6422528
1945  1945 1951 6422528
1946  1946 1948 6422528
1947  1947 1949 401408
1948  1948 1950 401408
1949  1949 2496 512
1950  1950 1957 6422528
1951  1951 1953 6422528
1952  1952 1954 6422528
1953  1953 1955 401408
1954  1954 1956 401408
1955  1955 2497 512
1956  1956 1958 6422528
1957  1957 1969 6422528
1958  1958 1960 6422528
1959  1959 1961 6422528
1960  1960 1962 401408
1961  1961 1963 401408
1962  1962 1964 512
1963  1963 1965 512
1964  1964 1967 512
1965  1965 1968 6422528
1966  1966 1968 6422528
1967  1967 1969 6422528
1968  1968 2031 6422528
1969  1969 1972 6422528
1970  1970 2020 6422528
1971  1971 1973 6422528
1972  1972 1974 6422528
1973  1973 1975 8192
1974  1974 1976 8192
1975  1975 2498 512
1976  1976 1978 6422528
1977  1977 1979 6422528
1978  1978 1980 6422528
1979  1979 1981 8192
1980  1980 1982 8192
1981  1981 2498 512
1982  1982 1984 6422528
1983  1983 1985 6422528
1984  1984 1986 6422528
1985  1985 1987 8192
1986  1986 1988 8192
1987  1987 2498 512
1988  1988 1990 6422528
1989  1989 1991 6422528
1990  1990 1992 6422528
1991  1991 1993 8192
1992  1992 1994 8192
1993  1993 2498 512
1994  1994 1996 6422528
1995  1995 1997 6422528
1996  1996 1998 6422528
1997  1997 1999 8192
1998  1998 2000 8192
1999  1999 2498 512
2000  2000 2002 6422528
2001  2001 2003 6422528
2002  2002 2004 6422528
2003  2003 2005 8192
2004  2004 2006 8192
2005  2005 2498 512
2006  2006 2008 6422528
2007  2007 2009 6422528
2008  2008 2010 6422528
2009  2009 2011 8192
2010  2010 2012 8192
2011  2011 2498 512
2012  2012 2014 6422528
2013  2013 2015 6422528
2014  2014 2016 6422528
2015  2015 2017 8192
2016  2016 2018 8192
2017  2017 2498 512
2018  2018 2020 6422528
2019  2019 2021 6422528
2020  2020 2022 6422528
2021  2021 2023 8192
2022  2022 2024 8192
2023  2023 2498 512
2024  2024 2026 25690112
2025  2025 2030 25690112
2026  2026 2028 25690112
2027  2027 2029 25690112
2028  2028 2030 25690112
2029  2029 2033 25690112
2030  2030 2032 6422528
2031  2031 2033 25690112
2032  2032 2034 25690112
2033  2033 2039 25690112
2034  2034 2036 25690112
2035  2035 2037 1605632
2036  2036 2038 1605632
2037  2037 2499 512
2038  2038 2045 25690112
2039  2039 2041 25690112
2040  2040 2042 25690112
2041  2041 2043 1605632
2042  2042 2044 1605632
2043  2043 2500 512
2044  2044 2046 25690112
2045  2045 2057 25690112
2046  2046 2048 25690112
2047  2047 2049 25690112
2048  2048 2050 1605632
2049  2049 2051 1605632
2050  2050 2052 512
2051  2051 2053 512
2052  2052 2055 512
2053  2053 2181 25690112
2054  2054 2056 25690112
2055  2055 2057 25690112
2056  2056 2067 25690112
2057  2057 2059 25690112
2058  2058 2501 65536
2059  2059 2061 25690112
2060  2060 2065 25690112
2061  2061 2063 25690112
2062  2062 2064 25690112
2063  2063 2065 25690112
2064  2064 2072 25690112
2065  2065 2068 65536
2066  2066 2068 25690112
2067  2067 2069 25690112
2068  2068 2070 25690112
2069  2069 2071 25690112
2070  2070 2072 25690112
2071  2071 2073 25690112
2072  2072 2078 25690112
2073  2073 2075 25690112
2074  2074 2076 1605632
2075  2075 2077 1605632
2076  2076 2502 512
2077  2077 2084 25690112
2078  2078 2080 25690112
2079  2079 2081 25690112
2080  2080 2082 1605632
2081  2081 2083 1605632
2082  2082 2503 512
2083  2083 2085 25690112
2084  2084 2095 25690112
2085  2085 2087 25690112
2086  2086 2088 25690112
2087  2087 2089 1605632
2088  2088 2090 1605632
2089  2089 2091 512
2090  2090 2092 512
2091  2091 2093 512
2092  2092 2094 25690112
2093  2093 2095 25690112
2094  2094 2157 25690112
2095  2095 2098 25690112
2096  2096 2146 25690112
2097  2097 2099 25690112
2098  2098 2100 25690112
2099  2099 2101 8192
2100  2100 2102 8192
2101  2101 2504 512
2102  2102 2104 25690112
2103  2103 2105 25690112
2104  2104 2106 25690112
2105  2105 2107 8192
2106  2106 2108 8192
2107  2107 2504 512
2108  2108 2110 25690112
2109  2109 2111 25690112
2110  2110 2112 25690112
2111  2111 2113 8192
2112  2112 2114 8192
2113  2113 2504 512
2114  2114 2116 25690112
2115  2115 2117 25690112
2116  2116 2118 25690112
2117  2117 2119 8192
2118  2118 2120 8192
2119  2119 2504 512
2120  2120 2122 25690112
2121  2121 2123 25690112
2122  2122 2124 25690112
2123  2123 2125 8192
2124  2124 2126 8192
2125  2125 2504 512
2126  2126 2128 25690112
2127  2127 2129 25690112
2128  2128 2130 25690112
2129  2129 2131 8192
2130  2130 2132 8192
2131  2131 2504 512
2132  2132 2134 25690112
2133  2133 2135 25690112
2134  2134 2136 25690112
2135  2135 2137 8192
2136  2136 2138 8192
2137  2137 2504 512
2138  2138 2140 25690112
2139  2139 2141 25690112
2140  2140 2142 25690112
2141  2141 2143 8192
2142  2142 2144 8192
2143  2143 2504 512
2144  2144 2146 25690112
2145  2145 2147 25690112
2146  2146 2148 25690112
2147  2147 2149 8192
2148  2148 2150 8192
2149  2149 2504 512
2150  2150 2152 25690112
2151  2151 2156 25690112
2152  2152 2154 25690112
2153  2153 2155 25690112
2154  2154 2156 25690112
2155  2155 2159 25690112
2156  2156 2158 25690112
2157  2157 2159 25690112
2158  2158 2160 25690112
2159  2159 2165 25690112
2160  2160 2162 25690112
2161  2161 2163 1605632
2162  2162 2164 1605632
2163  2163 2505 512
2164  2164 2171 25690112
2165  2165 2167 25690112
2166  2166 2168 25690112
2167  2167 2169 1605632
2168  2168 2170 1605632
2169  2169 2506 512
2170  2170 2172 25690112
2171  2171 2182 25690112
2172  2172 2174 25690112
2173  2173 2175 25690112
2174  2174 2176 1605632
2175  2175 2177 1605632
2176  2176 2178 512
2177  2177 2179 512
2178  2178 2180 512
2179  2179 2181 25690112
2180  2180 2182 25690112
2181  2181 2192 25690112
2182  2182 2184 25690112
2183  2183 2507 32768
2184  2184 2186 12845056
2185  2185 2190 12845056
2186  2186 2188 12845056
2187  2187 2189 12845056
2188  2188 2190 12845056
2189  2189 2197 12845056
2190  2190 2193 32768
2191  2191 2193 25690112
2192  2192 2194 12845056
2193  2193 2195 12845056
2194  2194 2196 12845056
2195  2195 2197 12845056
2196  2196 2198 12845056
2197  2197 2203 12845056
2198  2198 2200 12845056
2199  2199 2201 802816
2200  2200 2202 802816
2201  2201 2508 256
2202  2202 2209 12845056
2203  2203 2205 12845056
2204  2204 2206 12845056
2205  2205 2207 802816
2206  2206 2208 802816
2207  2207 2509 256
2208  2208 2210 12845056
2209  2209 2221 12845056
2210  2210 2212 12845056
2211  2211 2213 12845056
2212  2212 2214 802816
2213  2213 2215 802816
2214  2214 2216 256
2215  2215 2217 256
2216  2216 2219 256
2217  2217 2220 12845056
2218  2218 2220 12845056
2219  2219 2221 12845056
2220  2220 2283 12845056
2221  2221 2224 12845056
2222  2222 2272 12845056
2223  2223 2225 12845056
2224  2224 2226 12845056
2225  2225 2227 4096
2226  2226 2228 4096
2227  2227 2510 256
2228  2228 2230 12845056
2229  2229 2231 12845056
2230  2230 2232 12845056
2231  2231 2233 4096
2232  2232 2234 4096
2233  2233 2510 256
2234  2234 2236 12845056
2235  2235 2237 12845056
2236  2236 2238 12845056
2237  2237 2239 4096
2238  2238 2240 4096
2239  2239 2510 256
2240  2240 2242 12845056
2241  2241 2243 12845056
2242  2242 2244 12845056
2243  2243 2245 4096
2244  2244 2246 4096
2245  2245 2510 256
2246  2246 2248 12845056
2247  2247 2249 12845056
2248  2248 2250 12845056
2249  2249 2251 4096
2250  2250 2252 4096
2251  2251 2510 256
2252  2252 2254 12845056
2253  2253 2255 12845056
2254  2254 2256 12845056
2255  2255 2257 4096
2256  2256 2258 4096
2257  2257 2510 256
2258  2258 2260 12845056
2259  2259 2261 12845056
2260  2260 2262 12845056
2261  2261 2263 4096
2262  2262 2264 4096
2263  2263 2510 256
2264  2264 2266 12845056
2265  2265 2267 12845056
2266  2266 2268 12845056
2267  2267 2269 4096
2268  2268 2270 4096
2269  2269 2510 256
2270  2270 2272 12845056
2271  2271 2273 12845056
2272  2272 2274 12845056
2273  2273 2275 4096
2274  2274 2276 4096
2275  2275 2510 256
2276  2276 2278 51380224
2277  2277 2282 51380224
2278  2278 2280 51380224
2279  2279 2281 51380224
2280  2280 2282 51380224
2281  2281 2285 51380224
2282  2282 2284 12845056
2283  2283 2285 51380224
2284  2284 2286 51380224
2285  2285 2291 51380224
2286  2286 2288 51380224
2287  2287 2289 3211264
2288  2288 2290 3211264
2289  2289 2511 256
2290  2290 2297 51380224
2291  2291 2293 51380224
2292  2292 2294 51380224
2293  2293 2295 3211264
2294  2294 2296 3211264
2295  2295 2512 256
2296  2296 2298 51380224
2297  2297 2309 51380224
2298  2298 2300 51380224
2299  2299 2301 51380224
2300  2300 2302 3211264
2301  2301 2303 3211264
2302  2302 2304 256
2303  2303 2305 256
2304  2304 2307 256
2305  2305 2308 51380224
2306  2306 2308 51380224
2307  2307 2309 51380224
2308  2308 2319 51380224
2309  2309 2311 51380224
2310  2310 2513 8192
2311  2311 2313 25690112
2312  2312 2317 25690112
2313  2313 2315 25690112
2314  2314 2316 25690112
2315  2315 2317 25690112
2316  2316 2324 25690112
2317  2317 2320 8192
2318  2318 2320 51380224
2319  2319 2321 25690112
2320  2320 2322 25690112
2321  2321 2323 25690112
2322  2322 2324 25690112
2323  2323 2325 25690112
2324  2324 2330 25690112
2325  2325 2327 25690112
2326  2326 2328 1605632
2327  2327 2329 1605632
2328  2328 2514 128
2329  2329 2336 25690112
2330  2330 2332 25690112
2331  2331 2333 25690112
2332  2332 2334 1605632
2333  2333 2335 1605632
2334  2334 2515 128
2335  2335 2337 25690112
2336  2336 2348 25690112
2337  2337 2339 25690112
2338  2338 2340 25690112
2339  2339 2341 1605632
2340  2340 2342 1605632
2341  2341 2343 128
2342  2342 2344 128
2343  2343 2346 128
2344  2344 2434 25690112
2345  2345 2347 25690112
2346  2346 2348 25690112
2347  2347 2410 25690112
2348  2348 2351 25690112
2349  2349 2399 25690112
2350  2350 2352 25690112
2351  2351 2353 25690112
2352  2352 2354 2048
2353  2353 2355 2048
2354  2354 2516 128
2355  2355 2357 25690112
2356  2356 2358 25690112
2357  2357 2359 25690112
2358  2358 2360 2048
2359  2359 2361 2048
2360  2360 2516 128
2361  2361 2363 25690112
2362  2362 2364 25690112
2363  2363 2365 25690112
2364  2364 2366 2048
2365  2365 2367 2048
2366  2366 2516 128
2367  2367 2369 25690112
2368  2368 2370 25690112
2369  2369 2371 25690112
2370  2370 2372 2048
2371  2371 2373 2048
2372  2372 2516 128
2373  2373 2375 25690112
2374  2374 2376 25690112
2375  2375 2377 25690112
2376  2376 2378 2048
2377  2377 2379 2048
2378  2378 2516 128
2379  2379 2381 25690112
2380  2380 2382 25690112
2381  2381 2383 25690112
2382  2382 2384 2048
2383  2383 2385 2048
2384  2384 2516 128
2385  2385 2387 25690112
2386  2386 2388 25690112
2387  2387 2389 25690112
2388  2388 2390 2048
2389  2389 2391 2048
2390  2390 2516 128
2391  2391 2393 25690112
2392  2392 2394 25690112
2393  2393 2395 25690112
2394  2394 2396 2048
2395  2395 2397 2048
2396  2396 2516 128
2397  2397 2399 25690112
2398  2398 2400 25690112
2399  2399 2401 25690112
2400  2400 2402 2048
2401  2401 2403 2048
2402  2402 2516 128
2403  2403 2405 25690112
2404  2404 2409 25690112
2405  2405 2407 25690112
2406  2406 2408 25690112
2407  2407 2409 25690112
2408  2408 2412 25690112
2409  2409 2411 25690112
2410  2410 2412 25690112
2411  2411 2413 25690112
2412  2412 2418 25690112
2413  2413 2415 25690112
2414  2414 2416 1605632
2415  2415 2417 1605632
2416  2416 2517 128
2417  2417 2424 25690112
2418  2418 2420 25690112
2419  2419 2421 25690112
2420  2420 2422 1605632
2421  2421 2423 1605632
2422  2422 2518 128
2423  2423 2425 25690112
2424  2424 2435 25690112
2425  2425 2427 25690112
2426  2426 2428 25690112
2427  2427 2429 1605632
2428  2428 2430 1605632
2429  2429 2431 128
2430  2430 2432 128
2431  2431 2433 128
2432  2432 2434 25690112
2433  2433 2435 25690112
2434  2434 2436 25690112
2435  2435 2437 25690112
2436  2436 2519 3456
2437  2437 2519 4032
2438  2438 2519 4096
2439  2439 2519 4096
2440  2440 2519 4194304
2441  2441 2519 4096
2442  2442 2519 4096
2443  2443 2519 36864
2444  2444 2519 4096
2445  2445 2519 4096
2446  2446 2519 2097152
2447  2447 2519 2048
2448  2448 2519 2048
2449  2449 2519 18432
2450  2450 2519 2048
2451  2451 2519 2048
2452  2452 2519 1048576
2453  2453 2519 2048
2454  2454 2519 2048
2455  2455 2519 18432
2456  2456 2519 2048
2457  2457 2519 2048
2458  2458 2519 1048576
2459  2459 2519 2048
2460  2460 2519 2048
2461  2461 2519 18432
2462  2462 2519 2048
2463  2463 2519 2048
2464  2464 2519 1048576
2465  2465 2519 2048
2466  2466 2519 2048
2467  2467 2519 18432
2468  2468 2519 2048
2469  2469 2519 2048
2470  2470 2519 1048576
2471  2471 2519 2048
2472  2472 2519 2048
2473  2473 2519 18432
2474  2474 2519 2048
2475  2475 2519 2048
2476  2476 2519 1048576
2477  2477 2519 2048
2478  2478 2519 2048
2479  2479 2519 18432
2480  2480 2519 2048
2481  2481 2519 2048
2482  2482 2519 524288
2483  2483 2519 1024
2484  2484 2519 1024
2485  2485 2519 9216
2486  2486 2519 1024
2487  2487 2519 1024
2488  2488 2519 262144
2489  2489 2519 1024
2490  2490 2519 1024
2491  2491 2519 9216
2492  2492 2519 1024
2493  2493 2519 1024
2494  2494 2519 131072
2495  2495 2519 512
2496  2496 2519 512
2497  2497 2519 4608
2498  2498 2519 512
2499  2499 2519 512
2500  2500 2519 65536
2501  2501 2519 512
2502  2502 2519 512
2503  2503 2519 4608
2504  2504 2519 512
2505  2505 2519 512
2506  2506 2519 32768
2507  2507 2519 256
2508  2508 2519 256
2509  2509 2519 2304
2510  2510 2519 256
2511  2511 2519 256
2512  2512 2519 8192
2513  2513 2519 128
2514  2514 2519 128
2515  2515 2519 1152
2516  2516 2519 128
2517  2517 2519 128
2518  2518 2519 3456
