17:0  17 18 4816896
19:0  19 20 3456
19:1  19 20 11239424
19:2  19 20 12845056
19:3  19 20 2624
45:0  45 46 1152
45:1  45 46 128
46:0  46 47 12845056
71:0  71 72 12845056
73:0  73 74 8192
73:1  73 74 12845056
73:2  73 74 25690112
73:3  73 74 3072
99:0  99 100 2304
99:1  99 100 256
100:0  100 101 6422528
125:0  125 126 6422528
127:0  127 128 32768
127:1  127 128 6422528
127:2  127 128 12845056
127:3  127 128 6144
153:0  153 154 4608
153:1  153 154 512
154:0  154 155 12845056
179:0  179 180 12845056
181:0  181 182 65536
181:1  181 182 12845056
181:2  181 182 12845056
181:3  181 182 12288
207:0  207 208 4608
207:1  207 208 512
208:0  208 209 3211264
233:0  233 234 3211264
235:0  235 236 131072
235:1  235 236 3211264
235:2  235 236 6422528
235:3  235 236 1603584
235:4  235 236 32768
235:11  235 236 6144
235:12  235 236 12288
261:0  261 262 9216
261:1  261 262 1024
262:0  262 263 6422528
287:0  287 288 6422528
289:0  289 290 262144
289:1  289 290 6422528
289:2  289 290 6422528
289:3  289 290 1603584
289:4  289 290 65536
289:11  289 290 12288
289:12  289 290 24576
315:0  315 316 9216
315:1  315 316 1024
316:0  316 317 1605632
341:0  341 342 1605632
343:0  343 344 524288
343:1  343 344 1605632
343:2  343 344 3211264
343:3  343 344 798720
343:4  343 344 131072
343:11  343 344 12288
343:12  343 344 24576
369:0  369 370 18432
369:1  369 370 2048
370:0  370 371 3211264
395:0  395 396 3211264
397:0  397 398 1048576
397:1  397 398 3211264
397:2  397 398 3211264
397:3  397 398 798720
397:4  397 398 262144
397:65  397 398 196608
397:66  397 398 65536
397:73  397 398 12288
397:74  397 398 24576
397:75  397 398 49152
423:0  423 424 18432
423:1  423 424 2048
424:0  424 425 3211264
449:0  449 450 3211264
451:0  451 452 1048576
451:1  451 452 3211264
451:2  451 452 3211264
451:3  451 452 798720
451:4  451 452 262144
451:65  451 452 196608
451:66  451 452 65536
451:73  451 452 12288
451:74  451 452 24576
451:75  451 452 49152
477:0  477 478 18432
477:1  477 478 2048
478:0  478 479 3211264
503:0  503 504 3211264
505:0  505 506 1048576
505:1  505 506 3211264
505:2  505 506 3211264
505:3  505 506 798720
505:4  505 506 262144
505:65  505 506 196608
505:66  505 506 65536
505:73  505 506 12288
505:74  505 506 24576
505:75  505 506 49152
531:0  531 532 18432
531:1  531 532 2048
532:0  532 533 3211264
557:0  557 558 3211264
559:0  559 560 1048576
559:1  559 560 3211264
559:2  559 560 3211264
559:3  559 560 798720
559:4  559 560 262144
559:65  559 560 196608
559:66  559 560 65536
559:73  559 560 12288
559:74  559 560 24576
559:75  559 560 49152
585:0  585 586 18432
585:1  585 586 2048
586:0  586 587 3211264
611:0  611 612 3211264
613:0  613 614 1048576
613:1  613 614 3211264
613:2  613 614 3211264
613:3  613 614 798720
613:4  613 614 262144
613:65  613 614 196608
613:66  613 614 65536
613:73  613 614 12288
613:74  613 614 24576
613:75  613 614 49152
639:0  639 640 18432
639:1  639 640 2048
640:0  640 641 802816
665:0  665 666 802816
667:0  667 668 2097152
667:1  667 668 802816
667:2  667 668 1605632
667:3  667 668 393216
667:4  667 668 524288
667:59  667 668 98304
667:60  667 668 131072
667:67  667 668 12288
667:68  667 668 49152
693:0  693 694 36864
693:1  693 694 4096
694:0  694 695 1605632
719:0  719 720 1605632
721:0  721 722 4194304
721:1  721 722 1605632
721:2  721 722 1605632
721:3  721 722 393216
721:4  721 722 1048576
721:60  721 722 262144
721:67  721 722 24576
721:68  721 722 98304
750:0  750 751 4112384
750:1  750 751 32768
750:2  750 751 32128
750:3  750 751 98304
764:0  764 765 32768
764:1  764 765 32064
764:2  764 765 4100096
764:3  764 765 768
771:0  771 772 4100096
771:1  771 772 32128
771:2  771 772 32768
771:3  771 772 96128
778:0  778 779 1605632
802:0  802 803 1605632
802:1  802 803 1605632
802:2  802 803 4194304
802:3  802 803 1032192
802:4  802 803 401408
802:11  802 803 18816
802:12  802 803 37632
811:0  811 812 1605632
811:1  811 812 4194304
811:2  811 812 1605632
811:3  811 812 1032192
811:4  811 812 401408
811:65  811 812 258048
811:73  811 812 24576
811:74  811 812 49152
811:75  811 812 98304
814:0  814 815 1605632
817:0  817 818 1605632
839:0  839 840 1605632
846:0  846 847 1605632
852:0  852 853 1605632
858:0  858 859 1605632
870:0  870 871 1605632
876:0  876 877 1605632
882:0  882 883 1605632
888:0  888 889 1605632
901:0  901 902 36864
901:1  901 902 4096
904:0  904 905 1605632
927:0  927 928 1605632
927:1  927 928 802816
927:2  927 928 2097152
927:3  927 928 516096
927:4  927 928 401408
927:11  927 928 18816
927:12  927 928 37632
936:0  936 937 1605632
936:1  936 937 2097152
936:2  936 937 802816
936:3  936 937 516096
936:4  936 937 401408
936:71  936 937 122880
936:79  936 937 24576
936:81  936 937 49152
936:82  936 937 98304
939:0  939 940 802816
942:0  942 943 802816
965:0  965 966 3211264
972:0  972 973 3211264
978:0  978 979 3211264
984:0  984 985 3211264
990:0  990 991 3211264
996:0  996 997 3211264
1002:0  1002 1003 3211264
1008:0  1008 1009 3211264
1014:0  1014 1015 3211264
1027:0  1027 1028 18432
1027:1  1027 1028 2048
1030:0  1030 1031 3211264
1054:0  1054 1055 3211264
1054:1  1054 1055 3211264
1054:2  1054 1055 1048576
1054:3  1054 1055 790272
1054:4  1054 1055 802816
1054:65  1054 1055 188160
1054:66  1054 1055 200704
1054:73  1054 1055 37632
1054:74  1054 1055 75264
1054:75  1054 1055 150528
1063:0  1063 1064 3211264
1063:1  1063 1064 1048576
1063:2  1063 1064 3211264
1063:3  1063 1064 790272
1063:4  1063 1064 802816
1063:65  1063 1064 188160
1063:66  1063 1064 200704
1063:73  1063 1064 12288
1063:74  1063 1064 24576
1063:75  1063 1064 49152
1066:0  1066 1067 3211264
1069:0  1069 1070 3211264
1091:0  1091 1092 3211264
1098:0  1098 1099 3211264
1104:0  1104 1105 3211264
1110:0  1110 1111 3211264
1122:0  1122 1123 3211264
1128:0  1128 1129 3211264
1134:0  1134 1135 3211264
1140:0  1140 1141 3211264
1153:0  1153 1154 18432
1153:1  1153 1154 2048
1156:0  1156 1157 3211264
1179:0  1179 1180 3211264
1179:1  1179 1180 3211264
1179:2  1179 1180 1048576
1179:3  1179 1180 790272
1179:4  1179 1180 802816
1179:65  1179 1180 188160
1179:66  1179 1180 200704
1179:73  1179 1180 37632
1179:74  1179 1180 75264
1179:75  1179 1180 150528
1188:0  1188 1189 3211264
1188:1  1188 1189 1048576
1188:2  1188 1189 3211264
1188:3  1188 1189 790272
1188:4  1188 1189 802816
1188:65  1188 1189 188160
1188:66  1188 1189 200704
1188:73  1188 1189 12288
1188:74  1188 1189 24576
1188:75  1188 1189 49152
1191:0  1191 1192 3211264
1194:0  1194 1195 3211264
1216:0  1216 1217 3211264
1223:0  1223 1224 3211264
1229:0  1229 1230 3211264
1235:0  1235 1236 3211264
1247:0  1247 1248 3211264
1253:0  1253 1254 3211264
1259:0  1259 1260 3211264
1265:0  1265 1266 3211264
1278:0  1278 1279 18432
1278:1  1278 1279 2048
1281:0  1281 1282 3211264
1304:0  1304 1305 3211264
1304:1  1304 1305 3211264
1304:2  1304 1305 1048576
1304:3  1304 1305 790272
1304:4  1304 1305 802816
1304:65  1304 1305 188160
1304:66  1304 1305 200704
1304:73  1304 1305 37632
1304:74  1304 1305 75264
1304:75  1304 1305 150528
1313:0  1313 1314 3211264
1313:1  1313 1314 1048576
1313:2  1313 1314 3211264
1313:3  1313 1314 790272
1313:4  1313 1314 802816
1313:65  1313 1314 188160
1313:66  1313 1314 200704
1313:73  1313 1314 12288
1313:74  1313 1314 24576
1313:75  1313 1314 49152
1316:0  1316 1317 3211264
1319:0  1319 1320 3211264
1341:0  1341 1342 3211264
1348:0  1348 1349 3211264
1354:0  1354 1355 3211264
1360:0  1360 1361 3211264
1372:0  1372 1373 3211264
1378:0  1378 1379 3211264
1384:0  1384 1385 3211264
1390:0  1390 1391 3211264
1403:0  1403 1404 18432
1403:1  1403 1404 2048
1406:0  1406 1407 3211264
1429:0  1429 1430 3211264
1429:1  1429 1430 3211264
1429:2  1429 1430 1048576
1429:3  1429 1430 790272
1429:4  1429 1430 802816
1429:65  1429 1430 188160
1429:66  1429 1430 200704
1429:73  1429 1430 37632
1429:74  1429 1430 75264
1429:75  1429 1430 150528
1438:0  1438 1439 3211264
1438:1  1438 1439 1048576
1438:2  1438 1439 3211264
1438:3  1438 1439 790272
1438:4  1438 1439 802816
1438:65  1438 1439 188160
1438:66  1438 1439 200704
1438:73  1438 1439 12288
1438:74  1438 1439 24576
1438:75  1438 1439 49152
1441:0  1441 1442 3211264
1444:0  1444 1445 3211264
1466:0  1466 1467 3211264
1473:0  1473 1474 3211264
1479:0  1479 1480 3211264
1485:0  1485 1486 3211264
1497:0  1497 1498 3211264
1503:0  1503 1504 3211264
1509:0  1509 1510 3211264
1515:0  1515 1516 3211264
1528:0  1528 1529 18432
1528:1  1528 1529 2048
1531:0  1531 1532 3211264
1554:0  1554 1555 3211264
1554:1  1554 1555 3211264
1554:2  1554 1555 1048576
1554:3  1554 1555 790272
1554:4  1554 1555 802816
1554:65  1554 1555 188160
1554:66  1554 1555 200704
1554:73  1554 1555 37632
1554:74  1554 1555 75264
1554:75  1554 1555 150528
1563:0  1563 1564 3211264
1563:1  1563 1564 1048576
1563:2  1563 1564 3211264
1563:3  1563 1564 790272
1563:4  1563 1564 802816
1563:65  1563 1564 188160
1563:66  1563 1564 200704
1563:73  1563 1564 12288
1563:74  1563 1564 24576
1563:75  1563 1564 49152
1566:0  1566 1567 3211264
1569:0  1569 1570 3211264
1591:0  1591 1592 3211264
1598:0  1598 1599 3211264
1604:0  1604 1605 3211264
1610:0  1610 1611 3211264
1622:0  1622 1623 3211264
1628:0  1628 1629 3211264
1634:0  1634 1635 3211264
1640:0  1640 1641 3211264
1653:0  1653 1654 18432
1653:1  1653 1654 2048
1656:0  1656 1657 3211264
1679:0  1679 1680 3211264
1679:1  1679 1680 1605632
1679:2  1679 1680 524288
1679:3  1679 1680 376320
1679:4  1679 1680 802816
1679:59  1679 1680 94080
1679:60  1679 1680 200704
1679:67  1679 1680 37632
1679:68  1679 1680 150528
1688:0  1688 1689 3211264
1688:1  1688 1689 524288
1688:2  1688 1689 1605632
1688:3  1688 1689 376320
1688:4  1688 1689 802816
1688:11  1688 1689 24576
1688:12  1688 1689 49152
1691:0  1691 1692 1605632
1694:0  1694 1695 1605632
1717:0  1717 1718 6422528
1724:0  1724 1725 6422528
1730:0  1730 1731 6422528
1736:0  1736 1737 6422528
1742:0  1742 1743 6422528
1748:0  1748 1749 6422528
1754:0  1754 1755 6422528
1760:0  1760 1761 6422528
1766:0  1766 1767 6422528
1779:0  1779 1780 9216
1779:1  1779 1780 1024
1782:0  1782 1783 6422528
1806:0  1806 1807 6422528
1806:1  1806 1807 6422528
1806:2  1806 1807 262144
1806:3  1806 1807 1505280
1806:4  1806 1807 1605632
1806:11  1806 1807 301056
1806:12  1806 1807 602112
1815:0  1815 1816 6422528
1815:1  1815 1816 262144
1815:2  1815 1816 6422528
1815:3  1815 1816 1505280
1815:4  1815 1816 1605632
1815:11  1815 1816 12288
1815:12  1815 1816 24576
1818:0  1818 1819 6422528
1821:0  1821 1822 6422528
1843:0  1843 1844 6422528
1850:0  1850 1851 6422528
1856:0  1856 1857 6422528
1862:0  1862 1863 6422528
1874:0  1874 1875 6422528
1880:0  1880 1881 6422528
1886:0  1886 1887 6422528
1892:0  1892 1893 6422528
1905:0  1905 1906 9216
1905:1  1905 1906 1024
1908:0  1908 1909 6422528
1931:0  1931 1932 6422528
1931:1  1931 1932 3211264
1931:2  1931 1932 131072
1931:3  1931 1932 752640
1931:4  1931 1932 1605632
1931:11  1931 1932 301056
1931:12  1931 1932 602112
1940:0  1940 1941 6422528
1940:1  1940 1941 131072
1940:2  1940 1941 3211264
1940:3  1940 1941 24576
1943:0  1943 1944 3211264
1946:0  1946 1947 3211264
1969:0  1969 1970 12845056
1976:0  1976 1977 12845056
1982:0  1982 1983 12845056
1988:0  1988 1989 12845056
1994:0  1994 1995 12845056
2000:0  2000 2001 12845056
2006:0  2006 2007 12845056
2012:0  2012 2013 12845056
2018:0  2018 2019 12845056
2031:0  2031 2032 4608
2031:1  2031 2032 512
2034:0  2034 2035 12845056
2058:0  2058 2059 12845056
2058:1  2058 2059 12845056
2058:2  2058 2059 65536
2058:3  2058 2059 3010560
2058:4  2058 2059 3211264
2058:11  2058 2059 1204224
2058:12  2058 2059 2408448
2067:0  2067 2068 12845056
2067:1  2067 2068 65536
2067:2  2067 2068 12845056
2067:3  2067 2068 12288
2070:0  2070 2071 12845056
2073:0  2073 2074 12845056
2095:0  2095 2096 12845056
2102:0  2102 2103 12845056
2108:0  2108 2109 12845056
2114:0  2114 2115 12845056
2126:0  2126 2127 12845056
2132:0  2132 2133 12845056
2138:0  2138 2139 12845056
2144:0  2144 2145 12845056
2157:0  2157 2158 4608
2157:1  2157 2158 512
2160:0  2160 2161 12845056
2183:0  2183 2184 12845056
2183:1  2183 2184 6422528
2183:2  2183 2184 32768
2183:3  2183 2184 2408448
2192:0  2192 2193 12845056
2192:1  2192 2193 32768
2192:2  2192 2193 6422528
2192:3  2192 2193 12288
2195:0  2195 2196 6422528
2198:0  2198 2199 6422528
2221:0  2221 2222 25690112
2228:0  2228 2229 25690112
2234:0  2234 2235 25690112
2240:0  2240 2241 25690112
2246:0  2246 2247 25690112
2252:0  2252 2253 25690112
2258:0  2258 2259 25690112
2264:0  2264 2265 25690112
2270:0  2270 2271 25690112
2283:0  2283 2284 2304
2283:1  2283 2284 256
2286:0  2286 2287 25690112
2310:0  2310 2311 25690112
2310:1  2310 2311 12845056
2310:2  2310 2311 8192
2310:3  2310 2311 9633792
2319:0  2319 2320 25690112
2319:1  2319 2320 8192
2319:2  2319 2320 12845056
2319:3  2319 2320 6144
2322:0  2322 2323 12845056
2325:0  2325 2326 12845056
2348:0  2348 2349 12845056
2355:0  2355 2356 12845056
2361:0  2361 2362 12845056
2367:0  2367 2368 12845056
2379:0  2379 2380 12845056
2385:0  2385 2386 12845056
2391:0  2391 2392 12845056
2397:0  2397 2398 12845056
2410:0  2410 2411 1152
2410:1  2410 2411 128
2413:0  2413 2414 12845056
2436:0  2436 2437 12845056
2436:1  2436 2437 10838016
2436:2  2436 2437 3456
2436:3  2436 2437 9633792
0  0 2 64
1  1 4 64
2  2 5 64
3  3 5 64
4  4 7 64
5  5 9 32064
6  6 8 64
7  7 9 32064
8  8 15 32064
9  9 11 64
10  10 12 64
11  11 13 64
12  12 14 64
13  13 15 32064
14  14 755 32064
15  15 17 4816896
16  16 18 6422528
17  17 2437 10838016
18  18 20 3456
19  19 25 12845056
20  20 22 12845056
21  21 23 1605632
22  22 24 1605632
23  23 26 128
24  24 28 12845056
25  25 27 128
26  26 28 12845056
27  27 39 12845056
28  28 30 12845056
29  29 31 12845056
30  30 32 1605632
31  31 33 1605632
32  32 34 128
33  33 35 128
34  34 36 128
35  35 37 128
36  36 38 128
37  37 2425 12845056
38  38 2419 12845056
39  39 2424 12845056
40  40 43 12845056
41  41 43 12845056
42  42 44 12845056
43  43 2406 12845056
44  44 2398 12845056
45  45 51 12845056
46  46 48 12845056
47  47 49 1605632
48  48 50 1605632
49  49 52 128
50  50 54 12845056
51  51 53 128
52  52 54 12845056
53  53 65 12845056
54  54 56 12845056
55  55 57 12845056
56  56 58 1605632
57  57 59 1605632
58  58 60 128
59  59 61 128
60  60 62 128
61  61 63 128
62  62 64 128
63  63 2337 12845056
64  64 2331 12845056
65  65 2336 12845056
66  66 69 12845056
67  67 69 12845056
68  68 70 12845056
69  69 2314 12845056
70  70 72 12845056
71  71 2311 12845056
72  72 74 8192
73  73 79 25690112
74  74 76 25690112
75  75 77 3211264
76  76 78 3211264
77  77 80 256
78  78 82 25690112
79  79 81 256
80  80 82 25690112
81  81 93 25690112
82  82 84 25690112
83  83 85 25690112
84  84 86 3211264
85  85 87 3211264
86  86 88 256
87  87 89 256
88  88 90 256
89  89 91 256
90  90 92 256
91  91 2298 25690112
92  92 2292 25690112
93  93 2297 25690112
94  94 97 25690112
95  95 97 25690112
96  96 98 25690112
97  97 2279 25690112
98  98 2271 25690112
99  99 105 6422528
100  100 102 6422528
101  101 103 802816
102  102 104 802816
103  103 106 256
104  104 108 6422528
105  105 107 256
106  106 108 6422528
107  107 119 6422528
108  108 110 6422528
109  109 111 6422528
110  110 112 802816
111  111 113 802816
112  112 114 256
113  113 115 256
114  114 116 256
115  115 117 256
116  116 118 256
117  117 2210 6422528
118  118 2204 6422528
119  119 2209 6422528
120  120 123 6422528
121  121 123 6422528
122  122 124 6422528
123  123 2187 6422528
124  124 126 6422528
125  125 2184 6422528
126  126 128 32768
127  127 133 12845056
128  128 130 12845056
129  129 131 1605632
130  130 132 1605632
131  131 134 512
132  132 136 12845056
133  133 135 512
134  134 136 12845056
135  135 147 12845056
136  136 138 12845056
137  137 139 12845056
138  138 140 1605632
139  139 141 1605632
140  140 142 512
141  141 143 512
142  142 144 512
143  143 145 512
144  144 146 512
145  145 2172 12845056
146  146 2166 12845056
147  147 2171 12845056
148  148 151 12845056
149  149 151 12845056
150  150 152 12845056
151  151 2153 12845056
152  152 2145 12845056
153  153 159 12845056
154  154 156 12845056
155  155 157 1605632
156  156 158 1605632
157  157 160 512
158  158 162 12845056
159  159 161 512
160  160 162 12845056
161  161 173 12845056
162  162 164 12845056
163  163 165 12845056
164  164 166 1605632
165  165 167 1605632
166  166 168 512
167  167 169 512
168  168 170 512
169  169 171 512
170  170 172 512
171  171 2085 12845056
172  172 2079 12845056
173  173 2084 12845056
174  174 177 12845056
175  175 177 12845056
176  176 178 12845056
177  177 2062 12845056
178  178 180 12845056
179  179 2059 12845056
180  180 182 65536
181  181 187 12845056
182  182 184 12845056
183  183 185 1605632
184  184 186 1605632
185  185 188 512
186  186 190 12845056
187  187 189 512
188  188 190 12845056
189  189 201 12845056
190  190 192 12845056
191  191 193 12845056
192  192 194 1605632
193  193 195 1605632
194  194 196 512
195  195 197 512
196  196 198 512
197  197 199 512
198  198 200 512
199  199 2046 12845056
200  200 2040 12845056
201  201 2045 12845056
202  202 205 12845056
203  203 205 12845056
204  204 206 12845056
205  205 2027 12845056
206  206 2019 12845056
207  207 213 3211264
208  208 210 3211264
209  209 211 401408
210  210 212 401408
211  211 214 512
212  212 216 3211264
213  213 215 512
214  214 216 3211264
215  215 227 3211264
216  216 218 3211264
217  217 219 3211264
218  218 220 401408
219  219 221 401408
220  220 222 512
221  221 223 512
222  222 224 512
223  223 225 512
224  224 226 512
225  225 1958 3211264
226  226 1952 3211264
227  227 1957 3211264
228  228 231 3211264
229  229 231 3211264
230  230 232 3211264
231  231 1935 3211264
232  232 234 3211264
233  233 1932 3211264
234  234 236 131072
235  235 241 6422528
236  236 238 6422528
237  237 239 802816
238  238 240 802816
239  239 242 1024
240  240 244 6422528
241  241 243 1024
242  242 244 6422528
243  243 255 6422528
244  244 246 6422528
245  245 247 6422528
246  246 248 802816
247  247 249 802816
248  248 250 1024
249  249 251 1024
250  250 252 1024
251  251 253 1024
252  252 254 1024
253  253 1920 6422528
254  254 1914 6422528
255  255 1919 6422528
256  256 259 6422528
257  257 259 6422528
258  258 260 6422528
259  259 1901 6422528
260  260 1893 6422528
261  261 267 6422528
262  262 264 6422528
263  263 265 802816
264  264 266 802816
265  265 268 1024
266  266 270 6422528
267  267 269 1024
268  268 270 6422528
269  269 281 6422528
270  270 272 6422528
271  271 273 6422528
272  272 274 802816
273  273 275 802816
274  274 276 1024
275  275 277 1024
276  276 278 1024
277  277 279 1024
278  278 280 1024
279  279 1833 6422528
280  280 1827 6422528
281  281 1832 6422528
282  282 285 6422528
283  283 285 6422528
284  284 286 6422528
285  285 1810 6422528
286  286 288 6422528
287  287 1807 6422528
288  288 290 262144
289  289 295 6422528
290  290 292 6422528
291  291 293 802816
292  292 294 802816
293  293 296 1024
294  294 298 6422528
295  295 297 1024
296  296 298 6422528
297  297 309 6422528
298  298 300 6422528
299  299 301 6422528
300  300 302 802816
301  301 303 802816
302  302 304 1024
303  303 305 1024
304  304 306 1024
305  305 307 1024
306  306 308 1024
307  307 1794 6422528
308  308 1788 6422528
309  309 1793 6422528
310  310 313 6422528
311  311 313 6422528
312  312 314 6422528
313  313 1775 6422528
314  314 1767 6422528
315  315 321 1605632
316  316 318 1605632
317  317 319 200704
318  318 320 200704
319  319 322 1024
320  320 324 1605632
321  321 323 1024
322  322 324 1605632
323  323 335 1605632
324  324 326 1605632
325  325 327 1605632
326  326 328 200704
327  327 329 200704
328  328 330 1024
329  329 331 1024
330  330 332 1024
331  331 333 1024
332  332 334 1024
333  333 1706 1605632
334  334 1700 1605632
335  335 1705 1605632
336  336 339 1605632
337  337 339 1605632
338  338 340 1605632
339  339 1683 1605632
340  340 342 1605632
341  341 1680 1605632
342  342 344 524288
343  343 349 3211264
344  344 346 3211264
345  345 347 401408
346  346 348 401408
347  347 350 2048
348  348 352 3211264
349  349 351 2048
350  350 352 3211264
351  351 363 3211264
352  352 354 3211264
353  353 355 3211264
354  354 356 401408
355  355 357 401408
356  356 358 2048
357  357 359 2048
358  358 360 2048
359  359 361 2048
360  360 362 2048
361  361 1668 3211264
362  362 1662 3211264
363  363 1667 3211264
364  364 367 3211264
365  365 367 3211264
366  366 368 3211264
367  367 1649 3211264
368  368 1641 3211264
369  369 375 3211264
370  370 372 3211264
371  371 373 401408
372  372 374 401408
373  373 376 2048
374  374 378 3211264
375  375 377 2048
376  376 378 3211264
377  377 389 3211264
378  378 380 3211264
379  379 381 3211264
380  380 382 401408
381  381 383 401408
382  382 384 2048
383  383 385 2048
384  384 386 2048
385  385 387 2048
386  386 388 2048
387  387 1581 3211264
388  388 1575 3211264
389  389 1580 3211264
390  390 393 3211264
391  391 393 3211264
392  392 394 3211264
393  393 1558 3211264
394  394 396 3211264
395  395 1555 3211264
396  396 398 1048576
397  397 403 3211264
398  398 400 3211264
399  399 401 401408
400  400 402 401408
401  401 404 2048
402  402 406 3211264
403  403 405 2048
404  404 406 3211264
405  405 417 3211264
406  406 408 3211264
407  407 409 3211264
408  408 410 401408
409  409 411 401408
410  410 412 2048
411  411 413 2048
412  412 414 2048
413  413 415 2048
414  414 416 2048
415  415 1543 3211264
416  416 1537 3211264
417  417 1542 3211264
418  418 421 3211264
419  419 421 3211264
420  420 422 3211264
421  421 1524 3211264
422  422 1516 3211264
423  423 429 3211264
424  424 426 3211264
425  425 427 401408
426  426 428 401408
427  427 430 2048
428  428 432 3211264
429  429 431 2048
430  430 432 3211264
431  431 443 3211264
432  432 434 3211264
433  433 435 3211264
434  434 436 401408
435  435 437 401408
436  436 438 2048
437  437 439 2048
438  438 440 2048
439  439 441 2048
440  440 442 2048
441  441 1456 3211264
442  442 1450 3211264
443  443 1455 3211264
444  444 447 3211264
445  445 447 3211264
446  446 448 3211264
447  447 1433 3211264
448  448 450 3211264
449  449 1430 3211264
450  450 452 1048576
451  451 457 3211264
452  452 454 3211264
453  453 455 401408
454  454 456 401408
455  455 458 2048
456  456 460 3211264
457  457 459 2048
458  458 460 3211264
459  459 471 3211264
460  460 462 3211264
461  461 463 3211264
462  462 464 401408
463  463 465 401408
464  464 466 2048
465  465 467 2048
466  466 468 2048
467  467 469 2048
468  468 470 2048
469  469 1418 3211264
470  470 1412 3211264
471  471 1417 3211264
472  472 475 3211264
473  473 475 3211264
474  474 476 3211264
475  475 1399 3211264
476  476 1391 3211264
477  477 483 3211264
478  478 480 3211264
479  479 481 401408
480  480 482 401408
481  481 484 2048
482  482 486 3211264
483  483 485 2048
484  484 486 3211264
485  485 497 3211264
486  486 488 3211264
487  487 489 3211264
488  488 490 401408
489  489 491 401408
490  490 492 2048
491  491 493 2048
492  492 494 2048
493  493 495 2048
494  494 496 2048
495  495 1331 3211264
496  496 1325 3211264
497  497 1330 3211264
498  498 501 3211264
499  499 501 3211264
500  500 502 3211264
501  501 1308 3211264
502  502 504 3211264
503  503 1305 3211264
504  504 506 1048576
505  505 511 3211264
506  506 508 3211264
507  507 509 401408
508  508 510 401408
509  509 512 2048
510  510 514 3211264
511  511 513 2048
512  512 514 3211264
513  513 525 3211264
514  514 516 3211264
515  515 517 3211264
516  516 518 401408
517  517 519 401408
518  518 520 2048
519  519 521 2048
520  520 522 2048
521  521 523 2048
522  522 524 2048
523  523 1293 3211264
524  524 1287 3211264
525  525 1292 3211264
526  526 529 3211264
527  527 529 3211264
528  528 530 3211264
529  529 1274 3211264
530  530 1266 3211264
531  531 537 3211264
532  532 534 3211264
533  533 535 401408
534  534 536 401408
535  535 538 2048
536  536 540 3211264
537  537 539 2048
538  538 540 3211264
539  539 551 3211264
540  540 542 3211264
541  541 543 3211264
542  542 544 401408
543  543 545 401408
544  544 546 2048
545  545 547 2048
546  546 548 2048
547  547 549 2048
548  548 550 2048
549  549 1206 3211264
550  550 1200 3211264
551  551 1205 3211264
552  552 555 3211264
553  553 555 3211264
554  554 556 3211264
555  555 1183 3211264
556  556 558 3211264
557  557 1180 3211264
558  558 560 1048576
559  559 565 3211264
560  560 562 3211264
561  561 563 401408
562  562 564 401408
563  563 566 2048
564  564 568 3211264
565  565 567 2048
566  566 568 3211264
567  567 579 3211264
568  568 570 3211264
569  569 571 3211264
570  570 572 401408
571  571 573 401408
572  572 574 2048
573  573 575 2048
574  574 576 2048
575  575 577 2048
576  576 578 2048
577  577 1168 3211264
578  578 1162 3211264
579  579 1167 3211264
580  580 583 3211264
581  581 583 3211264
582  582 584 3211264
583  583 1149 3211264
584  584 1141 3211264
585  585 591 3211264
586  586 588 3211264
587  587 589 401408
588  588 590 401408
589  589 592 2048
590  590 594 3211264
591  591 593 2048
592  592 594 3211264
593  593 605 3211264
594  594 596 3211264
595  595 597 3211264
596  596 598 401408
597  597 599 401408
598  598 600 2048
599  599 601 2048
600  600 602 2048
601  601 603 2048
602  602 604 2048
603  603 1081 3211264
604  604 1075 3211264
605  605 1080 3211264
606  606 609 3211264
607  607 609 3211264
608  608 610 3211264
609  609 1058 3211264
610  610 612 3211264
611  611 1055 3211264
612  612 614 1048576
613  613 619 3211264
614  614 616 3211264
615  615 617 401408
616  616 618 401408
617  617 620 2048
618  618 622 3211264
619  619 621 2048
620  620 622 3211264
621  621 633 3211264
622  622 624 3211264
623  623 625 3211264
624  624 626 401408
625  625 627 401408
626  626 628 2048
627  627 629 2048
628  628 630 2048
629  629 631 2048
630  630 632 2048
631  631 1042 3211264
632  632 1036 3211264
633  633 1041 3211264
634  634 637 3211264
635  635 637 3211264
636  636 638 3211264
637  637 1023 3211264
638  638 1015 3211264
639  639 645 802816
640  640 642 802816
641  641 643 100352
642  642 644 100352
643  643 646 2048
644  644 648 802816
645  645 647 2048
646  646 648 802816
647  647 659 802816
648  648 650 802816
649  649 651 802816
650  650 652 100352
651  651 653 100352
652  652 654 2048
653  653 655 2048
654  654 656 2048
655  655 657 2048
656  656 658 2048
657  657 954 802816
658  658 948 802816
659  659 953 802816
660  660 663 802816
661  661 663 802816
662  662 664 802816
663  663 931 802816
664  664 666 802816
665  665 928 802816
666  666 668 2097152
667  667 673 1605632
668  668 670 1605632
669  669 671 200704
670  670 672 200704
671  671 674 4096
672  672 676 1605632
673  673 675 4096
674  674 676 1605632
675  675 687 1605632
676  676 678 1605632
677  677 679 1605632
678  678 680 200704
679  679 681 200704
680  680 682 4096
681  681 683 4096
682  682 684 4096
683  683 685 4096
684  684 686 4096
685  685 916 1605632
686  686 910 1605632
687  687 915 1605632
688  688 691 1605632
689  689 691 1605632
690  690 692 1605632
691  691 897 1605632
692  692 889 1605632
693  693 699 1605632
694  694 696 1605632
695  695 697 200704
696  696 698 200704
697  697 700 4096
698  698 702 1605632
699  699 701 4096
700  700 702 1605632
701  701 713 1605632
702  702 704 1605632
703  703 705 1605632
704  704 706 200704
705  705 707 200704
706  706 708 4096
707  707 709 4096
708  708 710 4096
709  709 711 4096
710  710 712 4096
711  711 829 1605632
712  712 823 1605632
713  713 828 1605632
714  714 717 1605632
715  715 717 1605632
716  716 718 1605632
717  717 806 1605632
718  718 720 1605632
719  719 803 1605632
720  720 722 4194304
721  721 727 1605632
722  722 724 1605632
723  723 725 200704
724  724 726 200704
725  725 728 4096
726  726 730 1605632
727  727 729 4096
728  728 730 1605632
729  729 741 1605632
730  730 732 1605632
731  731 733 1605632
732  732 734 200704
733  733 735 200704
734  734 736 4096
735  735 737 4096
736  736 738 4096
737  737 739 4096
738  738 740 4096
739  739 790 1605632
740  740 784 1605632
741  741 789 1605632
742  742 745 1605632
743  743 745 1605632
744  744 746 1605632
745  745 768 1605632
746  746 748 1605632
747  747 749 32768
748  748 750 32768
749  749 765 32768
750  750 753 32064
751  751 753 32064
752  752 754 32064
753  753 762 32064
754  754 761 32064
755  755 757 32064
756  756 758 32064
757  757 759 64
758  758 760 64
759  759 761 32064
760  760 762 32064
761  761 772 32064
762  762 764 32064
763  763 2438 4032
764  764 2519 4100096
765  765 767 1605632
766  766 771 1605632
767  767 769 1605632
768  768 770 1605632
769  769 771 1605632
770  770 777 1605632
771  771 773 32768
772  772 774 32768
773  773 775 78675968
774  774 776 1605632
775  775 777 1605632
776  776 778 1605632
777  777 783 1605632
778  778 780 1605632
779  779 781 200704
780  780 782 200704
781  781 2439 4096
782  782 789 1605632
783  783 785 1605632
784  784 786 1605632
785  785 787 200704
786  786 788 200704
787  787 2440 4096
788  788 790 1605632
789  789 801 1605632
790  790 792 1605632
791  791 793 1605632
792  792 794 200704
793  793 795 200704
794  794 796 4096
795  795 797 4096
796  796 799 4096
797  797 925 1605632
798  798 800 1605632
799  799 801 1605632
800  800 811 1605632
801  801 803 1605632
802  802 2441 4194304
803  803 805 1605632
804  804 809 1605632
805  805 807 1605632
806  806 808 1605632
807  807 809 1605632
808  808 816 1605632
809  809 812 4194304
810  810 812 1605632
811  811 813 1605632
812  812 814 1605632
813  813 815 1605632
814  814 816 1605632
815  815 817 1605632
816  816 822 1605632
817  817 819 1605632
818  818 820 200704
819  819 821 200704
820  820 2442 4096
821  821 828 1605632
822  822 824 1605632
823  823 825 1605632
824  824 826 200704
825  825 827 200704
826  826 2443 4096
827  827 829 1605632
828  828 839 1605632
829  829 831 1605632
830  830 832 1605632
831  831 833 200704
832  832 834 200704
833  833 835 4096
834  834 836 4096
835  835 837 4096
836  836 838 1605632
837  837 839 1605632
838  838 901 1605632
839  839 842 1605632
840  840 890 1605632
841  841 843 1605632
842  842 844 1605632
843  843 845 32768
844  844 846 32768
845  845 2444 4096
846  846 848 1605632
847  847 849 1605632
848  848 850 1605632
849  849 851 32768
850  850 852 32768
851  851 2444 4096
852  852 854 1605632
853  853 855 1605632
854  854 856 1605632
855  855 857 32768
856  856 858 32768
857  857 2444 4096
858  858 860 1605632
859  859 861 1605632
860  860 862 1605632
861  861 863 32768
862  862 864 32768
863  863 2444 4096
864  864 866 1605632
865  865 867 1605632
866  866 868 1605632
867  867 869 32768
868  868 870 32768
869  869 2444 4096
870  870 872 1605632
871  871 873 1605632
872  872 874 1605632
873  873 875 32768
874  874 876 32768
875  875 2444 4096
876  876 878 1605632
877  877 879 1605632
878  878 880 1605632
879  879 881 32768
880  880 882 32768
881  881 2444 4096
882  882 884 1605632
883  883 885 1605632
884  884 886 1605632
885  885 887 32768
886  886 888 32768
887  887 2444 4096
888  888 890 1605632
889  889 891 1605632
890  890 892 1605632
891  891 893 32768
892  892 894 32768
893  893 2444 4096
894  894 896 1605632
895  895 900 1605632
896  896 898 1605632
897  897 899 1605632
898  898 900 1605632
899  899 903 1605632
900  900 902 1605632
901  901 903 1605632
902  902 904 1605632
903  903 909 1605632
904  904 906 1605632
905  905 907 200704
906  906 908 200704
907  907 2445 4096
908  908 915 1605632
909  909 911 1605632
910  910 912 1605632
911  911 913 200704
912  912 914 200704
913  913 2446 4096
914  914 916 1605632
915  915 926 1605632
916  916 918 1605632
917  917 919 1605632
918  918 920 200704
919  919 921 200704
920  920 922 4096
921  921 923 4096
922  922 924 4096
923  923 925 1605632
924  924 926 1605632
925  925 936 1605632
926  926 928 1605632
927  927 2447 2097152
928  928 930 802816
929  929 934 802816
930  930 932 802816
931  931 933 802816
932  932 934 802816
933  933 941 802816
934  934 937 2097152
935  935 937 1605632
936  936 938 802816
937  937 939 802816
938  938 940 802816
939  939 941 802816
940  940 942 802816
941  941 947 802816
942  942 944 802816
943  943 945 100352
944  944 946 100352
945  945 2448 2048
946  946 953 802816
947  947 949 802816
948  948 950 802816
949  949 951 100352
950  950 952 100352
951  951 2449 2048
952  952 954 802816
953  953 965 802816
954  954 956 802816
955  955 957 802816
956  956 958 100352
957  957 959 100352
958  958 960 2048
959  959 961 2048
960  960 963 2048
961  961 964 802816
962  962 964 802816
963  963 965 802816
964  964 1027 802816
965  965 968 802816
966  966 1016 802816
967  967 969 802816
968  968 970 802816
969  969 971 16384
970  970 972 16384
971  971 2450 2048
972  972 974 802816
973  973 975 802816
974  974 976 802816
975  975 977 16384
976  976 978 16384
977  977 2450 2048
978  978 980 802816
979  979 981 802816
980  980 982 802816
981  981 983 16384
982  982 984 16384
983  983 2450 2048
984  984 986 802816
985  985 987 802816
986  986 988 802816
987  987 989 16384
988  988 990 16384
989  989 2450 2048
990  990 992 802816
991  991 993 802816
992  992 994 802816
993  993 995 16384
994  994 996 16384
995  995 2450 2048
996  996 998 802816
997  997 999 802816
998  998 1000 802816
999  999 1001 16384
1000  1000 1002 16384
1001  1001 2450 2048
1002  1002 1004 802816
1003  1003 1005 802816
1004  1004 1006 802816
1005  1005 1007 16384
1006  1006 1008 16384
1007  1007 2450 2048
1008  1008 1010 802816
1009  1009 1011 802816
1010  1010 1012 802816
1011  1011 1013 16384
1012  1012 1014 16384
1013  1013 2450 2048
1014  1014 1016 802816
1015  1015 1017 802816
1016  1016 1018 802816
1017  1017 1019 16384
1018  1018 1020 16384
1019  1019 2450 2048
1020  1020 1022 3211264
1021  1021 1026 3211264
1022  1022 1024 3211264
1023  1023 1025 3211264
1024  1024 1026 3211264
1025  1025 1029 3211264
1026  1026 1028 802816
1027  1027 1029 3211264
1028  1028 1030 3211264
1029  1029 1035 3211264
1030  1030 1032 3211264
1031  1031 1033 401408
1032  1032 1034 401408
1033  1033 2451 2048
1034  1034 1041 3211264
1035  1035 1037 3211264
1036  1036 1038 3211264
1037  1037 1039 401408
1038  1038 1040 401408
1039  1039 2452 2048
1040  1040 1042 3211264
1041  1041 1053 3211264
1042  1042 1044 3211264
1043  1043 1045 3211264
1044  1044 1046 401408
1045  1045 1047 401408
1046  1046 1048 2048
1047  1047 1049 2048
1048  1048 1051 2048
1049  1049 1677 3211264
1050  1050 1052 3211264
1051  1051 1053 3211264
1052  1052 1063 3211264
1053  1053 1055 3211264
1054  1054 2453 1048576
1055  1055 1057 3211264
1056  1056 1061 3211264
1057  1057 1059 3211264
1058  1058 1060 3211264
1059  1059 1061 3211264
1060  1060 1068 3211264
1061  1061 1064 1048576
1062  1062 1064 3211264
1063  1063 1065 3211264
1064  1064 1066 3211264
1065  1065 1067 3211264
1066  1066 1068 3211264
1067  1067 1069 3211264
1068  1068 1074 3211264
1069  1069 1071 3211264
1070  1070 1072 401408
1071  1071 1073 401408
1072  1072 2454 2048
1073  1073 1080 3211264
1074  1074 1076 3211264
1075  1075 1077 3211264
1076  1076 1078 401408
1077  1077 1079 401408
1078  1078 2455 2048
1079  1079 1081 3211264
1080  1080 1091 3211264
1081  1081 1083 3211264
1082  1082 1084 3211264
1083  1083 1085 401408
1084  1084 1086 401408
1085  1085 1087 2048
1086  1086 1088 2048
1087  1087 1089 2048
1088  1088 1090 3211264
1089  1089 1091 3211264
1090  1090 1153 3211264
1091  1091 1094 3211264
1092  1092 1142 3211264
1093  1093 1095 3211264
1094  1094 1096 3211264
1095  1095 1097 16384
1096  1096 1098 16384
1097  1097 2456 2048
1098  1098 1100 3211264
1099  1099 1101 3211264
1100  1100 1102 3211264
1101  1101 1103 16384
1102  1102 1104 16384
1103  1103 2456 2048
1104  1104 1106 3211264
1105  1105 1107 3211264
1106  1106 1108 3211264
1107  1107 1109 16384
1108  1108 1110 16384
1109  1109 2456 2048
1110  1110 1112 3211264
1111  1111 1113 3211264
1112  1112 1114 3211264
1113  1113 1115 16384
1114  1114 1116 16384
1115  1115 2456 2048
1116  1116 1118 3211264
1117  1117 1119 3211264
1118  1118 1120 3211264
1119  1119 1121 16384
1120  1120 1122 16384
1121  1121 2456 2048
1122  1122 1124 3211264
1123  1123 1125 3211264
1124  1124 1126 3211264
1125  1125 1127 16384
1126  1126 1128 16384
1127  1127 2456 2048
1128  1128 1130 3211264
1129  1129 1131 3211264
1130  1130 1132 3211264
1131  1131 1133 16384
1132  1132 1134 16384
1133  1133 2456 2048
1134  1134 1136 3211264
1135  1135 1137 3211264
1136  1136 1138 3211264
1137  1137 1139 16384
1138  1138 1140 16384
1139  1139 2456 2048
1140  1140 1142 3211264
1141  1141 1143 3211264
1142  1142 1144 3211264
1143  1143 1145 16384
1144  1144 1146 16384
1145  1145 2456 2048
1146  1146 1148 3211264
1147  1147 1152 3211264
1148  1148 1150 3211264
1149  1149 1151 3211264
1150  1150 1152 3211264
1151  1151 1155 3211264
1152  1152 1154 3211264
1153  1153 1155 3211264
1154  1154 1156 3211264
1155  1155 1161 3211264
1156  1156 1158 3211264
1157  1157 1159 401408
1158  1158 1160 401408
1159  1159 2457 2048
1160  1160 1167 3211264
1161  1161 1163 3211264
1162  1162 1164 3211264
1163  1163 1165 401408
1164  1164 1166 401408
1165  1165 2458 2048
1166  1166 1168 3211264
1167  1167 1178 3211264
1168  1168 1170 3211264
1169  1169 1171 3211264
1170  1170 1172 401408
1171  1171 1173 401408
1172  1172 1174 2048
1173  1173 1175 2048
1174  1174 1176 2048
1175  1175 1177 3211264
1176  1176 1178 3211264
1177  1177 1188 3211264
1178  1178 1180 3211264
1179  1179 2459 1048576
1180  1180 1182 3211264
1181  1181 1186 3211264
1182  1182 1184 3211264
1183  1183 1185 3211264
1184  1184 1186 3211264
1185  1185 1193 3211264
1186  1186 1189 1048576
1187  1187 1189 3211264
1188  1188 1190 3211264
1189  1189 1191 3211264
1190  1190 1192 3211264
1191  1191 1193 3211264
1192  1192 1194 3211264
1193  1193 1199 3211264
1194  1194 1196 3211264
1195  1195 1197 401408
1196  1196 1198 401408
1197  1197 2460 2048
1198  1198 1205 3211264
1199  1199 1201 3211264
1200  1200 1202 3211264
1201  1201 1203 401408
1202  1202 1204 401408
1203  1203 2461 2048
1204  1204 1206 3211264
1205  1205 1216 3211264
1206  1206 1208 3211264
1207  1207 1209 3211264
1208  1208 1210 401408
1209  1209 1211 401408
1210  1210 1212 2048
1211  1211 1213 2048
1212  1212 1214 2048
1213  1213 1215 3211264
1214  1214 1216 3211264
1215  1215 1278 3211264
1216  1216 1219 3211264
1217  1217 1267 3211264
1218  1218 1220 3211264
1219  1219 1221 3211264
1220  1220 1222 16384
1221  1221 1223 16384
1222  1222 2462 2048
1223  1223 1225 3211264
1224  1224 1226 3211264
1225  1225 1227 3211264
1226  1226 1228 16384
1227  1227 1229 16384
1228  1228 2462 2048
1229  1229 1231 3211264
1230  1230 1232 3211264
1231  1231 1233 3211264
1232  1232 1234 16384
1233  1233 1235 16384
1234  1234 2462 2048
1235  1235 1237 3211264
1236  1236 1238 3211264
1237  1237 1239 3211264
1238  1238 1240 16384
1239  1239 1241 16384
1240  1240 2462 2048
1241  1241 1243 3211264
1242  1242 1244 3211264
1243  1243 1245 3211264
1244  1244 1246 16384
1245  1245 1247 16384
1246  1246 2462 2048
1247  1247 1249 3211264
1248  1248 1250 3211264
1249  1249 1251 3211264
1250  1250 1252 16384
1251  1251 1253 16384
1252  1252 2462 2048
1253  1253 1255 3211264
1254  1254 1256 3211264
1255  1255 1257 3211264
1256  1256 1258 16384
1257  1257 1259 16384
1258  1258 2462 2048
1259  1259 1261 3211264
1260  1260 1262 3211264
1261  1261 1263 3211264
1262  1262 1264 16384
1263  1263 1265 16384
1264  1264 2462 2048
1265  1265 1267 3211264
1266  1266 1268 3211264
1267  1267 1269 3211264
1268  1268 1270 16384
1269  1269 1271 16384
1270  1270 2462 2048
1271  1271 1273 3211264
1272  1272 1277 3211264
1273  1273 1275 3211264
1274  1274 1276 3211264
1275  1275 1277 3211264
1276  1276 1280 3211264
1277  1277 1279 3211264
1278  1278 1280 3211264
1279  1279 1281 3211264
1280  1280 1286 3211264
1281  1281 1283 3211264
1282  1282 1284 401408
1283  1283 1285 401408
1284  1284 2463 2048
1285  1285 1292 3211264
1286  1286 1288 3211264
1287  1287 1289 3211264
1288  1288 1290 401408
1289  1289 1291 401408
1290  1290 2464 2048
1291  1291 1293 3211264
1292  1292 1303 3211264
1293  1293 1295 3211264
1294  1294 1296 3211264
1295  1295 1297 401408
1296  1296 1298 401408
1297  1297 1299 2048
1298  1298 1300 2048
1299  1299 1301 2048
1300  1300 1302 3211264
1301  1301 1303 3211264
1302  1302 1313 3211264
1303  1303 1305 3211264
1304  1304 2465 1048576
1305  1305 1307 3211264
1306  1306 1311 3211264
1307  1307 1309 3211264
1308  1308 1310 3211264
1309  1309 1311 3211264
1310  1310 1318 3211264
1311  1311 1314 1048576
1312  1312 1314 3211264
1313  1313 1315 3211264
1314  1314 1316 3211264
1315  1315 1317 3211264
1316  1316 1318 3211264
1317  1317 1319 3211264
1318  1318 1324 3211264
1319  1319 1321 3211264
1320  1320 1322 401408
1321  1321 1323 401408
1322  1322 2466 2048
1323  1323 1330 3211264
1324  1324 1326 3211264
1325  1325 1327 3211264
1326  1326 1328 401408
1327  1327 1329 401408
1328  1328 2467 2048
1329  1329 1331 3211264
1330  1330 1341 3211264
1331  1331 1333 3211264
1332  1332 1334 3211264
1333  1333 1335 401408
1334  1334 1336 401408
1335  1335 1337 2048
1336  1336 1338 2048
1337  1337 1339 2048
1338  1338 1340 3211264
1339  1339 1341 3211264
1340  1340 1403 3211264
1341  1341 1344 3211264
1342  1342 1392 3211264
1343  1343 1345 3211264
1344  1344 1346 3211264
1345  1345 1347 16384
1346  1346 1348 16384
1347  1347 2468 2048
1348  1348 1350 3211264
1349  1349 1351 3211264
1350  1350 1352 3211264
1351  1351 1353 16384
1352  1352 1354 16384
1353  1353 2468 2048
1354  1354 1356 3211264
1355  1355 1357 3211264
1356  1356 1358 3211264
1357  1357 1359 16384
1358  1358 1360 16384
1359  1359 2468 2048
1360  1360 1362 3211264
1361  1361 1363 3211264
1362  1362 1364 3211264
1363  1363 1365 16384
1364  1364 1366 16384
1365  1365 2468 2048
1366  1366 1368 3211264
1367  1367 1369 3211264
1368  1368 1370 3211264
1369  1369 1371 16384
1370  1370 1372 16384
1371  1371 2468 2048
1372  1372 1374 3211264
1373  1373 1375 3211264
1374  1374 1376 3211264
1375  1375 1377 16384
1376  1376 1378 16384
1377  1377 2468 2048
1378  1378 1380 3211264
1379  1379 1381 3211264
1380  1380 1382 3211264
1381  1381 1383 16384
1382  1382 1384 16384
1383  1383 2468 2048
1384  1384 1386 3211264
1385  1385 1387 3211264
1386  1386 1388 3211264
1387  1387 1389 16384
1388  1388 1390 16384
1389  1389 2468 2048
1390  1390 1392 3211264
1391  1391 1393 3211264
1392  1392 1394 3211264
1393  1393 1395 16384
1394  1394 1396 16384
1395  1395 2468 2048
1396  1396 1398 3211264
1397  1397 1402 3211264
1398  1398 1400 3211264
1399  1399 1401 3211264
1400  1400 1402 3211264
1401  1401 1405 3211264
1402  1402 1404 3211264
1403  1403 1405 3211264
1404  1404 1406 3211264
1405  1405 1411 3211264
1406  1406 1408 3211264
1407  1407 1409 401408
1408  1408 1410 401408
1409  1409 2469 2048
1410  1410 1417 3211264
1411  1411 1413 3211264
1412  1412 1414 3211264
1413  1413 1415 401408
1414  1414 1416 401408
1415  1415 2470 2048
1416  1416 1418 3211264
1417  1417 1428 3211264
1418  1418 1420 3211264
1419  1419 1421 3211264
1420  1420 1422 401408
1421  1421 1423 401408
1422  1422 1424 2048
1423  1423 1425 2048
1424  1424 1426 2048
1425  1425 1427 3211264
1426  1426 1428 3211264
1427  1427 1438 3211264
1428  1428 1430 3211264
1429  1429 2471 1048576
1430  1430 1432 3211264
1431  1431 1436 3211264
1432  1432 1434 3211264
1433  1433 1435 3211264
1434  1434 1436 3211264
1435  1435 1443 3211264
1436  1436 1439 1048576
1437  1437 1439 3211264
1438  1438 1440 3211264
1439  1439 1441 3211264
1440  1440 1442 3211264
1441  1441 1443 3211264
1442  1442 1444 3211264
1443  1443 1449 3211264
1444  1444 1446 3211264
1445  1445 1447 401408
1446  1446 1448 401408
1447  1447 2472 2048
1448  1448 1455 3211264
1449  1449 1451 3211264
1450  1450 1452 3211264
1451  1451 1453 401408
1452  1452 1454 401408
1453  1453 2473 2048
1454  1454 1456 3211264
1455  1455 1466 3211264
1456  1456 1458 3211264
1457  1457 1459 3211264
1458  1458 1460 401408
1459  1459 1461 401408
1460  1460 1462 2048
1461  1461 1463 2048
1462  1462 1464 2048
1463  1463 1465 3211264
1464  1464 1466 3211264
1465  1465 1528 3211264
1466  1466 1469 3211264
1467  1467 1517 3211264
1468  1468 1470 3211264
1469  1469 1471 3211264
1470  1470 1472 16384
1471  1471 1473 16384
1472  1472 2474 2048
1473  1473 1475 3211264
1474  1474 1476 3211264
1475  1475 1477 3211264
1476  1476 1478 16384
1477  1477 1479 16384
1478  1478 2474 2048
1479  1479 1481 3211264
1480  1480 1482 3211264
1481  1481 1483 3211264
1482  1482 1484 16384
1483  1483 1485 16384
1484  1484 2474 2048
1485  1485 1487 3211264
1486  1486 1488 3211264
1487  1487 1489 3211264
1488  1488 1490 16384
1489  1489 1491 16384
1490  1490 2474 2048
1491  1491 1493 3211264
1492  1492 1494 3211264
1493  1493 1495 3211264
1494  1494 1496 16384
1495  1495 1497 16384
1496  1496 2474 2048
1497  1497 1499 3211264
1498  1498 1500 3211264
1499  1499 1501 3211264
1500  1500 1502 16384
1501  1501 1503 16384
1502  1502 2474 2048
1503  1503 1505 3211264
1504  1504 1506 3211264
1505  1505 1507 3211264
1506  1506 1508 16384
1507  1507 1509 16384
1508  1508 2474 2048
1509  1509 1511 3211264
1510  1510 1512 3211264
1511  1511 1513 3211264
1512  1512 1514 16384
1513  1513 1515 16384
1514  1514 2474 2048
1515  1515 1517 3211264
1516  1516 1518 3211264
1517  1517 1519 3211264
1518  1518 1520 16384
1519  1519 1521 16384
1520  1520 2474 2048
1521  1521 1523 3211264
1522  1522 1527 3211264
1523  1523 1525 3211264
1524  1524 1526 3211264
1525  1525 1527 3211264
1526  1526 1530 3211264
1527  1527 1529 3211264
1528  1528 1530 3211264
1529  1529 1531 3211264
1530  1530 1536 3211264
1531  1531 1533 3211264
1532  1532 1534 401408
1533  1533 1535 401408
1534  1534 2475 2048
1535  1535 1542 3211264
1536  1536 1538 3211264
1537  1537 1539 3211264
1538  1538 1540 401408
1539  1539 1541 401408
1540  1540 2476 2048
1541  1541 1543 3211264
1542  1542 1553 3211264
1543  1543 1545 3211264
1544  1544 1546 3211264
1545  1545 1547 401408
1546  1546 1548 401408
1547  1547 1549 2048
1548  1548 1550 2048
1549  1549 1551 2048
1550  1550 1552 3211264
1551  1551 1553 3211264
1552  1552 1563 3211264
1553  1553 1555 3211264
1554  1554 2477 1048576
1555  1555 1557 3211264
1556  1556 1561 3211264
1557  1557 1559 3211264
1558  1558 1560 3211264
1559  1559 1561 3211264
1560  1560 1568 3211264
1561  1561 1564 1048576
1562  1562 1564 3211264
1563  1563 1565 3211264
1564  1564 1566 3211264
1565  1565 1567 3211264
1566  1566 1568 3211264
1567  1567 1569 3211264
1568  1568 1574 3211264
1569  1569 1571 3211264
1570  1570 1572 401408
1571  1571 1573 401408
1572  1572 2478 2048
1573  1573 1580 3211264
1574  1574 1576 3211264
1575  1575 1577 3211264
1576  1576 1578 401408
1577  1577 1579 401408
1578  1578 2479 2048
1579  1579 1581 3211264
1580  1580 1591 3211264
1581  1581 1583 3211264
1582  1582 1584 3211264
1583  1583 1585 401408
1584  1584 1586 401408
1585  1585 1587 2048
1586  1586 1588 2048
1587  1587 1589 2048
1588  1588 1590 3211264
1589  1589 1591 3211264
1590  1590 1653 3211264
1591  1591 1594 3211264
1592  1592 1642 3211264
1593  1593 1595 3211264
1594  1594 1596 3211264
1595  1595 1597 16384
1596  1596 1598 16384
1597  1597 2480 2048
1598  1598 1600 3211264
1599  1599 1601 3211264
1600  1600 1602 3211264
1601  1601 1603 16384
1602  1602 1604 16384
1603  1603 2480 2048
1604  1604 1606 3211264
1605  1605 1607 3211264
1606  1606 1608 3211264
1607  1607 1609 16384
1608  1608 1610 16384
1609  1609 2480 2048
1610  1610 1612 3211264
1611  1611 1613 3211264
1612  1612 1614 3211264
1613  1613 1615 16384
1614  1614 1616 16384
1615  1615 2480 2048
1616  1616 1618 3211264
1617  1617 1619 3211264
1618  1618 1620 3211264
1619  1619 1621 16384
1620  1620 1622 16384
1621  1621 2480 2048
1622  1622 1624 3211264
1623  1623 1625 3211264
1624  1624 1626 3211264
1625  1625 1627 16384
1626  1626 1628 16384
1627  1627 2480 2048
1628  1628 1630 3211264
1629  1629 1631 3211264
1630  1630 1632 3211264
1631  1631 1633 16384
1632  1632 1634 16384
1633  1633 2480 2048
1634  1634 1636 3211264
1635  1635 1637 3211264
1636  1636 1638 3211264
1637  1637 1639 16384
1638  1638 1640 16384
1639  1639 2480 2048
1640  1640 1642 3211264
1641  1641 1643 3211264
1642  1642 1644 3211264
1643  1643 1645 16384
1644  1644 1646 16384
1645  1645 2480 2048
1646  1646 1648 3211264
1647  1647 1652 3211264
1648  1648 1650 3211264
1649  1649 1651 3211264
1650  1650 1652 3211264
1651  1651 1655 3211264
1652  1652 1654 3211264
1653  1653 1655 3211264
1654  1654 1656 3211264
1655  1655 1661 3211264
1656  1656 1658 3211264
1657  1657 1659 401408
1658  1658 1660 401408
1659  1659 2481 2048
1660  1660 1667 3211264
1661  1661 1663 3211264
1662  1662 1664 3211264
1663  1663 1665 401408
1664  1664 1666 401408
1665  1665 2482 2048
1666  1666 1668 3211264
1667  1667 1678 3211264
1668  1668 1670 3211264
1669  1669 1671 3211264
1670  1670 1672 401408
1671  1671 1673 401408
1672  1672 1674 2048
1673  1673 1675 2048
1674  1674 1676 2048
1675  1675 1677 3211264
1676  1676 1678 3211264
1677  1677 1688 3211264
1678  1678 1680 3211264
1679  1679 2483 524288
1680  1680 1682 1605632
1681  1681 1686 1605632
1682  1682 1684 1605632
1683  1683 1685 1605632
1684  1684 1686 1605632
1685  1685 1693 1605632
1686  1686 1689 524288
1687  1687 1689 3211264
1688  1688 1690 1605632
1689  1689 1691 1605632
1690  1690 1692 1605632
1691  1691 1693 1605632
1692  1692 1694 1605632
1693  1693 1699 1605632
1694  1694 1696 1605632
1695  1695 1697 200704
1696  1696 1698 200704
1697  1697 2484 1024
1698  1698 1705 1605632
1699  1699 1701 1605632
1700  1700 1702 1605632
1701  1701 1703 200704
1702  1702 1704 200704
1703  1703 2485 1024
1704  1704 1706 1605632
1705  1705 1717 1605632
1706  1706 1708 1605632
1707  1707 1709 1605632
1708  1708 1710 200704
1709  1709 1711 200704
1710  1710 1712 1024
1711  1711 1713 1024
1712  1712 1715 1024
1713  1713 1716 1605632
1714  1714 1716 1605632
1715  1715 1717 1605632
1716  1716 1779 1605632
1717  1717 1720 1605632
1718  1718 1768 1605632
1719  1719 1721 1605632
1720  1720 1722 1605632
1721  1721 1723 8192
1722  1722 1724 8192
1723  1723 2486 1024
1724  1724 1726 1605632
1725  1725 1727 1605632
1726  1726 1728 1605632
1727  1727 1729 8192
1728  1728 1730 8192
1729  1729 2486 1024
1730  1730 1732 1605632
1731  1731 1733 1605632
1732  1732 1734 1605632
1733  1733 1735 8192
1734  1734 1736 8192
1735  1735 2486 1024
1736  1736 1738 1605632
1737  1737 1739 1605632
1738  1738 1740 1605632
1739  1739 1741 8192
1740  1740 1742 8192
1741  1741 2486 1024
1742  1742 1744 1605632
1743  1743 1745 1605632
1744  1744 1746 1605632
1745  1745 1747 8192
1746  1746 1748 8192
1747  1747 2486 1024
1748  1748 1750 1605632
1749  1749 1751 1605632
1750  1750 1752 1605632
1751  1751 1753 8192
1752  1752 1754 8192
1753  1753 2486 1024
1754  1754 1756 1605632
1755  1755 1757 1605632
1756  1756 1758 1605632
1757  1757 1759 8192
1758  1758 1760 8192
1759  1759 2486 1024
1760  1760 1762 1605632
1761  1761 1763 1605632
1762  1762 1764 1605632
1763  1763 1765 8192
1764  1764 1766 8192
1765  1765 2486 1024
1766  1766 1768 1605632
1767  1767 1769 1605632
1768  1768 1770 1605632
1769  1769 1771 8192
1770  1770 1772 8192
1771  1771 2486 1024
1772  1772 1774 6422528
1773  1773 1778 6422528
1774  1774 1776 6422528
1775  1775 1777 6422528
1776  1776 1778 6422528
1777  1777 1781 6422528
1778  1778 1780 1605632
1779  1779 1781 6422528
1780  1780 1782 6422528
1781  1781 1787 6422528
1782  1782 1784 6422528
1783  1783 1785 802816
1784  1784 1786 802816
1785  1785 2487 1024
1786  1786 1793 6422528
1787  1787 1789 6422528
1788  1788 1790 6422528
1789  1789 1791 802816
1790  1790 1792 802816
1791  1791 2488 1024
1792  1792 1794 6422528
1793  1793 1805 6422528
1794  1794 1796 6422528
1795  1795 1797 6422528
1796  1796 1798 802816
1797  1797 1799 802816
1798  1798 1800 1024
1799  1799 1801 1024
1800  1800 1803 1024
1801  1801 1929 6422528
1802  1802 1804 6422528
1803  1803 1805 6422528
1804  1804 1815 6422528
1805  1805 1807 6422528
1806  1806 2489 262144
1807  1807 1809 6422528
1808  1808 1813 6422528
1809  1809 1811 6422528
1810  1810 1812 6422528
1811  1811 1813 6422528
1812  1812 1820 6422528
1813  1813 1816 262144
1814  1814 1816 6422528
1815  1815 1817 6422528
1816  1816 1818 6422528
1817  1817 1819 6422528
1818  1818 1820 6422528
1819  1819 1821 6422528
1820  1820 1826 6422528
1821  1821 1823 6422528
1822  1822 1824 802816
1823  1823 1825 802816
1824  1824 2490 1024
1825  1825 1832 6422528
1826  1826 1828 6422528
1827  1827 1829 6422528
1828  1828 1830 802816
1829  1829 1831 802816
1830  1830 2491 1024
1831  1831 1833 6422528
1832  1832 1843 6422528
1833  1833 1835 6422528
1834  1834 1836 6422528
1835  1835 1837 802816
1836  1836 1838 802816
1837  1837 1839 1024
1838  1838 1840 1024
1839  1839 1841 1024
1840  1840 1842 6422528
1841  1841 1843 6422528
1842  1842 1905 6422528
1843  1843 1846 6422528
1844  1844 1894 6422528
1845  1845 1847 6422528
1846  1846 1848 6422528
1847  1847 1849 8192
1848  1848 1850 8192
1849  1849 2492 1024
1850  1850 1852 6422528
1851  1851 1853 6422528
1852  1852 1854 6422528
1853  1853 1855 8192
1854  1854 1856 8192
1855  1855 2492 1024
1856  1856 1858 6422528
1857  1857 1859 6422528
1858  1858 1860 6422528
1859  1859 1861 8192
1860  1860 1862 8192
1861  1861 2492 1024
1862  1862 1864 6422528
1863  1863 1865 6422528
1864  1864 1866 6422528
1865  1865 1867 8192
1866  1866 1868 8192
1867  1867 2492 1024
1868  1868 1870 6422528
1869  1869 1871 6422528
1870  1870 1872 6422528
1871  1871 1873 8192
1872  1872 1874 8192
1873  1873 2492 1024
1874  1874 1876 6422528
1875  1875 1877 6422528
1876  1876 1878 6422528
1877  1877 1879 8192
1878  1878 1880 8192
1879  1879 2492 1024
1880  1880 1882 6422528
1881  1881 1883 6422528
1882  1882 1884 6422528
1883  1883 1885 8192
1884  1884 1886 8192
1885  1885 2492 1024
1886  1886 1888 6422528
1887  1887 1889 6422528
1888  1888 1890 6422528
1889  1889 1891 8192
1890  1890 1892 8192
1891  1891 2492 1024
1892  1892 1894 6422528
1893  1893 1895 6422528
1894  1894 1896 6422528
1895  1895 1897 8192
1896  1896 1898 8192
1897  1897 2492 1024
1898  1898 1900 6422528
1899  1899 1904 6422528
1900  1900 1902 6422528
1901  1901 1903 6422528
1902  1902 1904 6422528
1903  1903 1907 6422528
1904  1904 1906 6422528
1905  1905 1907 6422528
1906  1906 1908 6422528
1907  1907 1913 6422528
1908  1908 1910 6422528
1909  1909 1911 802816
1910  1910 1912 802816
1911  1911 2493 1024
1912  1912 1919 6422528
1913  1913 1915 6422528
1914  1914 1916 6422528
1915  1915 1917 802816
1916  1916 1918 802816
1917  1917 2494 1024
1918  1918 1920 6422528
1919  1919 1930 6422528
1920  1920 1922 6422528
1921  1921 1923 6422528
1922  1922 1924 802816
1923  1923 1925 802816
1924  1924 1926 1024
1925  1925 1927 1024
1926  1926 1928 1024
1927  1927 1929 6422528
1928  1928 1930 6422528
1929  1929 1940 6422528
1930  1930 1932 6422528
1931  1931 2495 131072
1932  1932 1934 3211264
1933  1933 1938 3211264
1934  1934 1936 3211264
1935  1935 1937 3211264
1936  1936 1938 3211264
1937  1937 1945 3211264
1938  1938 1941 131072
1939  1939 1941 6422528
1940  1940 1942 3211264
1941  1941 1943 3211264
1942  1942 1944 3211264
1943  1943 1945 3211264
1944  1944 1946 3211264
1945  1945 1951 3211264
1946  1946 1948 3211264
1947  1947 1949 401408
1948  1948 1950 401408
1949  1949 2496 512
1950  1950 1957 3211264
1951  1951 1953 3211264
1952  1952 1954 3211264
1953  1953 1955 401408
1954  1954 1956 401408
1955  1955 2497 512
1956  1956 1958 3211264
1957  1957 1969 3211264
1958  1958 1960 3211264
1959  1959 1961 3211264
1960  1960 1962 401408
1961  1961 1963 401408
1962  1962 1964 512
1963  1963 1965 512
1964  1964 1967 512
1965  1965 1968 3211264
1966  1966 1968 3211264
1967  1967 1969 3211264
1968  1968 2031 3211264
1969  1969 1972 3211264
1970  1970 2020 3211264
1971  1971 1973 3211264
1972  1972 1974 3211264
1973  1973 1975 4096
1974  1974 1976 4096
1975  1975 2498 512
1976  1976 1978 3211264
1977  1977 1979 3211264
1978  1978 1980 3211264
1979  1979 1981 4096
1980  1980 1982 4096
1981  1981 2498 512
1982  1982 1984 3211264
1983  1983 1985 3211264
1984  1984 1986 3211264
1985  1985 1987 4096
1986  1986 1988 4096
1987  1987 2498 512
1988  1988 1990 3211264
1989  1989 1991 3211264
1990  1990 1992 3211264
1991  1991 1993 4096
1992  1992 1994 4096
1993  1993 2498 512
1994  1994 1996 3211264
1995  1995 1997 3211264
1996  1996 1998 3211264
1997  1997 1999 4096
1998  1998 2000 4096
1999  1999 2498 512
2000  2000 2002 3211264
2001  2001 2003 3211264
2002  2002 2004 3211264
2003  2003 2005 4096
2004  2004 2006 4096
2005  2005 2498 512
2006  2006 2008 3211264
2007  2007 2009 3211264
2008  2008 2010 3211264
2009  2009 2011 4096
2010  2010 2012 4096
2011  2011 2498 512
2012  2012 2014 3211264
2013  2013 2015 3211264
2014  2014 2016 3211264
2015  2015 2017 4096
2016  2016 2018 4096
2017  2017 2498 512
2018  2018 2020 3211264
2019  2019 2021 3211264
2020  2020 2022 3211264
2021  2021 2023 4096
2022  2022 2024 4096
2023  2023 2498 512
2024  2024 2026 12845056
2025  2025 2030 12845056
2026  2026 2028 12845056
2027  2027 2029 12845056
2028  2028 2030 12845056
2029  2029 2033 12845056
2030  2030 2032 3211264
2031  2031 2033 12845056
2032  2032 2034 12845056
2033  2033 2039 12845056
2034  2034 2036 12845056
2035  2035 2037 1605632
2036  2036 2038 1605632
2037  2037 2499 512
2038  2038 2045 12845056
2039  2039 2041 12845056
2040  2040 2042 12845056
2041  2041 2043 1605632
2042  2042 2044 1605632
2043  2043 2500 512
2044  2044 2046 12845056
2045  2045 2057 12845056
2046  2046 2048 12845056
2047  2047 2049 12845056
2048  2048 2050 1605632
2049  2049 2051 1605632
2050  2050 2052 512
2051  2051 2053 512
2052  2052 2055 512
2053  2053 2181 12845056
2054  2054 2056 12845056
2055  2055 2057 12845056
2056  2056 2067 12845056
2057  2057 2059 12845056
2058  2058 2501 65536
2059  2059 2061 12845056
2060  2060 2065 12845056
2061  2061 2063 12845056
2062  2062 2064 12845056
2063  2063 2065 12845056
2064  2064 2072 12845056
2065  2065 2068 65536
2066  2066 2068 12845056
2067  2067 2069 12845056
2068  2068 2070 12845056
2069  2069 2071 12845056
2070  2070 2072 12845056
2071  2071 2073 12845056
2072  2072 2078 12845056
2073  2073 2075 12845056
2074  2074 2076 1605632
2075  2075 2077 1605632
2076  2076 2502 512
2077  2077 2084 12845056
2078  2078 2080 12845056
2079  2079 2081 12845056
2080  2080 2082 1605632
2081  2081 2083 1605632
2082  2082 2503 512
2083  2083 2085 12845056
2084  2084 2095 12845056
2085  2085 2087 12845056
2086  2086 2088 12845056
2087  2087 2089 1605632
2088  2088 2090 1605632
2089  2089 2091 512
2090  2090 2092 512
2091  2091 2093 512
2092  2092 2094 12845056
2093  2093 2095 12845056
2094  2094 2157 12845056
2095  2095 2098 12845056
2096  2096 2146 12845056
2097  2097 2099 12845056
2098  2098 2100 12845056
2099  2099 2101 4096
2100  2100 2102 4096
2101  2101 2504 512
2102  2102 2104 12845056
2103  2103 2105 12845056
2104  2104 2106 12845056
2105  2105 2107 4096
2106  2106 2108 4096
2107  2107 2504 512
2108  2108 2110 12845056
2109  2109 2111 12845056
2110  2110 2112 12845056
2111  2111 2113 4096
2112  2112 2114 4096
2113  2113 2504 512
2114  2114 2116 12845056
2115  2115 2117 12845056
2116  2116 2118 12845056
2117  2117 2119 4096
2118  2118 2120 4096
2119  2119 2504 512
2120  2120 2122 12845056
2121  2121 2123 12845056
2122  2122 2124 12845056
2123  2123 2125 4096
2124  2124 2126 4096
2125  2125 2504 512
2126  2126 2128 12845056
2127  2127 2129 12845056
2128  2128 2130 12845056
2129  2129 2131 4096
2130  2130 2132 4096
2131  2131 2504 512
2132  2132 2134 12845056
2133  2133 2135 12845056
2134  2134 2136 12845056
2135  2135 2137 4096
2136  2136 2138 4096
2137  2137 2504 512
2138  2138 2140 12845056
2139  2139 2141 12845056
2140  2140 2142 12845056
2141  2141 2143 4096
2142  2142 2144 4096
2143  2143 2504 512
2144  2144 2146 12845056
2145  2145 2147 12845056
2146  2146 2148 12845056
2147  2147 2149 4096
2148  2148 2150 4096
2149  2149 2504 512
2150  2150 2152 12845056
2151  2151 2156 12845056
2152  2152 2154 12845056
2153  2153 2155 12845056
2154  2154 2156 12845056
2155  2155 2159 12845056
2156  2156 2158 12845056
2157  2157 2159 12845056
2158  2158 2160 12845056
2159  2159 2165 12845056
2160  2160 2162 12845056
2161  2161 2163 1605632
2162  2162 2164 1605632
2163  2163 2505 512
2164  2164 2171 12845056
2165  2165 2167 12845056
2166  2166 2168 12845056
2167  2167 2169 1605632
2168  2168 2170 1605632
2169  2169 2506 512
2170  2170 2172 12845056
2171  2171 2182 12845056
2172  2172 2174 12845056
2173  2173 2175 12845056
2174  2174 2176 1605632
2175  2175 2177 1605632
2176  2176 2178 512
2177  2177 2179 512
2178  2178 2180 512
2179  2179 2181 12845056
2180  2180 2182 12845056
2181  2181 2192 12845056
2182  2182 2184 12845056
2183  2183 2507 32768
2184  2184 2186 6422528
2185  2185 2190 6422528
2186  2186 2188 6422528
2187  2187 2189 6422528
2188  2188 2190 6422528
2189  2189 2197 6422528
2190  2190 2193 32768
2191  2191 2193 12845056
2192  2192 2194 6422528
2193  2193 2195 6422528
2194  2194 2196 6422528
2195  2195 2197 6422528
2196  2196 2198 6422528
2197  2197 2203 6422528
2198  2198 2200 6422528
2199  2199 2201 802816
2200  2200 2202 802816
2201  2201 2508 256
2202  2202 2209 6422528
2203  2203 2205 6422528
2204  2204 2206 6422528
2205  2205 2207 802816
2206  2206 2208 802816
2207  2207 2509 256
2208  2208 2210 6422528
2209  2209 2221 6422528
2210  2210 2212 6422528
2211  2211 2213 6422528
2212  2212 2214 802816
2213  2213 2215 802816
2214  2214 2216 256
2215  2215 2217 256
2216  2216 2219 256
2217  2217 2220 6422528
2218  2218 2220 6422528
2219  2219 2221 6422528
2220  2220 2283 6422528
2221  2221 2224 6422528
2222  2222 2272 6422528
2223  2223 2225 6422528
2224  2224 2226 6422528
2225  2225 2227 2048
2226  2226 2228 2048
2227  2227 2510 256
2228  2228 2230 6422528
2229  2229 2231 6422528
2230  2230 2232 6422528
2231  2231 2233 2048
2232  2232 2234 2048
2233  2233 2510 256
2234  2234 2236 6422528
2235  2235 2237 6422528
2236  2236 2238 6422528
2237  2237 2239 2048
2238  2238 2240 2048
2239  2239 2510 256
2240  2240 2242 6422528
2241  2241 2243 6422528
2242  2242 2244 6422528
2243  2243 2245 2048
2244  2244 2246 2048
2245  2245 2510 256
2246  2246 2248 6422528
2247  2247 2249 6422528
2248  2248 2250 6422528
2249  2249 2251 2048
2250  2250 2252 2048
2251  2251 2510 256
2252  2252 2254 6422528
2253  2253 2255 6422528
2254  2254 2256 6422528
2255  2255 2257 2048
2256  2256 2258 2048
2257  2257 2510 256
2258  2258 2260 6422528
2259  2259 2261 6422528
2260  2260 2262 6422528
2261  2261 2263 2048
2262  2262 2264 2048
2263  2263 2510 256
2264  2264 2266 6422528
2265  2265 2267 6422528
2266  2266 2268 6422528
2267  2267 2269 2048
2268  2268 2270 2048
2269  2269 2510 256
2270  2270 2272 6422528
2271  2271 2273 6422528
2272  2272 2274 6422528
2273  2273 2275 2048
2274  2274 2276 2048
2275  2275 2510 256
2276  2276 2278 25690112
2277  2277 2282 25690112
2278  2278 2280 25690112
2279  2279 2281 25690112
2280  2280 2282 25690112
2281  2281 2285 25690112
2282  2282 2284 6422528
2283  2283 2285 25690112
2284  2284 2286 25690112
2285  2285 2291 25690112
2286  2286 2288 25690112
2287  2287 2289 3211264
2288  2288 2290 3211264
2289  2289 2511 256
2290  2290 2297 25690112
2291  2291 2293 25690112
2292  2292 2294 25690112
2293  2293 2295 3211264
2294  2294 2296 3211264
2295  2295 2512 256
2296  2296 2298 25690112
2297  2297 2309 25690112
2298  2298 2300 25690112
2299  2299 2301 25690112
2300  2300 2302 3211264
2301  2301 2303 3211264
2302  2302 2304 256
2303  2303 2305 256
2304  2304 2307 256
2305  2305 2308 25690112
2306  2306 2308 25690112
2307  2307 2309 25690112
2308  2308 2319 25690112
2309  2309 2311 25690112
2310  2310 2513 8192
2311  2311 2313 12845056
2312  2312 2317 12845056
2313  2313 2315 12845056
2314  2314 2316 12845056
2315  2315 2317 12845056
2316  2316 2324 12845056
2317  2317 2320 8192
2318  2318 2320 25690112
2319  2319 2321 12845056
2320  2320 2322 12845056
2321  2321 2323 12845056
2322  2322 2324 12845056
2323  2323 2325 12845056
2324  2324 2330 12845056
2325  2325 2327 12845056
2326  2326 2328 1605632
2327  2327 2329 1605632
2328  2328 2514 128
2329  2329 2336 12845056
2330  2330 2332 12845056
2331  2331 2333 12845056
2332  2332 2334 1605632
2333  2333 2335 1605632
2334  2334 2515 128
2335  2335 2337 12845056
2336  2336 2348 12845056
2337  2337 2339 12845056
2338  2338 2340 12845056
2339  2339 2341 1605632
2340  2340 2342 1605632
2341  2341 2343 128
2342  2342 2344 128
2343  2343 2346 128
2344  2344 2434 12845056
2345  2345 2347 12845056
2346  2346 2348 12845056
2347  2347 2410 12845056
2348  2348 2351 12845056
2349  2349 2399 12845056
2350  2350 2352 12845056
2351  2351 2353 12845056
2352  2352 2354 1024
2353  2353 2355 1024
2354  2354 2516 128
2355  2355 2357 12845056
2356  2356 2358 12845056
2357  2357 2359 12845056
2358  2358 2360 1024
2359  2359 2361 1024
2360  2360 2516 128
2361  2361 2363 12845056
2362  2362 2364 12845056
2363  2363 2365 12845056
2364  2364 2366 1024
2365  2365 2367 1024
2366  2366 2516 128
2367  2367 2369 12845056
2368  2368 2370 12845056
2369  2369 2371 12845056
2370  2370 2372 1024
2371  2371 2373 1024
2372  2372 2516 128
2373  2373 2375 12845056
2374  2374 2376 12845056
2375  2375 2377 12845056
2376  2376 2378 1024
2377  2377 2379 1024
2378  2378 2516 128
2379  2379 2381 12845056
2380  2380 2382 12845056
2381  2381 2383 12845056
2382  2382 2384 1024
2383  2383 2385 1024
2384  2384 2516 128
2385  2385 2387 12845056
2386  2386 2388 12845056
2387  2387 2389 12845056
2388  2388 2390 1024
2389  2389 2391 1024
2390  2390 2516 128
2391  2391 2393 12845056
2392  2392 2394 12845056
2393  2393 2395 12845056
2394  2394 2396 1024
2395  2395 2397 1024
2396  2396 2516 128
2397  2397 2399 12845056
2398  2398 2400 12845056
2399  2399 2401 12845056
2400  2400 2402 1024
2401  2401 2403 1024
2402  2402 2516 128
2403  2403 2405 12845056
2404  2404 2409 12845056
2405  2405 2407 12845056
2406  2406 2408 12845056
2407  2407 2409 12845056
2408  2408 2412 12845056
2409  2409 2411 12845056
2410  2410 2412 12845056
2411  2411 2413 12845056
2412  2412 2418 12845056
2413  2413 2415 12845056
2414  2414 2416 1605632
2415  2415 2417 1605632
2416  2416 2517 128
2417  2417 2424 12845056
2418  2418 2420 12845056
2419  2419 2421 12845056
2420  2420 2422 1605632
2421  2421 2423 1605632
2422  2422 2518 128
2423  2423 2425 12845056
2424  2424 2435 12845056
2425  2425 2427 12845056
2426  2426 2428 12845056
2427  2427 2429 1605632
2428  2428 2430 1605632
2429  2429 2431 128
2430  2430 2432 128
2431  2431 2433 128
2432  2432 2434 12845056
2433  2433 2435 12845056
2434  2434 2436 12845056
2435  2435 2437 12845056
2436  2436 2519 3456
2437  2437 2519 4032
2438  2438 2519 4096
2439  2439 2519 4096
2440  2440 2519 4194304
2441  2441 2519 4096
2442  2442 2519 4096
2443  2443 2519 36864
2444  2444 2519 4096
2445  2445 2519 4096
2446  2446 2519 2097152
2447  2447 2519 2048
2448  2448 2519 2048
2449  2449 2519 18432
2450  2450 2519 2048
2451  2451 2519 2048
2452  2452 2519 1048576
2453  2453 2519 2048
2454  2454 2519 2048
2455  2455 2519 18432
2456  2456 2519 2048
2457  2457 2519 2048
2458  2458 2519 1048576
2459  2459 2519 2048
2460  2460 2519 2048
2461  2461 2519 18432
2462  2462 2519 2048
2463  2463 2519 2048
2464  2464 2519 1048576
2465  2465 2519 2048
2466  2466 2519 2048
2467  2467 2519 18432
2468  2468 2519 2048
2469  2469 2519 2048
2470  2470 2519 1048576
2471  2471 2519 2048
2472  2472 2519 2048
2473  2473 2519 18432
2474  2474 2519 2048
2475  2475 2519 2048
2476  2476 2519 1048576
2477  2477 2519 2048
2478  2478 2519 2048
2479  2479 2519 18432
2480  2480 2519 2048
2481  2481 2519 2048
2482  2482 2519 524288
2483  2483 2519 1024
2484  2484 2519 1024
2485  2485 2519 9216
2486  2486 2519 1024
2487  2487 2519 1024
2488  2488 2519 262144
2489  2489 2519 1024
2490  2490 2519 1024
2491  2491 2519 9216
2492  2492 2519 1024
2493  2493 2519 1024
2494  2494 2519 131072
2495  2495 2519 512
2496  2496 2519 512
2497  2497 2519 4608
2498  2498 2519 512
2499  2499 2519 512
2500  2500 2519 65536
2501  2501 2519 512
2502  2502 2519 512
2503  2503 2519 4608
2504  2504 2519 512
2505  2505 2519 512
2506  2506 2519 32768
2507  2507 2519 256
2508  2508 2519 256
2509  2509 2519 2304
2510  2510 2519 256
2511  2511 2519 256
2512  2512 2519 8192
2513  2513 2519 128
2514  2514 2519 128
2515  2515 2519 1152
2516  2516 2519 128
2517  2517 2519 128
2518  2518 2519 3456
