17:0  17 18 1204224
19:0  19 20 3456
19:1  19 20 2809856
19:2  19 20 3211264
19:3  19 20 2624
45:0  45 46 1152
45:1  45 46 128
46:0  46 47 3211264
71:0  71 72 3211264
73:0  73 74 8192
73:1  73 74 3211264
73:2  73 74 6422528
73:3  73 74 3072
99:0  99 100 2304
99:1  99 100 256
100:0  100 101 1605632
125:0  125 126 1605632
127:0  127 128 32768
127:1  127 128 1605632
127:2  127 128 3211264
127:3  127 128 6144
153:0  153 154 4608
153:1  153 154 512
154:0  154 155 3211264
179:0  179 180 3211264
181:0  181 182 65536
181:1  181 182 3211264
181:2  181 182 3211264
181:3  181 182 12288
207:0  207 208 4608
207:1  207 208 512
208:0  208 209 802816
233:0  233 234 802816
235:0  235 236 131072
235:1  235 236 802816
235:2  235 236 1605632
235:3  235 236 12288
261:0  261 262 9216
261:1  261 262 1024
262:0  262 263 1605632
287:0  287 288 1605632
289:0  289 290 262144
289:1  289 290 1605632
289:2  289 290 1605632
289:3  289 290 399360
289:4  289 290 65536
289:11  289 290 12288
289:12  289 290 24576
315:0  315 316 9216
315:1  315 316 1024
316:0  316 317 401408
341:0  341 342 401408
343:0  343 344 524288
343:1  343 344 401408
343:2  343 344 802816
343:3  343 344 196608
343:4  343 344 131072
343:11  343 344 12288
343:12  343 344 24576
369:0  369 370 18432
369:1  369 370 2048
370:0  370 371 802816
395:0  395 396 802816
397:0  397 398 1048576
397:1  397 398 802816
397:2  397 398 802816
397:3  397 398 196608
397:4  397 398 262144
397:60  397 398 65536
397:67  397 398 12288
397:68  397 398 49152
423:0  423 424 18432
423:1  423 424 2048
424:0  424 425 802816
449:0  449 450 802816
451:0  451 452 1048576
451:1  451 452 802816
451:2  451 452 802816
451:3  451 452 196608
451:4  451 452 262144
451:60  451 452 65536
451:67  451 452 12288
451:68  451 452 49152
477:0  477 478 18432
477:1  477 478 2048
478:0  478 479 802816
503:0  503 504 802816
505:0  505 506 1048576
505:1  505 506 802816
505:2  505 506 802816
505:3  505 506 196608
505:4  505 506 262144
505:60  505 506 65536
505:67  505 506 12288
505:68  505 506 49152
531:0  531 532 18432
531:1  531 532 2048
532:0  532 533 802816
557:0  557 558 802816
559:0  559 560 1048576
559:1  559 560 802816
559:2  559 560 802816
559:3  559 560 196608
559:4  559 560 262144
559:60  559 560 65536
559:67  559 560 12288
559:68  559 560 49152
585:0  585 586 18432
585:1  585 586 2048
586:0  586 587 802816
611:0  611 612 802816
613:0  613 614 1048576
613:1  613 614 802816
613:2  613 614 802816
613:3  613 614 196608
613:4  613 614 262144
613:60  613 614 65536
613:67  613 614 12288
613:68  613 614 49152
639:0  639 640 18432
639:1  639 640 2048
640:0  640 641 200704
665:0  665 666 200704
667:0  667 668 2097152
667:1  667 668 200704
667:2  667 668 401408
667:3  667 668 98304
667:4  667 668 524288
667:11  667 668 24576
667:12  667 668 49152
693:0  693 694 36864
693:1  693 694 4096
694:0  694 695 401408
719:0  719 720 401408
721:0  721 722 4194304
721:1  721 722 401408
721:2  721 722 401408
721:3  721 722 98304
721:4  721 722 1048576
721:11  721 722 49152
721:12  721 722 98304
750:0  750 751 4112384
750:1  750 751 8192
750:2  750 751 8064
750:3  750 751 98304
764:0  764 765 8192
764:1  764 765 16064
764:2  764 765 4100096
764:3  764 765 192
771:0  771 772 4100096
771:1  771 772 8064
771:2  771 772 8192
771:3  771 772 96128
778:0  778 779 401408
802:0  802 803 401408
802:1  802 803 409600
802:2  802 803 4194304
802:3  802 803 9408
811:0  811 812 409600
811:1  811 812 4194304
811:2  811 812 409600
811:3  811 812 1032192
811:4  811 812 98304
811:11  811 812 49152
811:13  811 812 98304
814:0  814 815 401408
817:0  817 818 401408
839:0  839 840 401408
846:0  846 847 401408
852:0  852 853 401408
858:0  858 859 401408
870:0  870 871 401408
876:0  876 877 401408
882:0  882 883 401408
888:0  888 889 401408
901:0  901 902 36864
901:1  901 902 4096
904:0  904 905 401408
927:0  927 928 401408
927:1  927 928 204800
927:2  927 928 2097152
927:3  927 928 9408
936:0  936 937 409600
936:1  936 937 2097152
936:2  936 937 204800
936:3  936 937 516096
936:4  936 937 98304
936:11  936 937 49152
936:13  936 937 98304
939:0  939 940 200704
942:0  942 943 200704
965:0  965 966 802816
972:0  972 973 802816
978:0  978 979 802816
984:0  984 985 802816
990:0  990 991 802816
996:0  996 997 802816
1002:0  1002 1003 802816
1008:0  1008 1009 802816
1014:0  1014 1015 802816
1027:0  1027 1028 18432
1027:1  1027 1028 2048
1030:0  1030 1031 802816
1054:0  1054 1055 802816
1054:1  1054 1055 802816
1054:2  1054 1055 1048576
1054:3  1054 1055 258048
1054:4  1054 1055 200704
1054:11  1054 1055 18816
1054:12  1054 1055 37632
1063:0  1063 1064 802816
1063:1  1063 1064 1048576
1063:2  1063 1064 802816
1063:3  1063 1064 258048
1063:4  1063 1064 200704
1063:71  1063 1064 61440
1063:79  1063 1064 12288
1063:81  1063 1064 24576
1063:82  1063 1064 49152
1066:0  1066 1067 802816
1069:0  1069 1070 802816
1091:0  1091 1092 802816
1098:0  1098 1099 802816
1104:0  1104 1105 802816
1110:0  1110 1111 802816
1122:0  1122 1123 802816
1128:0  1128 1129 802816
1134:0  1134 1135 802816
1140:0  1140 1141 802816
1153:0  1153 1154 18432
1153:1  1153 1154 2048
1156:0  1156 1157 802816
1179:0  1179 1180 802816
1179:1  1179 1180 802816
1179:2  1179 1180 1048576
1179:3  1179 1180 258048
1179:4  1179 1180 200704
1179:11  1179 1180 18816
1179:12  1179 1180 37632
1188:0  1188 1189 802816
1188:1  1188 1189 1048576
1188:2  1188 1189 802816
1188:3  1188 1189 258048
1188:4  1188 1189 200704
1188:71  1188 1189 61440
1188:79  1188 1189 12288
1188:81  1188 1189 24576
1188:82  1188 1189 49152
1191:0  1191 1192 802816
1194:0  1194 1195 802816
1216:0  1216 1217 802816
1223:0  1223 1224 802816
1229:0  1229 1230 802816
1235:0  1235 1236 802816
1247:0  1247 1248 802816
1253:0  1253 1254 802816
1259:0  1259 1260 802816
1265:0  1265 1266 802816
1278:0  1278 1279 18432
1278:1  1278 1279 2048
1281:0  1281 1282 802816
1304:0  1304 1305 802816
1304:1  1304 1305 802816
1304:2  1304 1305 1048576
1304:3  1304 1305 258048
1304:4  1304 1305 200704
1304:11  1304 1305 18816
1304:12  1304 1305 37632
1313:0  1313 1314 802816
1313:1  1313 1314 1048576
1313:2  1313 1314 802816
1313:3  1313 1314 258048
1313:4  1313 1314 200704
1313:71  1313 1314 61440
1313:79  1313 1314 12288
1313:81  1313 1314 24576
1313:82  1313 1314 49152
1316:0  1316 1317 802816
1319:0  1319 1320 802816
1341:0  1341 1342 802816
1348:0  1348 1349 802816
1354:0  1354 1355 802816
1360:0  1360 1361 802816
1372:0  1372 1373 802816
1378:0  1378 1379 802816
1384:0  1384 1385 802816
1390:0  1390 1391 802816
1403:0  1403 1404 18432
1403:1  1403 1404 2048
1406:0  1406 1407 802816
1429:0  1429 1430 802816
1429:1  1429 1430 802816
1429:2  1429 1430 1048576
1429:3  1429 1430 258048
1429:4  1429 1430 200704
1429:11  1429 1430 18816
1429:12  1429 1430 37632
1438:0  1438 1439 802816
1438:1  1438 1439 1048576
1438:2  1438 1439 802816
1438:3  1438 1439 258048
1438:4  1438 1439 200704
1438:71  1438 1439 61440
1438:79  1438 1439 12288
1438:81  1438 1439 24576
1438:82  1438 1439 49152
1441:0  1441 1442 802816
1444:0  1444 1445 802816
1466:0  1466 1467 802816
1473:0  1473 1474 802816
1479:0  1479 1480 802816
1485:0  1485 1486 802816
1497:0  1497 1498 802816
1503:0  1503 1504 802816
1509:0  1509 1510 802816
1515:0  1515 1516 802816
1528:0  1528 1529 18432
1528:1  1528 1529 2048
1531:0  1531 1532 802816
1554:0  1554 1555 802816
1554:1  1554 1555 802816
1554:2  1554 1555 1048576
1554:3  1554 1555 258048
1554:4  1554 1555 200704
1554:11  1554 1555 18816
1554:12  1554 1555 37632
1563:0  1563 1564 802816
1563:1  1563 1564 1048576
1563:2  1563 1564 802816
1563:3  1563 1564 258048
1563:4  1563 1564 200704
1563:71  1563 1564 61440
1563:79  1563 1564 12288
1563:81  1563 1564 24576
1563:82  1563 1564 49152
1566:0  1566 1567 802816
1569:0  1569 1570 802816
1591:0  1591 1592 802816
1598:0  1598 1599 802816
1604:0  1604 1605 802816
1610:0  1610 1611 802816
1622:0  1622 1623 802816
1628:0  1628 1629 802816
1634:0  1634 1635 802816
1640:0  1640 1641 802816
1653:0  1653 1654 18432
1653:1  1653 1654 2048
1656:0  1656 1657 802816
1679:0  1679 1680 802816
1679:1  1679 1680 401408
1679:2  1679 1680 524288
1679:3  1679 1680 122880
1679:4  1679 1680 200704
1679:11  1679 1680 18816
1679:12  1679 1680 37632
1688:0  1688 1689 802816
1688:1  1688 1689 524288
1688:2  1688 1689 401408
1688:3  1688 1689 122880
1688:4  1688 1689 200704
1688:11  1688 1689 24576
1688:12  1688 1689 49152
1691:0  1691 1692 401408
1694:0  1694 1695 401408
1717:0  1717 1718 1605632
1724:0  1724 1725 1605632
1730:0  1730 1731 1605632
1736:0  1736 1737 1605632
1742:0  1742 1743 1605632
1748:0  1748 1749 1605632
1754:0  1754 1755 1605632
1760:0  1760 1761 1605632
1766:0  1766 1767 1605632
1779:0  1779 1780 9216
1779:1  1779 1780 1024
1782:0  1782 1783 1605632
1806:0  1806 1807 1605632
1806:1  1806 1807 1605632
1806:2  1806 1807 262144
1806:3  1806 1807 376320
1806:4  1806 1807 401408
1806:11  1806 1807 75264
1806:12  1806 1807 150528
1815:0  1815 1816 1605632
1815:1  1815 1816 262144
1815:2  1815 1816 1605632
1815:3  1815 1816 376320
1815:4  1815 1816 401408
1815:11  1815 1816 12288
1815:12  1815 1816 24576
1818:0  1818 1819 1605632
1821:0  1821 1822 1605632
1843:0  1843 1844 1605632
1850:0  1850 1851 1605632
1856:0  1856 1857 1605632
1862:0  1862 1863 1605632
1874:0  1874 1875 1605632
1880:0  1880 1881 1605632
1886:0  1886 1887 1605632
1892:0  1892 1893 1605632
1905:0  1905 1906 9216
1905:1  1905 1906 1024
1908:0  1908 1909 1605632
1931:0  1931 1932 1605632
1931:1  1931 1932 802816
1931:2  1931 1932 131072
1931:3  1931 1932 188160
1931:4  1931 1932 401408
1931:11  1931 1932 75264
1931:12  1931 1932 150528
1940:0  1940 1941 1605632
1940:1  1940 1941 131072
1940:2  1940 1941 802816
1940:3  1940 1941 24576
1943:0  1943 1944 802816
1946:0  1946 1947 802816
1969:0  1969 1970 3211264
1976:0  1976 1977 3211264
1982:0  1982 1983 3211264
1988:0  1988 1989 3211264
1994:0  1994 1995 3211264
2000:0  2000 2001 3211264
2006:0  2006 2007 3211264
2012:0  2012 2013 3211264
2018:0  2018 2019 3211264
2031:0  2031 2032 4608
2031:1  2031 2032 512
2034:0  2034 2035 3211264
2058:0  2058 2059 3211264
2058:1  2058 2059 3211264
2058:2  2058 2059 65536
2058:3  2058 2059 752640
2058:4  2058 2059 802816
2058:11  2058 2059 301056
2058:12  2058 2059 602112
2067:0  2067 2068 3211264
2067:1  2067 2068 65536
2067:2  2067 2068 3211264
2067:3  2067 2068 12288
2070:0  2070 2071 3211264
2073:0  2073 2074 3211264
2095:0  2095 2096 3211264
2102:0  2102 2103 3211264
2108:0  2108 2109 3211264
2114:0  2114 2115 3211264
2126:0  2126 2127 3211264
2132:0  2132 2133 3211264
2138:0  2138 2139 3211264
2144:0  2144 2145 3211264
2157:0  2157 2158 4608
2157:1  2157 2158 512
2160:0  2160 2161 3211264
2183:0  2183 2184 3211264
2183:1  2183 2184 1605632
2183:2  2183 2184 32768
2183:3  2183 2184 602112
2192:0  2192 2193 3211264
2192:1  2192 2193 32768
2192:2  2192 2193 1605632
2192:3  2192 2193 12288
2195:0  2195 2196 1605632
2198:0  2198 2199 1605632
2221:0  2221 2222 6422528
2228:0  2228 2229 6422528
2234:0  2234 2235 6422528
2240:0  2240 2241 6422528
2246:0  2246 2247 6422528
2252:0  2252 2253 6422528
2258:0  2258 2259 6422528
2264:0  2264 2265 6422528
2270:0  2270 2271 6422528
2283:0  2283 2284 2304
2283:1  2283 2284 256
2286:0  2286 2287 6422528
2310:0  2310 2311 6422528
2310:1  2310 2311 3211264
2310:2  2310 2311 8192
2310:3  2310 2311 2408448
2319:0  2319 2320 6422528
2319:1  2319 2320 8192
2319:2  2319 2320 3211264
2319:3  2319 2320 6144
2322:0  2322 2323 3211264
2325:0  2325 2326 3211264
2348:0  2348 2349 3211264
2355:0  2355 2356 3211264
2361:0  2361 2362 3211264
2367:0  2367 2368 3211264
2379:0  2379 2380 3211264
2385:0  2385 2386 3211264
2391:0  2391 2392 3211264
2397:0  2397 2398 3211264
2410:0  2410 2411 1152
2410:1  2410 2411 128
2413:0  2413 2414 3211264
2436:0  2436 2437 3211264
2436:1  2436 2437 2709504
2436:2  2436 2437 3456
2436:3  2436 2437 2408448
0  0 2 64
1  1 4 64
2  2 5 64
3  3 5 64
4  4 7 64
5  5 9 8064
6  6 8 64
7  7 9 8064
8  8 15 8064
9  9 11 64
10  10 12 64
11  11 13 64
12  12 14 64
13  13 15 8064
14  14 755 8064
15  15 17 1204224
16  16 18 1605632
17  17 2437 2709504
18  18 20 3456
19  19 25 3211264
20  20 22 3211264
21  21 23 1605632
22  22 24 1605632
23  23 26 128
24  24 28 3211264
25  25 27 128
26  26 28 3211264
27  27 39 3211264
28  28 30 3211264
29  29 31 3211264
30  30 32 1605632
31  31 33 1605632
32  32 34 128
33  33 35 128
34  34 36 128
35  35 37 128
36  36 38 128
37  37 2425 3211264
38  38 2419 3211264
39  39 2424 3211264
40  40 43 3211264
41  41 43 3211264
42  42 44 3211264
43  43 2406 3211264
44  44 2398 3211264
45  45 51 3211264
46  46 48 3211264
47  47 49 1605632
48  48 50 1605632
49  49 52 128
50  50 54 3211264
51  51 53 128
52  52 54 3211264
53  53 65 3211264
54  54 56 3211264
55  55 57 3211264
56  56 58 1605632
57  57 59 1605632
58  58 60 128
59  59 61 128
60  60 62 128
61  61 63 128
62  62 64 128
63  63 2337 3211264
64  64 2331 3211264
65  65 2336 3211264
66  66 69 3211264
67  67 69 3211264
68  68 70 3211264
69  69 2314 3211264
70  70 72 3211264
71  71 2311 3211264
72  72 74 8192
73  73 79 6422528
74  74 76 6422528
75  75 77 3211264
76  76 78 3211264
77  77 80 256
78  78 82 6422528
79  79 81 256
80  80 82 6422528
81  81 93 6422528
82  82 84 6422528
83  83 85 6422528
84  84 86 3211264
85  85 87 3211264
86  86 88 256
87  87 89 256
88  88 90 256
89  89 91 256
90  90 92 256
91  91 2298 6422528
92  92 2292 6422528
93  93 2297 6422528
94  94 97 6422528
95  95 97 6422528
96  96 98 6422528
97  97 2279 6422528
98  98 2271 6422528
99  99 105 1605632
100  100 102 1605632
101  101 103 802816
102  102 104 802816
103  103 106 256
104  104 108 1605632
105  105 107 256
106  106 108 1605632
107  107 119 1605632
108  108 110 1605632
109  109 111 1605632
110  110 112 802816
111  111 113 802816
112  112 114 256
113  113 115 256
114  114 116 256
115  115 117 256
116  116 118 256
117  117 2210 1605632
118  118 2204 1605632
119  119 2209 1605632
120  120 123 1605632
121  121 123 1605632
122  122 124 1605632
123  123 2187 1605632
124  124 126 1605632
125  125 2184 1605632
126  126 128 32768
127  127 133 3211264
128  128 130 3211264
129  129 131 1605632
130  130 132 1605632
131  131 134 512
132  132 136 3211264
133  133 135 512
134  134 136 3211264
135  135 147 3211264
136  136 138 3211264
137  137 139 3211264
138  138 140 1605632
139  139 141 1605632
140  140 142 512
141  141 143 512
142  142 144 512
143  143 145 512
144  144 146 512
145  145 2172 3211264
146  146 2166 3211264
147  147 2171 3211264
148  148 151 3211264
149  149 151 3211264
150  150 152 3211264
151  151 2153 3211264
152  152 2145 3211264
153  153 159 3211264
154  154 156 3211264
155  155 157 1605632
156  156 158 1605632
157  157 160 512
158  158 162 3211264
159  159 161 512
160  160 162 3211264
161  161 173 3211264
162  162 164 3211264
163  163 165 3211264
164  164 166 1605632
165  165 167 1605632
166  166 168 512
167  167 169 512
168  168 170 512
169  169 171 512
170  170 172 512
171  171 2085 3211264
172  172 2079 3211264
173  173 2084 3211264
174  174 177 3211264
175  175 177 3211264
176  176 178 3211264
177  177 2062 3211264
178  178 180 3211264
179  179 2059 3211264
180  180 182 65536
181  181 187 3211264
182  182 184 3211264
183  183 185 1605632
184  184 186 1605632
185  185 188 512
186  186 190 3211264
187  187 189 512
188  188 190 3211264
189  189 201 3211264
190  190 192 3211264
191  191 193 3211264
192  192 194 1605632
193  193 195 1605632
194  194 196 512
195  195 197 512
196  196 198 512
197  197 199 512
198  198 200 512
199  199 2046 3211264
200  200 2040 3211264
201  201 2045 3211264
202  202 205 3211264
203  203 205 3211264
204  204 206 3211264
205  205 2027 3211264
206  206 2019 3211264
207  207 213 802816
208  208 210 802816
209  209 211 401408
210  210 212 401408
211  211 214 512
212  212 216 802816
213  213 215 512
214  214 216 802816
215  215 227 802816
216  216 218 802816
217  217 219 802816
218  218 220 401408
219  219 221 401408
220  220 222 512
221  221 223 512
222  222 224 512
223  223 225 512
224  224 226 512
225  225 1958 802816
226  226 1952 802816
227  227 1957 802816
228  228 231 802816
229  229 231 802816
230  230 232 802816
231  231 1935 802816
232  232 234 802816
233  233 1932 802816
234  234 236 131072
235  235 241 1605632
236  236 238 1605632
237  237 239 802816
238  238 240 802816
239  239 242 1024
240  240 244 1605632
241  241 243 1024
242  242 244 1605632
243  243 255 1605632
244  244 246 1605632
245  245 247 1605632
246  246 248 802816
247  247 249 802816
248  248 250 1024
249  249 251 1024
250  250 252 1024
251  251 253 1024
252  252 254 1024
253  253 1920 1605632
254  254 1914 1605632
255  255 1919 1605632
256  256 259 1605632
257  257 259 1605632
258  258 260 1605632
259  259 1901 1605632
260  260 1893 1605632
261  261 267 1605632
262  262 264 1605632
263  263 265 802816
264  264 266 802816
265  265 268 1024
266  266 270 1605632
267  267 269 1024
268  268 270 1605632
269  269 281 1605632
270  270 272 1605632
271  271 273 1605632
272  272 274 802816
273  273 275 802816
274  274 276 1024
275  275 277 1024
276  276 278 1024
277  277 279 1024
278  278 280 1024
279  279 1833 1605632
280  280 1827 1605632
281  281 1832 1605632
282  282 285 1605632
283  283 285 1605632
284  284 286 1605632
285  285 1810 1605632
286  286 288 1605632
287  287 1807 1605632
288  288 290 262144
289  289 295 1605632
290  290 292 1605632
291  291 293 802816
292  292 294 802816
293  293 296 1024
294  294 298 1605632
295  295 297 1024
296  296 298 1605632
297  297 309 1605632
298  298 300 1605632
299  299 301 1605632
300  300 302 802816
301  301 303 802816
302  302 304 1024
303  303 305 1024
304  304 306 1024
305  305 307 1024
306  306 308 1024
307  307 1794 1605632
308  308 1788 1605632
309  309 1793 1605632
310  310 313 1605632
311  311 313 1605632
312  312 314 1605632
313  313 1775 1605632
314  314 1767 1605632
315  315 321 401408
316  316 318 401408
317  317 319 200704
318  318 320 200704
319  319 322 1024
320  320 324 401408
321  321 323 1024
322  322 324 401408
323  323 335 401408
324  324 326 401408
325  325 327 401408
326  326 328 200704
327  327 329 200704
328  328 330 1024
329  329 331 1024
330  330 332 1024
331  331 333 1024
332  332 334 1024
333  333 1706 401408
334  334 1700 401408
335  335 1705 401408
336  336 339 401408
337  337 339 401408
338  338 340 401408
339  339 1683 401408
340  340 342 401408
341  341 1680 401408
342  342 344 524288
343  343 349 802816
344  344 346 802816
345  345 347 401408
346  346 348 401408
347  347 350 2048
348  348 352 802816
349  349 351 2048
350  350 352 802816
351  351 363 802816
352  352 354 802816
353  353 355 802816
354  354 356 401408
355  355 357 401408
356  356 358 2048
357  357 359 2048
358  358 360 2048
359  359 361 2048
360  360 362 2048
361  361 1668 802816
362  362 1662 802816
363  363 1667 802816
364  364 367 802816
365  365 367 802816
366  366 368 802816
367  367 1649 802816
368  368 1641 802816
369  369 375 802816
370  370 372 802816
371  371 373 401408
372  372 374 401408
373  373 376 2048
374  374 378 802816
375  375 377 2048
376  376 378 802816
377  377 389 802816
378  378 380 802816
379  379 381 802816
380  380 382 401408
381  381 383 401408
382  382 384 2048
383  383 385 2048
384  384 386 2048
385  385 387 2048
386  386 388 2048
387  387 1581 802816
388  388 1575 802816
389  389 1580 802816
390  390 393 802816
391  391 393 802816
392  392 394 802816
393  393 1558 802816
394  394 396 802816
395  395 1555 802816
396  396 398 1048576
397  397 403 802816
398  398 400 802816
399  399 401 401408
400  400 402 401408
401  401 404 2048
402  402 406 802816
403  403 405 2048
404  404 406 802816
405  405 417 802816
406  406 408 802816
407  407 409 802816
408  408 410 401408
409  409 411 401408
410  410 412 2048
411  411 413 2048
412  412 414 2048
413  413 415 2048
414  414 416 2048
415  415 1543 802816
416  416 1537 802816
417  417 1542 802816
418  418 421 802816
419  419 421 802816
420  420 422 802816
421  421 1524 802816
422  422 1516 802816
423  423 429 802816
424  424 426 802816
425  425 427 401408
426  426 428 401408
427  427 430 2048
428  428 432 802816
429  429 431 2048
430  430 432 802816
431  431 443 802816
432  432 434 802816
433  433 435 802816
434  434 436 401408
435  435 437 401408
436  436 438 2048
437  437 439 2048
438  438 440 2048
439  439 441 2048
440  440 442 2048
441  441 1456 802816
442  442 1450 802816
443  443 1455 802816
444  444 447 802816
445  445 447 802816
446  446 448 802816
447  447 1433 802816
448  448 450 802816
449  449 1430 802816
450  450 452 1048576
451  451 457 802816
452  452 454 802816
453  453 455 401408
454  454 456 401408
455  455 458 2048
456  456 460 802816
457  457 459 2048
458  458 460 802816
459  459 471 802816
460  460 462 802816
461  461 463 802816
462  462 464 401408
463  463 465 401408
464  464 466 2048
465  465 467 2048
466  466 468 2048
467  467 469 2048
468  468 470 2048
469  469 1418 802816
470  470 1412 802816
471  471 1417 802816
472  472 475 802816
473  473 475 802816
474  474 476 802816
475  475 1399 802816
476  476 1391 802816
477  477 483 802816
478  478 480 802816
479  479 481 401408
480  480 482 401408
481  481 484 2048
482  482 486 802816
483  483 485 2048
484  484 486 802816
485  485 497 802816
486  486 488 802816
487  487 489 802816
488  488 490 401408
489  489 491 401408
490  490 492 2048
491  491 493 2048
492  492 494 2048
493  493 495 2048
494  494 496 2048
495  495 1331 802816
496  496 1325 802816
497  497 1330 802816
498  498 501 802816
499  499 501 802816
500  500 502 802816
501  501 1308 802816
502  502 504 802816
503  503 1305 802816
504  504 506 1048576
505  505 511 802816
506  506 508 802816
507  507 509 401408
508  508 510 401408
509  509 512 2048
510  510 514 802816
511  511 513 2048
512  512 514 802816
513  513 525 802816
514  514 516 802816
515  515 517 802816
516  516 518 401408
517  517 519 401408
518  518 520 2048
519  519 521 2048
520  520 522 2048
521  521 523 2048
522  522 524 2048
523  523 1293 802816
524  524 1287 802816
525  525 1292 802816
526  526 529 802816
527  527 529 802816
528  528 530 802816
529  529 1274 802816
530  530 1266 802816
531  531 537 802816
532  532 534 802816
533  533 535 401408
534  534 536 401408
535  535 538 2048
536  536 540 802816
537  537 539 2048
538  538 540 802816
539  539 551 802816
540  540 542 802816
541  541 543 802816
542  542 544 401408
543  543 545 401408
544  544 546 2048
545  545 547 2048
546  546 548 2048
547  547 549 2048
548  548 550 2048
549  549 1206 802816
550  550 1200 802816
551  551 1205 802816
552  552 555 802816
553  553 555 802816
554  554 556 802816
555  555 1183 802816
556  556 558 802816
557  557 1180 802816
558  558 560 1048576
559  559 565 802816
560  560 562 802816
561  561 563 401408
562  562 564 401408
563  563 566 2048
564  564 568 802816
565  565 567 2048
566  566 568 802816
567  567 579 802816
568  568 570 802816
569  569 571 802816
570  570 572 401408
571  571 573 401408
572  572 574 2048
573  573 575 2048
574  574 576 2048
575  575 577 2048
576  576 578 2048
577  577 1168 802816
578  578 1162 802816
579  579 1167 802816
580  580 583 802816
581  581 583 802816
582  582 584 802816
583  583 1149 802816
584  584 1141 802816
585  585 591 802816
586  586 588 802816
587  587 589 401408
588  588 590 401408
589  589 592 2048
590  590 594 802816
591  591 593 2048
592  592 594 802816
593  593 605 802816
594  594 596 802816
595  595 597 802816
596  596 598 401408
597  597 599 401408
598  598 600 2048
599  599 601 2048
600  600 602 2048
601  601 603 2048
602  602 604 2048
603  603 1081 802816
604  604 1075 802816
605  605 1080 802816
606  606 609 802816
607  607 609 802816
608  608 610 802816
609  609 1058 802816
610  610 612 802816
611  611 1055 802816
612  612 614 1048576
613  613 619 802816
614  614 616 802816
615  615 617 401408
616  616 618 401408
617  617 620 2048
618  618 622 802816
619  619 621 2048
620  620 622 802816
621  621 633 802816
622  622 624 802816
623  623 625 802816
624  624 626 401408
625  625 627 401408
626  626 628 2048
627  627 629 2048
628  628 630 2048
629  629 631 2048
630  630 632 2048
631  631 1042 802816
632  632 1036 802816
633  633 1041 802816
634  634 637 802816
635  635 637 802816
636  636 638 802816
637  637 1023 802816
638  638 1015 802816
639  639 645 200704
640  640 642 200704
641  641 643 100352
642  642 644 100352
643  643 646 2048
644  644 648 200704
645  645 647 2048
646  646 648 200704
647  647 659 200704
648  648 650 200704
649  649 651 200704
650  650 652 100352
651  651 653 100352
652  652 654 2048
653  653 655 2048
654  654 656 2048
655  655 657 2048
656  656 658 2048
657  657 954 200704
658  658 948 200704
659  659 953 200704
660  660 663 200704
661  661 663 200704
662  662 664 200704
663  663 931 200704
664  664 666 200704
665  665 928 200704
666  666 668 2097152
667  667 673 401408
668  668 670 401408
669  669 671 200704
670  670 672 200704
671  671 674 4096
672  672 676 401408
673  673 675 4096
674  674 676 401408
675  675 687 401408
676  676 678 401408
677  677 679 401408
678  678 680 200704
679  679 681 200704
680  680 682 4096
681  681 683 4096
682  682 684 4096
683  683 685 4096
684  684 686 4096
685  685 916 401408
686  686 910 401408
687  687 915 401408
688  688 691 401408
689  689 691 401408
690  690 692 401408
691  691 897 401408
692  692 889 401408
693  693 699 401408
694  694 696 401408
695  695 697 200704
696  696 698 200704
697  697 700 4096
698  698 702 401408
699  699 701 4096
700  700 702 401408
701  701 713 401408
702  702 704 401408
703  703 705 401408
704  704 706 200704
705  705 707 200704
706  706 708 4096
707  707 709 4096
708  708 710 4096
709  709 711 4096
710  710 712 4096
711  711 829 401408
712  712 823 401408
713  713 828 401408
714  714 717 401408
715  715 717 401408
716  716 718 401408
717  717 806 401408
718  718 720 401408
719  719 803 401408
720  720 722 4194304
721  721 727 401408
722  722 724 401408
723  723 725 200704
724  724 726 200704
725  725 728 4096
726  726 730 401408
727  727 729 4096
728  728 730 401408
729  729 741 401408
730  730 732 401408
731  731 733 401408
732  732 734 200704
733  733 735 200704
734  734 736 4096
735  735 737 4096
736  736 738 4096
737  737 739 4096
738  738 740 4096
739  739 790 401408
740  740 784 401408
741  741 789 401408
742  742 745 401408
743  743 745 401408
744  744 746 401408
745  745 768 401408
746  746 748 401408
747  747 749 8192
748  748 750 8192
749  749 765 8192
750  750 753 8064
751  751 753 8064
752  752 754 8064
753  753 762 8064
754  754 761 8064
755  755 757 8064
756  756 758 8064
757  757 759 64
758  758 760 64
759  759 761 8064
760  760 762 8064
761  761 772 8064
762  762 764 8064
763  763 2438 4032
764  764 2519 4100096
765  765 767 401408
766  766 771 401408
767  767 769 401408
768  768 770 401408
769  769 771 401408
770  770 777 401408
771  771 773 8192
772  772 774 8192
773  773 775 19668992
774  774 776 401408
775  775 777 401408
776  776 778 401408
777  777 783 401408
778  778 780 401408
779  779 781 200704
780  780 782 200704
781  781 2439 4096
782  782 789 401408
783  783 785 401408
784  784 786 401408
785  785 787 200704
786  786 788 200704
787  787 2440 4096
788  788 790 401408
789  789 801 401408
790  790 792 401408
791  791 793 401408
792  792 794 200704
793  793 795 200704
794  794 796 4096
795  795 797 4096
796  796 799 4096
797  797 925 401408
798  798 800 401408
799  799 801 401408
800  800 811 401408
801  801 803 401408
802  802 2441 4194304
803  803 805 401408
804  804 809 401408
805  805 807 401408
806  806 808 401408
807  807 809 401408
808  808 816 401408
809  809 812 4194304
810  810 812 401408
811  811 813 401408
812  812 814 401408
813  813 815 401408
814  814 816 401408
815  815 817 401408
816  816 822 401408
817  817 819 401408
818  818 820 200704
819  819 821 200704
820  820 2442 4096
821  821 828 401408
822  822 824 401408
823  823 825 401408
824  824 826 200704
825  825 827 200704
826  826 2443 4096
827  827 829 401408
828  828 839 401408
829  829 831 401408
830  830 832 401408
831  831 833 200704
832  832 834 200704
833  833 835 4096
834  834 836 4096
835  835 837 4096
836  836 838 401408
837  837 839 401408
838  838 901 401408
839  839 842 401408
840  840 890 401408
841  841 843 401408
842  842 844 401408
843  843 845 8192
844  844 846 8192
845  845 2444 4096
846  846 848 401408
847  847 849 401408
848  848 850 401408
849  849 851 8192
850  850 852 8192
851  851 2444 4096
852  852 854 401408
853  853 855 401408
854  854 856 401408
855  855 857 8192
856  856 858 8192
857  857 2444 4096
858  858 860 401408
859  859 861 401408
860  860 862 401408
861  861 863 8192
862  862 864 8192
863  863 2444 4096
864  864 866 401408
865  865 867 401408
866  866 868 401408
867  867 869 8192
868  868 870 8192
869  869 2444 4096
870  870 872 401408
871  871 873 401408
872  872 874 401408
873  873 875 8192
874  874 876 8192
875  875 2444 4096
876  876 878 401408
877  877 879 401408
878  878 880 401408
879  879 881 8192
880  880 882 8192
881  881 2444 4096
882  882 884 401408
883  883 885 401408
884  884 886 401408
885  885 887 8192
886  886 888 8192
887  887 2444 4096
888  888 890 401408
889  889 891 401408
890  890 892 401408
891  891 893 8192
892  892 894 8192
893  893 2444 4096
894  894 896 401408
895  895 900 401408
896  896 898 401408
897  897 899 401408
898  898 900 401408
899  899 903 401408
900  900 902 401408
901  901 903 401408
902  902 904 401408
903  903 909 401408
904  904 906 401408
905  905 907 200704
906  906 908 200704
907  907 2445 4096
908  908 915 401408
909  909 911 401408
910  910 912 401408
911  911 913 200704
912  912 914 200704
913  913 2446 4096
914  914 916 401408
915  915 926 401408
916  916 918 401408
917  917 919 401408
918  918 920 200704
919  919 921 200704
920  920 922 4096
921  921 923 4096
922  922 924 4096
923  923 925 401408
924  924 926 401408
925  925 936 401408
926  926 928 401408
927  927 2447 2097152
928  928 930 200704
929  929 934 200704
930  930 932 200704
931  931 933 200704
932  932 934 200704
933  933 941 200704
934  934 937 2097152
935  935 937 401408
936  936 938 200704
937  937 939 200704
938  938 940 200704
939  939 941 200704
940  940 942 200704
941  941 947 200704
942  942 944 200704
943  943 945 100352
944  944 946 100352
945  945 2448 2048
946  946 953 200704
947  947 949 200704
948  948 950 200704
949  949 951 100352
950  950 952 100352
951  951 2449 2048
952  952 954 200704
953  953 965 200704
954  954 956 200704
955  955 957 200704
956  956 958 100352
957  957 959 100352
958  958 960 2048
959  959 961 2048
960  960 963 2048
961  961 964 200704
962  962 964 200704
963  963 965 200704
964  964 1027 200704
965  965 968 200704
966  966 1016 200704
967  967 969 200704
968  968 970 200704
969  969 971 4096
970  970 972 4096
971  971 2450 2048
972  972 974 200704
973  973 975 200704
974  974 976 200704
975  975 977 4096
976  976 978 4096
977  977 2450 2048
978  978 980 200704
979  979 981 200704
980  980 982 200704
981  981 983 4096
982  982 984 4096
983  983 2450 2048
984  984 986 200704
985  985 987 200704
986  986 988 200704
987  987 989 4096
988  988 990 4096
989  989 2450 2048
990  990 992 200704
991  991 993 200704
992  992 994 200704
993  993 995 4096
994  994 996 4096
995  995 2450 2048
996  996 998 200704
997  997 999 200704
998  998 1000 200704
999  999 1001 4096
1000  1000 1002 4096
1001  1001 2450 2048
1002  1002 1004 200704
1003  1003 1005 200704
1004  1004 1006 200704
1005  1005 1007 4096
1006  1006 1008 4096
1007  1007 2450 2048
1008  1008 1010 200704
1009  1009 1011 200704
1010  1010 1012 200704
1011  1011 1013 4096
1012  1012 1014 4096
1013  1013 2450 2048
1014  1014 1016 200704
1015  1015 1017 200704
1016  1016 1018 200704
1017  1017 1019 4096
1018  1018 1020 4096
1019  1019 2450 2048
1020  1020 1022 802816
1021  1021 1026 802816
1022  1022 1024 802816
1023  1023 1025 802816
1024  1024 1026 802816
1025  1025 1029 802816
1026  1026 1028 200704
1027  1027 1029 802816
1028  1028 1030 802816
1029  1029 1035 802816
1030  1030 1032 802816
1031  1031 1033 401408
1032  1032 1034 401408
1033  1033 2451 2048
1034  1034 1041 802816
1035  1035 1037 802816
1036  1036 1038 802816
1037  1037 1039 401408
1038  1038 1040 401408
1039  1039 2452 2048
1040  1040 1042 802816
1041  1041 1053 802816
1042  1042 1044 802816
1043  1043 1045 802816
1044  1044 1046 401408
1045  1045 1047 401408
1046  1046 1048 2048
1047  1047 1049 2048
1048  1048 1051 2048
1049  1049 1677 802816
1050  1050 1052 802816
1051  1051 1053 802816
1052  1052 1063 802816
1053  1053 1055 802816
1054  1054 2453 1048576
1055  1055 1057 802816
1056  1056 1061 802816
1057  1057 1059 802816
1058  1058 1060 802816
1059  1059 1061 802816
1060  1060 1068 802816
1061  1061 1064 1048576
1062  1062 1064 802816
1063  1063 1065 802816
1064  1064 1066 802816
1065  1065 1067 802816
1066  1066 1068 802816
1067  1067 1069 802816
1068  1068 1074 802816
1069  1069 1071 802816
1070  1070 1072 401408
1071  1071 1073 401408
1072  1072 2454 2048
1073  1073 1080 802816
1074  1074 1076 802816
1075  1075 1077 802816
1076  1076 1078 401408
1077  1077 1079 401408
1078  1078 2455 2048
1079  1079 1081 802816
1080  1080 1091 802816
1081  1081 1083 802816
1082  1082 1084 802816
1083  1083 1085 401408
1084  1084 1086 401408
1085  1085 1087 2048
1086  1086 1088 2048
1087  1087 1089 2048
1088  1088 1090 802816
1089  1089 1091 802816
1090  1090 1153 802816
1091  1091 1094 802816
1092  1092 1142 802816
1093  1093 1095 802816
1094  1094 1096 802816
1095  1095 1097 4096
1096  1096 1098 4096
1097  1097 2456 2048
1098  1098 1100 802816
1099  1099 1101 802816
1100  1100 1102 802816
1101  1101 1103 4096
1102  1102 1104 4096
1103  1103 2456 2048
1104  1104 1106 802816
1105  1105 1107 802816
1106  1106 1108 802816
1107  1107 1109 4096
1108  1108 1110 4096
1109  1109 2456 2048
1110  1110 1112 802816
1111  1111 1113 802816
1112  1112 1114 802816
1113  1113 1115 4096
1114  1114 1116 4096
1115  1115 2456 2048
1116  1116 1118 802816
1117  1117 1119 802816
1118  1118 1120 802816
1119  1119 1121 4096
1120  1120 1122 4096
1121  1121 2456 2048
1122  1122 1124 802816
1123  1123 1125 802816
1124  1124 1126 802816
1125  1125 1127 4096
1126  1126 1128 4096
1127  1127 2456 2048
1128  1128 1130 802816
1129  1129 1131 802816
1130  1130 1132 802816
1131  1131 1133 4096
1132  1132 1134 4096
1133  1133 2456 2048
1134  1134 1136 802816
1135  1135 1137 802816
1136  1136 1138 802816
1137  1137 1139 4096
1138  1138 1140 4096
1139  1139 2456 2048
1140  1140 1142 802816
1141  1141 1143 802816
1142  1142 1144 802816
1143  1143 1145 4096
1144  1144 1146 4096
1145  1145 2456 2048
1146  1146 1148 802816
1147  1147 1152 802816
1148  1148 1150 802816
1149  1149 1151 802816
1150  1150 1152 802816
1151  1151 1155 802816
1152  1152 1154 802816
1153  1153 1155 802816
1154  1154 1156 802816
1155  1155 1161 802816
1156  1156 1158 802816
1157  1157 1159 401408
1158  1158 1160 401408
1159  1159 2457 2048
1160  1160 1167 802816
1161  1161 1163 802816
1162  1162 1164 802816
1163  1163 1165 401408
1164  1164 1166 401408
1165  1165 2458 2048
1166  1166 1168 802816
1167  1167 1178 802816
1168  1168 1170 802816
1169  1169 1171 802816
1170  1170 1172 401408
1171  1171 1173 401408
1172  1172 1174 2048
1173  1173 1175 2048
1174  1174 1176 2048
1175  1175 1177 802816
1176  1176 1178 802816
1177  1177 1188 802816
1178  1178 1180 802816
1179  1179 2459 1048576
1180  1180 1182 802816
1181  1181 1186 802816
1182  1182 1184 802816
1183  1183 1185 802816
1184  1184 1186 802816
1185  1185 1193 802816
1186  1186 1189 1048576
1187  1187 1189 802816
1188  1188 1190 802816
1189  1189 1191 802816
1190  1190 1192 802816
1191  1191 1193 802816
1192  1192 1194 802816
1193  1193 1199 802816
1194  1194 1196 802816
1195  1195 1197 401408
1196  1196 1198 401408
1197  1197 2460 2048
1198  1198 1205 802816
1199  1199 1201 802816
1200  1200 1202 802816
1201  1201 1203 401408
1202  1202 1204 401408
1203  1203 2461 2048
1204  1204 1206 802816
1205  1205 1216 802816
1206  1206 1208 802816
1207  1207 1209 802816
1208  1208 1210 401408
1209  1209 1211 401408
1210  1210 1212 2048
1211  1211 1213 2048
1212  1212 1214 2048
1213  1213 1215 802816
1214  1214 1216 802816
1215  1215 1278 802816
1216  1216 1219 802816
1217  1217 1267 802816
1218  1218 1220 802816
1219  1219 1221 802816
1220  1220 1222 4096
1221  1221 1223 4096
1222  1222 2462 2048
1223  1223 1225 802816
1224  1224 1226 802816
1225  1225 1227 802816
1226  1226 1228 4096
1227  1227 1229 4096
1228  1228 2462 2048
1229  1229 1231 802816
1230  1230 1232 802816
1231  1231 1233 802816
1232  1232 1234 4096
1233  1233 1235 4096
1234  1234 2462 2048
1235  1235 1237 802816
1236  1236 1238 802816
1237  1237 1239 802816
1238  1238 1240 4096
1239  1239 1241 4096
1240  1240 2462 2048
1241  1241 1243 802816
1242  1242 1244 802816
1243  1243 1245 802816
1244  1244 1246 4096
1245  1245 1247 4096
1246  1246 2462 2048
1247  1247 1249 802816
1248  1248 1250 802816
1249  1249 1251 802816
1250  1250 1252 4096
1251  1251 1253 4096
1252  1252 2462 2048
1253  1253 1255 802816
1254  1254 1256 802816
1255  1255 1257 802816
1256  1256 1258 4096
1257  1257 1259 4096
1258  1258 2462 2048
1259  1259 1261 802816
1260  1260 1262 802816
1261  1261 1263 802816
1262  1262 1264 4096
1263  1263 1265 4096
1264  1264 2462 2048
1265  1265 1267 802816
1266  1266 1268 802816
1267  1267 1269 802816
1268  1268 1270 4096
1269  1269 1271 4096
1270  1270 2462 2048
1271  1271 1273 802816
1272  1272 1277 802816
1273  1273 1275 802816
1274  1274 1276 802816
1275  1275 1277 802816
1276  1276 1280 802816
1277  1277 1279 802816
1278  1278 1280 802816
1279  1279 1281 802816
1280  1280 1286 802816
1281  1281 1283 802816
1282  1282 1284 401408
1283  1283 1285 401408
1284  1284 2463 2048
1285  1285 1292 802816
1286  1286 1288 802816
1287  1287 1289 802816
1288  1288 1290 401408
1289  1289 1291 401408
1290  1290 2464 2048
1291  1291 1293 802816
1292  1292 1303 802816
1293  1293 1295 802816
1294  1294 1296 802816
1295  1295 1297 401408
1296  1296 1298 401408
1297  1297 1299 2048
1298  1298 1300 2048
1299  1299 1301 2048
1300  1300 1302 802816
1301  1301 1303 802816
1302  1302 1313 802816
1303  1303 1305 802816
1304  1304 2465 1048576
1305  1305 1307 802816
1306  1306 1311 802816
1307  1307 1309 802816
1308  1308 1310 802816
1309  1309 1311 802816
1310  1310 1318 802816
1311  1311 1314 1048576
1312  1312 1314 802816
1313  1313 1315 802816
1314  1314 1316 802816
1315  1315 1317 802816
1316  1316 1318 802816
1317  1317 1319 802816
1318  1318 1324 802816
1319  1319 1321 802816
1320  1320 1322 401408
1321  1321 1323 401408
1322  1322 2466 2048
1323  1323 1330 802816
1324  1324 1326 802816
1325  1325 1327 802816
1326  1326 1328 401408
1327  1327 1329 401408
1328  1328 2467 2048
1329  1329 1331 802816
1330  1330 1341 802816
1331  1331 1333 802816
1332  1332 1334 802816
1333  1333 1335 401408
1334  1334 1336 401408
1335  1335 1337 2048
1336  1336 1338 2048
1337  1337 1339 2048
1338  1338 1340 802816
1339  1339 1341 802816
1340  1340 1403 802816
1341  1341 1344 802816
1342  1342 1392 802816
1343  1343 1345 802816
1344  1344 1346 802816
1345  1345 1347 4096
1346  1346 1348 4096
1347  1347 2468 2048
1348  1348 1350 802816
1349  1349 1351 802816
1350  1350 1352 802816
1351  1351 1353 4096
1352  1352 1354 4096
1353  1353 2468 2048
1354  1354 1356 802816
1355  1355 1357 802816
1356  1356 1358 802816
1357  1357 1359 4096
1358  1358 1360 4096
1359  1359 2468 2048
1360  1360 1362 802816
1361  1361 1363 802816
1362  1362 1364 802816
1363  1363 1365 4096
1364  1364 1366 4096
1365  1365 2468 2048
1366  1366 1368 802816
1367  1367 1369 802816
1368  1368 1370 802816
1369  1369 1371 4096
1370  1370 1372 4096
1371  1371 2468 2048
1372  1372 1374 802816
1373  1373 1375 802816
1374  1374 1376 802816
1375  1375 1377 4096
1376  1376 1378 4096
1377  1377 2468 2048
1378  1378 1380 802816
1379  1379 1381 802816
1380  1380 1382 802816
1381  1381 1383 4096
1382  1382 1384 4096
1383  1383 2468 2048
1384  1384 1386 802816
1385  1385 1387 802816
1386  1386 1388 802816
1387  1387 1389 4096
1388  1388 1390 4096
1389  1389 2468 2048
1390  1390 1392 802816
1391  1391 1393 802816
1392  1392 1394 802816
1393  1393 1395 4096
1394  1394 1396 4096
1395  1395 2468 2048
1396  1396 1398 802816
1397  1397 1402 802816
1398  1398 1400 802816
1399  1399 1401 802816
1400  1400 1402 802816
1401  1401 1405 802816
1402  1402 1404 802816
1403  1403 1405 802816
1404  1404 1406 802816
1405  1405 1411 802816
1406  1406 1408 802816
1407  1407 1409 401408
1408  1408 1410 401408
1409  1409 2469 2048
1410  1410 1417 802816
1411  1411 1413 802816
1412  1412 1414 802816
1413  1413 1415 401408
1414  1414 1416 401408
1415  1415 2470 2048
1416  1416 1418 802816
1417  1417 1428 802816
1418  1418 1420 802816
1419  1419 1421 802816
1420  1420 1422 401408
1421  1421 1423 401408
1422  1422 1424 2048
1423  1423 1425 2048
1424  1424 1426 2048
1425  1425 1427 802816
1426  1426 1428 802816
1427  1427 1438 802816
1428  1428 1430 802816
1429  1429 2471 1048576
1430  1430 1432 802816
1431  1431 1436 802816
1432  1432 1434 802816
1433  1433 1435 802816
1434  1434 1436 802816
1435  1435 1443 802816
1436  1436 1439 1048576
1437  1437 1439 802816
1438  1438 1440 802816
1439  1439 1441 802816
1440  1440 1442 802816
1441  1441 1443 802816
1442  1442 1444 802816
1443  1443 1449 802816
1444  1444 1446 802816
1445  1445 1447 401408
1446  1446 1448 401408
1447  1447 2472 2048
1448  1448 1455 802816
1449  1449 1451 802816
1450  1450 1452 802816
1451  1451 1453 401408
1452  1452 1454 401408
1453  1453 2473 2048
1454  1454 1456 802816
1455  1455 1466 802816
1456  1456 1458 802816
1457  1457 1459 802816
1458  1458 1460 401408
1459  1459 1461 401408
1460  1460 1462 2048
1461  1461 1463 2048
1462  1462 1464 2048
1463  1463 1465 802816
1464  1464 1466 802816
1465  1465 1528 802816
1466  1466 1469 802816
1467  1467 1517 802816
1468  1468 1470 802816
1469  1469 1471 802816
1470  1470 1472 4096
1471  1471 1473 4096
1472  1472 2474 2048
1473  1473 1475 802816
1474  1474 1476 802816
1475  1475 1477 802816
1476  1476 1478 4096
1477  1477 1479 4096
1478  1478 2474 2048
1479  1479 1481 802816
1480  1480 1482 802816
1481  1481 1483 802816
1482  1482 1484 4096
1483  1483 1485 4096
1484  1484 2474 2048
1485  1485 1487 802816
1486  1486 1488 802816
1487  1487 1489 802816
1488  1488 1490 4096
1489  1489 1491 4096
1490  1490 2474 2048
1491  1491 1493 802816
1492  1492 1494 802816
1493  1493 1495 802816
1494  1494 1496 4096
1495  1495 1497 4096
1496  1496 2474 2048
1497  1497 1499 802816
1498  1498 1500 802816
1499  1499 1501 802816
1500  1500 1502 4096
1501  1501 1503 4096
1502  1502 2474 2048
1503  1503 1505 802816
1504  1504 1506 802816
1505  1505 1507 802816
1506  1506 1508 4096
1507  1507 1509 4096
1508  1508 2474 2048
1509  1509 1511 802816
1510  1510 1512 802816
1511  1511 1513 802816
1512  1512 1514 4096
1513  1513 1515 4096
1514  1514 2474 2048
1515  1515 1517 802816
1516  1516 1518 802816
1517  1517 1519 802816
1518  1518 1520 4096
1519  1519 1521 4096
1520  1520 2474 2048
1521  1521 1523 802816
1522  1522 1527 802816
1523  1523 1525 802816
1524  1524 1526 802816
1525  1525 1527 802816
1526  1526 1530 802816
1527  1527 1529 802816
1528  1528 1530 802816
1529  1529 1531 802816
1530  1530 1536 802816
1531  1531 1533 802816
1532  1532 1534 401408
1533  1533 1535 401408
1534  1534 2475 2048
1535  1535 1542 802816
1536  1536 1538 802816
1537  1537 1539 802816
1538  1538 1540 401408
1539  1539 1541 401408
1540  1540 2476 2048
1541  1541 1543 802816
1542  1542 1553 802816
1543  1543 1545 802816
1544  1544 1546 802816
1545  1545 1547 401408
1546  1546 1548 401408
1547  1547 1549 2048
1548  1548 1550 2048
1549  1549 1551 2048
1550  1550 1552 802816
1551  1551 1553 802816
1552  1552 1563 802816
1553  1553 1555 802816
1554  1554 2477 1048576
1555  1555 1557 802816
1556  1556 1561 802816
1557  1557 1559 802816
1558  1558 1560 802816
1559  1559 1561 802816
1560  1560 1568 802816
1561  1561 1564 1048576
1562  1562 1564 802816
1563  1563 1565 802816
1564  1564 1566 802816
1565  1565 1567 802816
1566  1566 1568 802816
1567  1567 1569 802816
1568  1568 1574 802816
1569  1569 1571 802816
1570  1570 1572 401408
1571  1571 1573 401408
1572  1572 2478 2048
1573  1573 1580 802816
1574  1574 1576 802816
1575  1575 1577 802816
1576  1576 1578 401408
1577  1577 1579 401408
1578  1578 2479 2048
1579  1579 1581 802816
1580  1580 1591 802816
1581  1581 1583 802816
1582  1582 1584 802816
1583  1583 1585 401408
1584  1584 1586 401408
1585  1585 1587 2048
1586  1586 1588 2048
1587  1587 1589 2048
1588  1588 1590 802816
1589  1589 1591 802816
1590  1590 1653 802816
1591  1591 1594 802816
1592  1592 1642 802816
1593  1593 1595 802816
1594  1594 1596 802816
1595  1595 1597 4096
1596  1596 1598 4096
1597  1597 2480 2048
1598  1598 1600 802816
1599  1599 1601 802816
1600  1600 1602 802816
1601  1601 1603 4096
1602  1602 1604 4096
1603  1603 2480 2048
1604  1604 1606 802816
1605  1605 1607 802816
1606  1606 1608 802816
1607  1607 1609 4096
1608  1608 1610 4096
1609  1609 2480 2048
1610  1610 1612 802816
1611  1611 1613 802816
1612  1612 1614 802816
1613  1613 1615 4096
1614  1614 1616 4096
1615  1615 2480 2048
1616  1616 1618 802816
1617  1617 1619 802816
1618  1618 1620 802816
1619  1619 1621 4096
1620  1620 1622 4096
1621  1621 2480 2048
1622  1622 1624 802816
1623  1623 1625 802816
1624  1624 1626 802816
1625  1625 1627 4096
1626  1626 1628 4096
1627  1627 2480 2048
1628  1628 1630 802816
1629  1629 1631 802816
1630  1630 1632 802816
1631  1631 1633 4096
1632  1632 1634 4096
1633  1633 2480 2048
1634  1634 1636 802816
1635  1635 1637 802816
1636  1636 1638 802816
1637  1637 1639 4096
1638  1638 1640 4096
1639  1639 2480 2048
1640  1640 1642 802816
1641  1641 1643 802816
1642  1642 1644 802816
1643  1643 1645 4096
1644  1644 1646 4096
1645  1645 2480 2048
1646  1646 1648 802816
1647  1647 1652 802816
1648  1648 1650 802816
1649  1649 1651 802816
1650  1650 1652 802816
1651  1651 1655 802816
1652  1652 1654 802816
1653  1653 1655 802816
1654  1654 1656 802816
1655  1655 1661 802816
1656  1656 1658 802816
1657  1657 1659 401408
1658  1658 1660 401408
1659  1659 2481 2048
1660  1660 1667 802816
1661  1661 1663 802816
1662  1662 1664 802816
1663  1663 1665 401408
1664  1664 1666 401408
1665  1665 2482 2048
1666  1666 1668 802816
1667  1667 1678 802816
1668  1668 1670 802816
1669  1669 1671 802816
1670  1670 1672 401408
1671  1671 1673 401408
1672  1672 1674 2048
1673  1673 1675 2048
1674  1674 1676 2048
1675  1675 1677 802816
1676  1676 1678 802816
1677  1677 1688 802816
1678  1678 1680 802816
1679  1679 2483 524288
1680  1680 1682 401408
1681  1681 1686 401408
1682  1682 1684 401408
1683  1683 1685 401408
1684  1684 1686 401408
1685  1685 1693 401408
1686  1686 1689 524288
1687  1687 1689 802816
1688  1688 1690 401408
1689  1689 1691 401408
1690  1690 1692 401408
1691  1691 1693 401408
1692  1692 1694 401408
1693  1693 1699 401408
1694  1694 1696 401408
1695  1695 1697 200704
1696  1696 1698 200704
1697  1697 2484 1024
1698  1698 1705 401408
1699  1699 1701 401408
1700  1700 1702 401408
1701  1701 1703 200704
1702  1702 1704 200704
1703  1703 2485 1024
1704  1704 1706 401408
1705  1705 1717 401408
1706  1706 1708 401408
1707  1707 1709 401408
1708  1708 1710 200704
1709  1709 1711 200704
1710  1710 1712 1024
1711  1711 1713 1024
1712  1712 1715 1024
1713  1713 1716 401408
1714  1714 1716 401408
1715  1715 1717 401408
1716  1716 1779 401408
1717  1717 1720 401408
1718  1718 1768 401408
1719  1719 1721 401408
1720  1720 1722 401408
1721  1721 1723 2048
1722  1722 1724 2048
1723  1723 2486 1024
1724  1724 1726 401408
1725  1725 1727 401408
1726  1726 1728 401408
1727  1727 1729 2048
1728  1728 1730 2048
1729  1729 2486 1024
1730  1730 1732 401408
1731  1731 1733 401408
1732  1732 1734 401408
1733  1733 1735 2048
1734  1734 1736 2048
1735  1735 2486 1024
1736  1736 1738 401408
1737  1737 1739 401408
1738  1738 1740 401408
1739  1739 1741 2048
1740  1740 1742 2048
1741  1741 2486 1024
1742  1742 1744 401408
1743  1743 1745 401408
1744  1744 1746 401408
1745  1745 1747 2048
1746  1746 1748 2048
1747  1747 2486 1024
1748  1748 1750 401408
1749  1749 1751 401408
1750  1750 1752 401408
1751  1751 1753 2048
1752  1752 1754 2048
1753  1753 2486 1024
1754  1754 1756 401408
1755  1755 1757 401408
1756  1756 1758 401408
1757  1757 1759 2048
1758  1758 1760 2048
1759  1759 2486 1024
1760  1760 1762 401408
1761  1761 1763 401408
1762  1762 1764 401408
1763  1763 1765 2048
1764  1764 1766 2048
1765  1765 2486 1024
1766  1766 1768 401408
1767  1767 1769 401408
1768  1768 1770 401408
1769  1769 1771 2048
1770  1770 1772 2048
1771  1771 2486 1024
1772  1772 1774 1605632
1773  1773 1778 1605632
1774  1774 1776 1605632
1775  1775 1777 1605632
1776  1776 1778 1605632
1777  1777 1781 1605632
1778  1778 1780 401408
1779  1779 1781 1605632
1780  1780 1782 1605632
1781  1781 1787 1605632
1782  1782 1784 1605632
1783  1783 1785 802816
1784  1784 1786 802816
1785  1785 2487 1024
1786  1786 1793 1605632
1787  1787 1789 1605632
1788  1788 1790 1605632
1789  1789 1791 802816
1790  1790 1792 802816
1791  1791 2488 1024
1792  1792 1794 1605632
1793  1793 1805 1605632
1794  1794 1796 1605632
1795  1795 1797 1605632
1796  1796 1798 802816
1797  1797 1799 802816
1798  1798 1800 1024
1799  1799 1801 1024
1800  1800 1803 1024
1801  1801 1929 1605632
1802  1802 1804 1605632
1803  1803 1805 1605632
1804  1804 1815 1605632
1805  1805 1807 1605632
1806  1806 2489 262144
1807  1807 1809 1605632
1808  1808 1813 1605632
1809  1809 1811 1605632
1810  1810 1812 1605632
1811  1811 1813 1605632
1812  1812 1820 1605632
1813  1813 1816 262144
1814  1814 1816 1605632
1815  1815 1817 1605632
1816  1816 1818 1605632
1817  1817 1819 1605632
1818  1818 1820 1605632
1819  1819 1821 1605632
1820  1820 1826 1605632
1821  1821 1823 1605632
1822  1822 1824 802816
1823  1823 1825 802816
1824  1824 2490 1024
1825  1825 1832 1605632
1826  1826 1828 1605632
1827  1827 1829 1605632
1828  1828 1830 802816
1829  1829 1831 802816
1830  1830 2491 1024
1831  1831 1833 1605632
1832  1832 1843 1605632
1833  1833 1835 1605632
1834  1834 1836 1605632
1835  1835 1837 802816
1836  1836 1838 802816
1837  1837 1839 1024
1838  1838 1840 1024
1839  1839 1841 1024
1840  1840 1842 1605632
1841  1841 1843 1605632
1842  1842 1905 1605632
1843  1843 1846 1605632
1844  1844 1894 1605632
1845  1845 1847 1605632
1846  1846 1848 1605632
1847  1847 1849 2048
1848  1848 1850 2048
1849  1849 2492 1024
1850  1850 1852 1605632
1851  1851 1853 1605632
1852  1852 1854 1605632
1853  1853 1855 2048
1854  1854 1856 2048
1855  1855 2492 1024
1856  1856 1858 1605632
1857  1857 1859 1605632
1858  1858 1860 1605632
1859  1859 1861 2048
1860  1860 1862 2048
1861  1861 2492 1024
1862  1862 1864 1605632
1863  1863 1865 1605632
1864  1864 1866 1605632
1865  1865 1867 2048
1866  1866 1868 2048
1867  1867 2492 1024
1868  1868 1870 1605632
1869  1869 1871 1605632
1870  1870 1872 1605632
1871  1871 1873 2048
1872  1872 1874 2048
1873  1873 2492 1024
1874  1874 1876 1605632
1875  1875 1877 1605632
1876  1876 1878 1605632
1877  1877 1879 2048
1878  1878 1880 2048
1879  1879 2492 1024
1880  1880 1882 1605632
1881  1881 1883 1605632
1882  1882 1884 1605632
1883  1883 1885 2048
1884  1884 1886 2048
1885  1885 2492 1024
1886  1886 1888 1605632
1887  1887 1889 1605632
1888  1888 1890 1605632
1889  1889 1891 2048
1890  1890 1892 2048
1891  1891 2492 1024
1892  1892 1894 1605632
1893  1893 1895 1605632
1894  1894 1896 1605632
1895  1895 1897 2048
1896  1896 1898 2048
1897  1897 2492 1024
1898  1898 1900 1605632
1899  1899 1904 1605632
1900  1900 1902 1605632
1901  1901 1903 1605632
1902  1902 1904 1605632
1903  1903 1907 1605632
1904  1904 1906 1605632
1905  1905 1907 1605632
1906  1906 1908 1605632
1907  1907 1913 1605632
1908  1908 1910 1605632
1909  1909 1911 802816
1910  1910 1912 802816
1911  1911 2493 1024
1912  1912 1919 1605632
1913  1913 1915 1605632
1914  1914 1916 1605632
1915  1915 1917 802816
1916  1916 1918 802816
1917  1917 2494 1024
1918  1918 1920 1605632
1919  1919 1930 1605632
1920  1920 1922 1605632
1921  1921 1923 1605632
1922  1922 1924 802816
1923  1923 1925 802816
1924  1924 1926 1024
1925  1925 1927 1024
1926  1926 1928 1024
1927  1927 1929 1605632
1928  1928 1930 1605632
1929  1929 1940 1605632
1930  1930 1932 1605632
1931  1931 2495 131072
1932  1932 1934 802816
1933  1933 1938 802816
1934  1934 1936 802816
1935  1935 1937 802816
1936  1936 1938 802816
1937  1937 1945 802816
1938  1938 1941 131072
1939  1939 1941 1605632
1940  1940 1942 802816
1941  1941 1943 802816
1942  1942 1944 802816
1943  1943 1945 802816
1944  1944 1946 802816
1945  1945 1951 802816
1946  1946 1948 802816
1947  1947 1949 401408
1948  1948 1950 401408
1949  1949 2496 512
1950  1950 1957 802816
1951  1951 1953 802816
1952  1952 1954 802816
1953  1953 1955 401408
1954  1954 1956 401408
1955  1955 2497 512
1956  1956 1958 802816
1957  1957 1969 802816
1958  1958 1960 802816
1959  1959 1961 802816
1960  1960 1962 401408
1961  1961 1963 401408
1962  1962 1964 512
1963  1963 1965 512
1964  1964 1967 512
1965  1965 1968 802816
1966  1966 1968 802816
1967  1967 1969 802816
1968  1968 2031 802816
1969  1969 1972 802816
1970  1970 2020 802816
1971  1971 1973 802816
1972  1972 1974 802816
1973  1973 1975 1024
1974  1974 1976 1024
1975  1975 2498 512
1976  1976 1978 802816
1977  1977 1979 802816
1978  1978 1980 802816
1979  1979 1981 1024
1980  1980 1982 1024
1981  1981 2498 512
1982  1982 1984 802816
1983  1983 1985 802816
1984  1984 1986 802816
1985  1985 1987 1024
1986  1986 1988 1024
1987  1987 2498 512
1988  1988 1990 802816
1989  1989 1991 802816
1990  1990 1992 802816
1991  1991 1993 1024
1992  1992 1994 1024
1993  1993 2498 512
1994  1994 1996 802816
1995  1995 1997 802816
1996  1996 1998 802816
1997  1997 1999 1024
1998  1998 2000 1024
1999  1999 2498 512
2000  2000 2002 802816
2001  2001 2003 802816
2002  2002 2004 802816
2003  2003 2005 1024
2004  2004 2006 1024
2005  2005 2498 512
2006  2006 2008 802816
2007  2007 2009 802816
2008  2008 2010 802816
2009  2009 2011 1024
2010  2010 2012 1024
2011  2011 2498 512
2012  2012 2014 802816
2013  2013 2015 802816
2014  2014 2016 802816
2015  2015 2017 1024
2016  2016 2018 1024
2017  2017 2498 512
2018  2018 2020 802816
2019  2019 2021 802816
2020  2020 2022 802816
2021  2021 2023 1024
2022  2022 2024 1024
2023  2023 2498 512
2024  2024 2026 3211264
2025  2025 2030 3211264
2026  2026 2028 3211264
2027  2027 2029 3211264
2028  2028 2030 3211264
2029  2029 2033 3211264
2030  2030 2032 802816
2031  2031 2033 3211264
2032  2032 2034 3211264
2033  2033 2039 3211264
2034  2034 2036 3211264
2035  2035 2037 1605632
2036  2036 2038 1605632
2037  2037 2499 512
2038  2038 2045 3211264
2039  2039 2041 3211264
2040  2040 2042 3211264
2041  2041 2043 1605632
2042  2042 2044 1605632
2043  2043 2500 512
2044  2044 2046 3211264
2045  2045 2057 3211264
2046  2046 2048 3211264
2047  2047 2049 3211264
2048  2048 2050 1605632
2049  2049 2051 1605632
2050  2050 2052 512
2051  2051 2053 512
2052  2052 2055 512
2053  2053 2181 3211264
2054  2054 2056 3211264
2055  2055 2057 3211264
2056  2056 2067 3211264
2057  2057 2059 3211264
2058  2058 2501 65536
2059  2059 2061 3211264
2060  2060 2065 3211264
2061  2061 2063 3211264
2062  2062 2064 3211264
2063  2063 2065 3211264
2064  2064 2072 3211264
2065  2065 2068 65536
2066  2066 2068 3211264
2067  2067 2069 3211264
2068  2068 2070 3211264
2069  2069 2071 3211264
2070  2070 2072 3211264
2071  2071 2073 3211264
2072  2072 2078 3211264
2073  2073 2075 3211264
2074  2074 2076 1605632
2075  2075 2077 1605632
2076  2076 2502 512
2077  2077 2084 3211264
2078  2078 2080 3211264
2079  2079 2081 3211264
2080  2080 2082 1605632
2081  2081 2083 1605632
2082  2082 2503 512
2083  2083 2085 3211264
2084  2084 2095 3211264
2085  2085 2087 3211264
2086  2086 2088 3211264
2087  2087 2089 1605632
2088  2088 2090 1605632
2089  2089 2091 512
2090  2090 2092 512
2091  2091 2093 512
2092  2092 2094 3211264
2093  2093 2095 3211264
2094  2094 2157 3211264
2095  2095 2098 3211264
2096  2096 2146 3211264
2097  2097 2099 3211264
2098  2098 2100 3211264
2099  2099 2101 1024
2100  2100 2102 1024
2101  2101 2504 512
2102  2102 2104 3211264
2103  2103 2105 3211264
2104  2104 2106 3211264
2105  2105 2107 1024
2106  2106 2108 1024
2107  2107 2504 512
2108  2108 2110 3211264
2109  2109 2111 3211264
2110  2110 2112 3211264
2111  2111 2113 1024
2112  2112 2114 1024
2113  2113 2504 512
2114  2114 2116 3211264
2115  2115 2117 3211264
2116  2116 2118 3211264
2117  2117 2119 1024
2118  2118 2120 1024
2119  2119 2504 512
2120  2120 2122 3211264
2121  2121 2123 3211264
2122  2122 2124 3211264
2123  2123 2125 1024
2124  2124 2126 1024
2125  2125 2504 512
2126  2126 2128 3211264
2127  2127 2129 3211264
2128  2128 2130 3211264
2129  2129 2131 1024
2130  2130 2132 1024
2131  2131 2504 512
2132  2132 2134 3211264
2133  2133 2135 3211264
2134  2134 2136 3211264
2135  2135 2137 1024
2136  2136 2138 1024
2137  2137 2504 512
2138  2138 2140 3211264
2139  2139 2141 3211264
2140  2140 2142 3211264
2141  2141 2143 1024
2142  2142 2144 1024
2143  2143 2504 512
2144  2144 2146 3211264
2145  2145 2147 3211264
2146  2146 2148 3211264
2147  2147 2149 1024
2148  2148 2150 1024
2149  2149 2504 512
2150  2150 2152 3211264
2151  2151 2156 3211264
2152  2152 2154 3211264
2153  2153 2155 3211264
2154  2154 2156 3211264
2155  2155 2159 3211264
2156  2156 2158 3211264
2157  2157 2159 3211264
2158  2158 2160 3211264
2159  2159 2165 3211264
2160  2160 2162 3211264
2161  2161 2163 1605632
2162  2162 2164 1605632
2163  2163 2505 512
2164  2164 2171 3211264
2165  2165 2167 3211264
2166  2166 2168 3211264
2167  2167 2169 1605632
2168  2168 2170 1605632
2169  2169 2506 512
2170  2170 2172 3211264
2171  2171 2182 3211264
2172  2172 2174 3211264
2173  2173 2175 3211264
2174  2174 2176 1605632
2175  2175 2177 1605632
2176  2176 2178 512
2177  2177 2179 512
2178  2178 2180 512
2179  2179 2181 3211264
2180  2180 2182 3211264
2181  2181 2192 3211264
2182  2182 2184 3211264
2183  2183 2507 32768
2184  2184 2186 1605632
2185  2185 2190 1605632
2186  2186 2188 1605632
2187  2187 2189 1605632
2188  2188 2190 1605632
2189  2189 2197 1605632
2190  2190 2193 32768
2191  2191 2193 3211264
2192  2192 2194 1605632
2193  2193 2195 1605632
2194  2194 2196 1605632
2195  2195 2197 1605632
2196  2196 2198 1605632
2197  2197 2203 1605632
2198  2198 2200 1605632
2199  2199 2201 802816
2200  2200 2202 802816
2201  2201 2508 256
2202  2202 2209 1605632
2203  2203 2205 1605632
2204  2204 2206 1605632
2205  2205 2207 802816
2206  2206 2208 802816
2207  2207 2509 256
2208  2208 2210 1605632
2209  2209 2221 1605632
2210  2210 2212 1605632
2211  2211 2213 1605632
2212  2212 2214 802816
2213  2213 2215 802816
2214  2214 2216 256
2215  2215 2217 256
2216  2216 2219 256
2217  2217 2220 1605632
2218  2218 2220 1605632
2219  2219 2221 1605632
2220  2220 2283 1605632
2221  2221 2224 1605632
2222  2222 2272 1605632
2223  2223 2225 1605632
2224  2224 2226 1605632
2225  2225 2227 512
2226  2226 2228 512
2227  2227 2510 256
2228  2228 2230 1605632
2229  2229 2231 1605632
2230  2230 2232 1605632
2231  2231 2233 512
2232  2232 2234 512
2233  2233 2510 256
2234  2234 2236 1605632
2235  2235 2237 1605632
2236  2236 2238 1605632
2237  2237 2239 512
2238  2238 2240 512
2239  2239 2510 256
2240  2240 2242 1605632
2241  2241 2243 1605632
2242  2242 2244 1605632
2243  2243 2245 512
2244  2244 2246 512
2245  2245 2510 256
2246  2246 2248 1605632
2247  2247 2249 1605632
2248  2248 2250 1605632
2249  2249 2251 512
2250  2250 2252 512
2251  2251 2510 256
2252  2252 2254 1605632
2253  2253 2255 1605632
2254  2254 2256 1605632
2255  2255 2257 512
2256  2256 2258 512
2257  2257 2510 256
2258  2258 2260 1605632
2259  2259 2261 1605632
2260  2260 2262 1605632
2261  2261 2263 512
2262  2262 2264 512
2263  2263 2510 256
2264  2264 2266 1605632
2265  2265 2267 1605632
2266  2266 2268 1605632
2267  2267 2269 512
2268  2268 2270 512
2269  2269 2510 256
2270  2270 2272 1605632
2271  2271 2273 1605632
2272  2272 2274 1605632
2273  2273 2275 512
2274  2274 2276 512
2275  2275 2510 256
2276  2276 2278 6422528
2277  2277 2282 6422528
2278  2278 2280 6422528
2279  2279 2281 6422528
2280  2280 2282 6422528
2281  2281 2285 6422528
2282  2282 2284 1605632
2283  2283 2285 6422528
2284  2284 2286 6422528
2285  2285 2291 6422528
2286  2286 2288 6422528
2287  2287 2289 3211264
2288  2288 2290 3211264
2289  2289 2511 256
2290  2290 2297 6422528
2291  2291 2293 6422528
2292  2292 2294 6422528
2293  2293 2295 3211264
2294  2294 2296 3211264
2295  2295 2512 256
2296  2296 2298 6422528
2297  2297 2309 6422528
2298  2298 2300 6422528
2299  2299 2301 6422528
2300  2300 2302 3211264
2301  2301 2303 3211264
2302  2302 2304 256
2303  2303 2305 256
2304  2304 2307 256
2305  2305 2308 6422528
2306  2306 2308 6422528
2307  2307 2309 6422528
2308  2308 2319 6422528
2309  2309 2311 6422528
2310  2310 2513 8192
2311  2311 2313 3211264
2312  2312 2317 3211264
2313  2313 2315 3211264
2314  2314 2316 3211264
2315  2315 2317 3211264
2316  2316 2324 3211264
2317  2317 2320 8192
2318  2318 2320 6422528
2319  2319 2321 3211264
2320  2320 2322 3211264
2321  2321 2323 3211264
2322  2322 2324 3211264
2323  2323 2325 3211264
2324  2324 2330 3211264
2325  2325 2327 3211264
2326  2326 2328 1605632
2327  2327 2329 1605632
2328  2328 2514 128
2329  2329 2336 3211264
2330  2330 2332 3211264
2331  2331 2333 3211264
2332  2332 2334 1605632
2333  2333 2335 1605632
2334  2334 2515 128
2335  2335 2337 3211264
2336  2336 2348 3211264
2337  2337 2339 3211264
2338  2338 2340 3211264
2339  2339 2341 1605632
2340  2340 2342 1605632
2341  2341 2343 128
2342  2342 2344 128
2343  2343 2346 128
2344  2344 2434 3211264
2345  2345 2347 3211264
2346  2346 2348 3211264
2347  2347 2410 3211264
2348  2348 2351 3211264
2349  2349 2399 3211264
2350  2350 2352 3211264
2351  2351 2353 3211264
2352  2352 2354 256
2353  2353 2355 256
2354  2354 2516 128
2355  2355 2357 3211264
2356  2356 2358 3211264
2357  2357 2359 3211264
2358  2358 2360 256
2359  2359 2361 256
2360  2360 2516 128
2361  2361 2363 3211264
2362  2362 2364 3211264
2363  2363 2365 3211264
2364  2364 2366 256
2365  2365 2367 256
2366  2366 2516 128
2367  2367 2369 3211264
2368  2368 2370 3211264
2369  2369 2371 3211264
2370  2370 2372 256
2371  2371 2373 256
2372  2372 2516 128
2373  2373 2375 3211264
2374  2374 2376 3211264
2375  2375 2377 3211264
2376  2376 2378 256
2377  2377 2379 256
2378  2378 2516 128
2379  2379 2381 3211264
2380  2380 2382 3211264
2381  2381 2383 3211264
2382  2382 2384 256
2383  2383 2385 256
2384  2384 2516 128
2385  2385 2387 3211264
2386  2386 2388 3211264
2387  2387 2389 3211264
2388  2388 2390 256
2389  2389 2391 256
2390  2390 2516 128
2391  2391 2393 3211264
2392  2392 2394 3211264
2393  2393 2395 3211264
2394  2394 2396 256
2395  2395 2397 256
2396  2396 2516 128
2397  2397 2399 3211264
2398  2398 2400 3211264
2399  2399 2401 3211264
2400  2400 2402 256
2401  2401 2403 256
2402  2402 2516 128
2403  2403 2405 3211264
2404  2404 2409 3211264
2405  2405 2407 3211264
2406  2406 2408 3211264
2407  2407 2409 3211264
2408  2408 2412 3211264
2409  2409 2411 3211264
2410  2410 2412 3211264
2411  2411 2413 3211264
2412  2412 2418 3211264
2413  2413 2415 3211264
2414  2414 2416 1605632
2415  2415 2417 1605632
2416  2416 2517 128
2417  2417 2424 3211264
2418  2418 2420 3211264
2419  2419 2421 3211264
2420  2420 2422 1605632
2421  2421 2423 1605632
2422  2422 2518 128
2423  2423 2425 3211264
2424  2424 2435 3211264
2425  2425 2427 3211264
2426  2426 2428 3211264
2427  2427 2429 1605632
2428  2428 2430 1605632
2429  2429 2431 128
2430  2430 2432 128
2431  2431 2433 128
2432  2432 2434 3211264
2433  2433 2435 3211264
2434  2434 2436 3211264
2435  2435 2437 3211264
2436  2436 2519 3456
2437  2437 2519 4032
2438  2438 2519 4096
2439  2439 2519 4096
2440  2440 2519 4194304
2441  2441 2519 4096
2442  2442 2519 4096
2443  2443 2519 36864
2444  2444 2519 4096
2445  2445 2519 4096
2446  2446 2519 2097152
2447  2447 2519 2048
2448  2448 2519 2048
2449  2449 2519 18432
2450  2450 2519 2048
2451  2451 2519 2048
2452  2452 2519 1048576
2453  2453 2519 2048
2454  2454 2519 2048
2455  2455 2519 18432
2456  2456 2519 2048
2457  2457 2519 2048
2458  2458 2519 1048576
2459  2459 2519 2048
2460  2460 2519 2048
2461  2461 2519 18432
2462  2462 2519 2048
2463  2463 2519 2048
2464  2464 2519 1048576
2465  2465 2519 2048
2466  2466 2519 2048
2467  2467 2519 18432
2468  2468 2519 2048
2469  2469 2519 2048
2470  2470 2519 1048576
2471  2471 2519 2048
2472  2472 2519 2048
2473  2473 2519 18432
2474  2474 2519 2048
2475  2475 2519 2048
2476  2476 2519 1048576
2477  2477 2519 2048
2478  2478 2519 2048
2479  2479 2519 18432
2480  2480 2519 2048
2481  2481 2519 2048
2482  2482 2519 524288
2483  2483 2519 1024
2484  2484 2519 1024
2485  2485 2519 9216
2486  2486 2519 1024
2487  2487 2519 1024
2488  2488 2519 262144
2489  2489 2519 1024
2490  2490 2519 1024
2491  2491 2519 9216
2492  2492 2519 1024
2493  2493 2519 1024
2494  2494 2519 131072
2495  2495 2519 512
2496  2496 2519 512
2497  2497 2519 4608
2498  2498 2519 512
2499  2499 2519 512
2500  2500 2519 65536
2501  2501 2519 512
2502  2502 2519 512
2503  2503 2519 4608
2504  2504 2519 512
2505  2505 2519 512
2506  2506 2519 32768
2507  2507 2519 256
2508  2508 2519 256
2509  2509 2519 2304
2510  2510 2519 256
2511  2511 2519 256
2512  2512 2519 8192
2513  2513 2519 128
2514  2514 2519 128
2515  2515 2519 1152
2516  2516 2519 128
2517  2517 2519 128
2518  2518 2519 3456
