17:0  17 18 4214784
19:0  19 20 3456
19:1  19 20 9834496
19:2  19 20 11239424
19:3  19 20 2624
45:0  45 46 1152
45:1  45 46 128
46:0  46 47 11239424
71:0  71 72 11239424
73:0  73 74 8192
73:1  73 74 11239424
73:2  73 74 22478848
73:3  73 74 3072
99:0  99 100 2304
99:1  99 100 256
100:0  100 101 5619712
125:0  125 126 5619712
127:0  127 128 32768
127:1  127 128 5619712
127:2  127 128 11239424
127:3  127 128 6144
153:0  153 154 4608
153:1  153 154 512
154:0  154 155 11239424
179:0  179 180 11239424
181:0  181 182 65536
181:1  181 182 11239424
181:2  181 182 11239424
181:3  181 182 12288
207:0  207 208 4608
207:1  207 208 512
208:0  208 209 2809856
233:0  233 234 2809856
235:0  235 236 131072
235:1  235 236 2809856
235:2  235 236 5619712
235:3  235 236 1400832
235:4  235 236 32768
235:11  235 236 6144
235:12  235 236 12288
261:0  261 262 9216
261:1  261 262 1024
262:0  262 263 5619712
287:0  287 288 5619712
289:0  289 290 262144
289:1  289 290 5619712
289:2  289 290 5619712
289:3  289 290 1400832
289:4  289 290 65536
289:11  289 290 12288
289:12  289 290 24576
315:0  315 316 9216
315:1  315 316 1024
316:0  316 317 1404928
341:0  341 342 1404928
343:0  343 344 524288
343:1  343 344 1404928
343:2  343 344 2809856
343:3  343 344 700416
343:4  343 344 131072
343:11  343 344 12288
343:12  343 344 24576
369:0  369 370 18432
369:1  369 370 2048
370:0  370 371 2809856
395:0  395 396 2809856
397:0  397 398 1048576
397:1  397 398 2809856
397:2  397 398 2809856
397:3  397 398 700416
397:4  397 398 262144
397:65  397 398 172032
397:66  397 398 65536
397:73  397 398 12288
397:74  397 398 24576
397:75  397 398 49152
423:0  423 424 18432
423:1  423 424 2048
424:0  424 425 2809856
449:0  449 450 2809856
451:0  451 452 1048576
451:1  451 452 2809856
451:2  451 452 2809856
451:3  451 452 700416
451:4  451 452 262144
451:65  451 452 172032
451:66  451 452 65536
451:73  451 452 12288
451:74  451 452 24576
451:75  451 452 49152
477:0  477 478 18432
477:1  477 478 2048
478:0  478 479 2809856
503:0  503 504 2809856
505:0  505 506 1048576
505:1  505 506 2809856
505:2  505 506 2809856
505:3  505 506 700416
505:4  505 506 262144
505:65  505 506 172032
505:66  505 506 65536
505:73  505 506 12288
505:74  505 506 24576
505:75  505 506 49152
531:0  531 532 18432
531:1  531 532 2048
532:0  532 533 2809856
557:0  557 558 2809856
559:0  559 560 1048576
559:1  559 560 2809856
559:2  559 560 2809856
559:3  559 560 700416
559:4  559 560 262144
559:65  559 560 172032
559:66  559 560 65536
559:73  559 560 12288
559:74  559 560 24576
559:75  559 560 49152
585:0  585 586 18432
585:1  585 586 2048
586:0  586 587 2809856
611:0  611 612 2809856
613:0  613 614 1048576
613:1  613 614 2809856
613:2  613 614 2809856
613:3  613 614 700416
613:4  613 614 262144
613:65  613 614 172032
613:66  613 614 65536
613:73  613 614 12288
613:74  613 614 24576
613:75  613 614 49152
639:0  639 640 18432
639:1  639 640 2048
640:0  640 641 702464
665:0  665 666 702464
667:0  667 668 2097152
667:1  667 668 702464
667:2  667 668 1404928
667:3  667 668 344064
667:4  667 668 524288
667:59  667 668 86016
667:60  667 668 131072
667:67  667 668 12288
667:68  667 668 49152
693:0  693 694 36864
693:1  693 694 4096
694:0  694 695 1404928
719:0  719 720 1404928
721:0  721 722 4194304
721:1  721 722 1404928
721:2  721 722 1404928
721:3  721 722 344064
721:4  721 722 1048576
721:59  721 722 86016
721:60  721 722 262144
721:67  721 722 24576
721:68  721 722 98304
750:0  750 751 4112384
750:1  750 751 28672
750:2  750 751 28160
750:3  750 751 98304
764:0  764 765 28672
764:1  764 765 32064
764:2  764 765 4100096
764:3  764 765 704
771:0  771 772 4100096
771:1  771 772 28160
771:2  771 772 28672
771:3  771 772 96128
778:0  778 779 1404928
802:0  802 803 1404928
802:1  802 803 1409024
802:2  802 803 4194304
802:3  802 803 32960
811:0  811 812 1409024
811:1  811 812 4194304
811:2  811 812 1409024
811:3  811 812 1032192
811:4  811 812 352256
811:65  811 812 258048
811:66  811 812 86016
811:73  811 812 24576
811:74  811 812 49152
811:75  811 812 98304
814:0  814 815 1404928
817:0  817 818 1404928
839:0  839 840 1404928
846:0  846 847 1404928
852:0  852 853 1404928
858:0  858 859 1404928
870:0  870 871 1404928
876:0  876 877 1404928
882:0  882 883 1404928
888:0  888 889 1404928
901:0  901 902 36864
901:1  901 902 4096
904:0  904 905 1404928
927:0  927 928 1404928
927:1  927 928 704512
927:2  927 928 2097152
927:3  927 928 32960
936:0  936 937 1409024
936:1  936 937 2097152
936:2  936 937 704512
936:3  936 937 516096
936:4  936 937 352256
936:71  936 937 122880
936:72  936 937 86016
936:79  936 937 24576
936:81  936 937 49152
936:82  936 937 98304
939:0  939 940 702464
942:0  942 943 702464
965:0  965 966 2809856
972:0  972 973 2809856
978:0  978 979 2809856
984:0  984 985 2809856
990:0  990 991 2809856
996:0  996 997 2809856
1002:0  1002 1003 2809856
1008:0  1008 1009 2809856
1014:0  1014 1015 2809856
1027:0  1027 1028 18432
1027:1  1027 1028 2048
1030:0  1030 1031 2809856
1054:0  1054 1055 2809856
1054:1  1054 1055 2809856
1054:2  1054 1055 1048576
1054:3  1054 1055 131712
1063:0  1063 1064 2809856
1063:1  1063 1064 1048576
1063:2  1063 1064 2809856
1063:3  1063 1064 689472
1063:4  1063 1064 700416
1063:71  1063 1064 163200
1063:72  1063 1064 174080
1063:79  1063 1064 12288
1063:81  1063 1064 24576
1063:83  1063 1064 49152
1066:0  1066 1067 2809856
1069:0  1069 1070 2809856
1091:0  1091 1092 2809856
1098:0  1098 1099 2809856
1104:0  1104 1105 2809856
1110:0  1110 1111 2809856
1122:0  1122 1123 2809856
1128:0  1128 1129 2809856
1134:0  1134 1135 2809856
1140:0  1140 1141 2809856
1153:0  1153 1154 18432
1153:1  1153 1154 2048
1156:0  1156 1157 2809856
1179:0  1179 1180 2809856
1179:1  1179 1180 2809856
1179:2  1179 1180 1048576
1179:3  1179 1180 131712
1188:0  1188 1189 2809856
1188:1  1188 1189 1048576
1188:2  1188 1189 2809856
1188:3  1188 1189 689472
1188:4  1188 1189 700416
1188:71  1188 1189 163200
1188:72  1188 1189 174080
1188:79  1188 1189 12288
1188:81  1188 1189 24576
1188:83  1188 1189 49152
1191:0  1191 1192 2809856
1194:0  1194 1195 2809856
1216:0  1216 1217 2809856
1223:0  1223 1224 2809856
1229:0  1229 1230 2809856
1235:0  1235 1236 2809856
1247:0  1247 1248 2809856
1253:0  1253 1254 2809856
1259:0  1259 1260 2809856
1265:0  1265 1266 2809856
1278:0  1278 1279 18432
1278:1  1278 1279 2048
1281:0  1281 1282 2809856
1304:0  1304 1305 2809856
1304:1  1304 1305 2809856
1304:2  1304 1305 1048576
1304:3  1304 1305 131712
1313:0  1313 1314 2809856
1313:1  1313 1314 1048576
1313:2  1313 1314 2809856
1313:3  1313 1314 689472
1313:4  1313 1314 700416
1313:71  1313 1314 163200
1313:72  1313 1314 174080
1313:79  1313 1314 12288
1313:81  1313 1314 24576
1313:83  1313 1314 49152
1316:0  1316 1317 2809856
1319:0  1319 1320 2809856
1341:0  1341 1342 2809856
1348:0  1348 1349 2809856
1354:0  1354 1355 2809856
1360:0  1360 1361 2809856
1372:0  1372 1373 2809856
1378:0  1378 1379 2809856
1384:0  1384 1385 2809856
1390:0  1390 1391 2809856
1403:0  1403 1404 18432
1403:1  1403 1404 2048
1406:0  1406 1407 2809856
1429:0  1429 1430 2809856
1429:1  1429 1430 2809856
1429:2  1429 1430 1048576
1429:3  1429 1430 131712
1438:0  1438 1439 2809856
1438:1  1438 1439 1048576
1438:2  1438 1439 2809856
1438:3  1438 1439 689472
1438:4  1438 1439 700416
1438:71  1438 1439 163200
1438:72  1438 1439 174080
1438:79  1438 1439 12288
1438:81  1438 1439 24576
1438:83  1438 1439 49152
1441:0  1441 1442 2809856
1444:0  1444 1445 2809856
1466:0  1466 1467 2809856
1473:0  1473 1474 2809856
1479:0  1479 1480 2809856
1485:0  1485 1486 2809856
1497:0  1497 1498 2809856
1503:0  1503 1504 2809856
1509:0  1509 1510 2809856
1515:0  1515 1516 2809856
1528:0  1528 1529 18432
1528:1  1528 1529 2048
1531:0  1531 1532 2809856
1554:0  1554 1555 2809856
1554:1  1554 1555 2809856
1554:2  1554 1555 1048576
1554:3  1554 1555 131712
1563:0  1563 1564 2809856
1563:1  1563 1564 1048576
1563:2  1563 1564 2809856
1563:3  1563 1564 689472
1563:4  1563 1564 700416
1563:71  1563 1564 163200
1563:72  1563 1564 174080
1563:79  1563 1564 12288
1563:81  1563 1564 24576
1563:83  1563 1564 49152
1566:0  1566 1567 2809856
1569:0  1569 1570 2809856
1591:0  1591 1592 2809856
1598:0  1598 1599 2809856
1604:0  1604 1605 2809856
1610:0  1610 1611 2809856
1622:0  1622 1623 2809856
1628:0  1628 1629 2809856
1634:0  1634 1635 2809856
1640:0  1640 1641 2809856
1653:0  1653 1654 18432
1653:1  1653 1654 2048
1656:0  1656 1657 2809856
1679:0  1679 1680 2809856
1679:1  1679 1680 1404928
1679:2  1679 1680 524288
1679:3  1679 1680 131712
1688:0  1688 1689 2809856
1688:1  1688 1689 524288
1688:2  1688 1689 1404928
1688:3  1688 1689 328320
1688:4  1688 1689 700416
1688:11  1688 1689 24576
1688:13  1688 1689 49152
1691:0  1691 1692 1404928
1694:0  1694 1695 1404928
1717:0  1717 1718 5619712
1724:0  1724 1725 5619712
1730:0  1730 1731 5619712
1736:0  1736 1737 5619712
1742:0  1742 1743 5619712
1748:0  1748 1749 5619712
1754:0  1754 1755 5619712
1760:0  1760 1761 5619712
1766:0  1766 1767 5619712
1779:0  1779 1780 9216
1779:1  1779 1780 1024
1782:0  1782 1783 5619712
1806:0  1806 1807 5619712
1806:1  1806 1807 5619712
1806:2  1806 1807 262144
1806:3  1806 1807 1317120
1806:4  1806 1807 1404928
1806:11  1806 1807 263424
1806:12  1806 1807 526848
1815:0  1815 1816 5619712
1815:1  1815 1816 262144
1815:2  1815 1816 5619712
1815:3  1815 1816 1317120
1815:4  1815 1816 1404928
1815:11  1815 1816 12288
1815:12  1815 1816 24576
1818:0  1818 1819 5619712
1821:0  1821 1822 5619712
1843:0  1843 1844 5619712
1850:0  1850 1851 5619712
1856:0  1856 1857 5619712
1862:0  1862 1863 5619712
1874:0  1874 1875 5619712
1880:0  1880 1881 5619712
1886:0  1886 1887 5619712
1892:0  1892 1893 5619712
1905:0  1905 1906 9216
1905:1  1905 1906 1024
1908:0  1908 1909 5619712
1931:0  1931 1932 5619712
1931:1  1931 1932 2809856
1931:2  1931 1932 131072
1931:3  1931 1932 658560
1931:4  1931 1932 1404928
1931:11  1931 1932 263424
1931:12  1931 1932 526848
1940:0  1940 1941 5619712
1940:1  1940 1941 131072
1940:2  1940 1941 2809856
1940:3  1940 1941 24576
1943:0  1943 1944 2809856
1946:0  1946 1947 2809856
1969:0  1969 1970 11239424
1976:0  1976 1977 11239424
1982:0  1982 1983 11239424
1988:0  1988 1989 11239424
1994:0  1994 1995 11239424
2000:0  2000 2001 11239424
2006:0  2006 2007 11239424
2012:0  2012 2013 11239424
2018:0  2018 2019 11239424
2031:0  2031 2032 4608
2031:1  2031 2032 512
2034:0  2034 2035 11239424
2058:0  2058 2059 11239424
2058:1  2058 2059 11239424
2058:2  2058 2059 65536
2058:3  2058 2059 2634240
2058:4  2058 2059 2809856
2058:11  2058 2059 1053696
2058:12  2058 2059 2107392
2067:0  2067 2068 11239424
2067:1  2067 2068 65536
2067:2  2067 2068 11239424
2067:3  2067 2068 12288
2070:0  2070 2071 11239424
2073:0  2073 2074 11239424
2095:0  2095 2096 11239424
2102:0  2102 2103 11239424
2108:0  2108 2109 11239424
2114:0  2114 2115 11239424
2126:0  2126 2127 11239424
2132:0  2132 2133 11239424
2138:0  2138 2139 11239424
2144:0  2144 2145 11239424
2157:0  2157 2158 4608
2157:1  2157 2158 512
2160:0  2160 2161 11239424
2183:0  2183 2184 11239424
2183:1  2183 2184 5619712
2183:2  2183 2184 32768
2183:3  2183 2184 2107392
2192:0  2192 2193 11239424
2192:1  2192 2193 32768
2192:2  2192 2193 5619712
2192:3  2192 2193 12288
2195:0  2195 2196 5619712
2198:0  2198 2199 5619712
2221:0  2221 2222 22478848
2228:0  2228 2229 22478848
2234:0  2234 2235 22478848
2240:0  2240 2241 22478848
2246:0  2246 2247 22478848
2252:0  2252 2253 22478848
2258:0  2258 2259 22478848
2264:0  2264 2265 22478848
2270:0  2270 2271 22478848
2283:0  2283 2284 2304
2283:1  2283 2284 256
2286:0  2286 2287 22478848
2310:0  2310 2311 22478848
2310:1  2310 2311 11239424
2310:2  2310 2311 8192
2310:3  2310 2311 8429568
2319:0  2319 2320 22478848
2319:1  2319 2320 8192
2319:2  2319 2320 11239424
2319:3  2319 2320 6144
2322:0  2322 2323 11239424
2325:0  2325 2326 11239424
2348:0  2348 2349 11239424
2355:0  2355 2356 11239424
2361:0  2361 2362 11239424
2367:0  2367 2368 11239424
2379:0  2379 2380 11239424
2385:0  2385 2386 11239424
2391:0  2391 2392 11239424
2397:0  2397 2398 11239424
2410:0  2410 2411 1152
2410:1  2410 2411 128
2413:0  2413 2414 11239424
2436:0  2436 2437 11239424
2436:1  2436 2437 9483264
2436:2  2436 2437 3456
2436:3  2436 2437 8429568
0  0 2 64
1  1 4 64
2  2 5 64
3  3 5 64
4  4 7 64
5  5 9 28032
6  6 8 64
7  7 9 28032
8  8 15 28032
9  9 11 64
10  10 12 64
11  11 13 64
12  12 14 64
13  13 15 28032
14  14 755 28032
15  15 17 4214784
16  16 18 5619712
17  17 2437 9483264
18  18 20 3456
19  19 25 11239424
20  20 22 11239424
21  21 23 1605632
22  22 24 1605632
23  23 26 128
24  24 28 11239424
25  25 27 128
26  26 28 11239424
27  27 39 11239424
28  28 30 11239424
29  29 31 11239424
30  30 32 1605632
31  31 33 1605632
32  32 34 128
33  33 35 128
34  34 36 128
35  35 37 128
36  36 38 128
37  37 2425 11239424
38  38 2419 11239424
39  39 2424 11239424
40  40 43 11239424
41  41 43 11239424
42  42 44 11239424
43  43 2406 11239424
44  44 2398 11239424
45  45 51 11239424
46  46 48 11239424
47  47 49 1605632
48  48 50 1605632
49  49 52 128
50  50 54 11239424
51  51 53 128
52  52 54 11239424
53  53 65 11239424
54  54 56 11239424
55  55 57 11239424
56  56 58 1605632
57  57 59 1605632
58  58 60 128
59  59 61 128
60  60 62 128
61  61 63 128
62  62 64 128
63  63 2337 11239424
64  64 2331 11239424
65  65 2336 11239424
66  66 69 11239424
67  67 69 11239424
68  68 70 11239424
69  69 2314 11239424
70  70 72 11239424
71  71 2311 11239424
72  72 74 8192
73  73 79 22478848
74  74 76 22478848
75  75 77 3211264
76  76 78 3211264
77  77 80 256
78  78 82 22478848
79  79 81 256
80  80 82 22478848
81  81 93 22478848
82  82 84 22478848
83  83 85 22478848
84  84 86 3211264
85  85 87 3211264
86  86 88 256
87  87 89 256
88  88 90 256
89  89 91 256
90  90 92 256
91  91 2298 22478848
92  92 2292 22478848
93  93 2297 22478848
94  94 97 22478848
95  95 97 22478848
96  96 98 22478848
97  97 2279 22478848
98  98 2271 22478848
99  99 105 5619712
100  100 102 5619712
101  101 103 802816
102  102 104 802816
103  103 106 256
104  104 108 5619712
105  105 107 256
106  106 108 5619712
107  107 119 5619712
108  108 110 5619712
109  109 111 5619712
110  110 112 802816
111  111 113 802816
112  112 114 256
113  113 115 256
114  114 116 256
115  115 117 256
116  116 118 256
117  117 2210 5619712
118  118 2204 5619712
119  119 2209 5619712
120  120 123 5619712
121  121 123 5619712
122  122 124 5619712
123  123 2187 5619712
124  124 126 5619712
125  125 2184 5619712
126  126 128 32768
127  127 133 11239424
128  128 130 11239424
129  129 131 1605632
130  130 132 1605632
131  131 134 512
132  132 136 11239424
133  133 135 512
134  134 136 11239424
135  135 147 11239424
136  136 138 11239424
137  137 139 11239424
138  138 140 1605632
139  139 141 1605632
140  140 142 512
141  141 143 512
142  142 144 512
143  143 145 512
144  144 146 512
145  145 2172 11239424
146  146 2166 11239424
147  147 2171 11239424
148  148 151 11239424
149  149 151 11239424
150  150 152 11239424
151  151 2153 11239424
152  152 2145 11239424
153  153 159 11239424
154  154 156 11239424
155  155 157 1605632
156  156 158 1605632
157  157 160 512
158  158 162 11239424
159  159 161 512
160  160 162 11239424
161  161 173 11239424
162  162 164 11239424
163  163 165 11239424
164  164 166 1605632
165  165 167 1605632
166  166 168 512
167  167 169 512
168  168 170 512
169  169 171 512
170  170 172 512
171  171 2085 11239424
172  172 2079 11239424
173  173 2084 11239424
174  174 177 11239424
175  175 177 11239424
176  176 178 11239424
177  177 2062 11239424
178  178 180 11239424
179  179 2059 11239424
180  180 182 65536
181  181 187 11239424
182  182 184 11239424
183  183 185 1605632
184  184 186 1605632
185  185 188 512
186  186 190 11239424
187  187 189 512
188  188 190 11239424
189  189 201 11239424
190  190 192 11239424
191  191 193 11239424
192  192 194 1605632
193  193 195 1605632
194  194 196 512
195  195 197 512
196  196 198 512
197  197 199 512
198  198 200 512
199  199 2046 11239424
200  200 2040 11239424
201  201 2045 11239424
202  202 205 11239424
203  203 205 11239424
204  204 206 11239424
205  205 2027 11239424
206  206 2019 11239424
207  207 213 2809856
208  208 210 2809856
209  209 211 401408
210  210 212 401408
211  211 214 512
212  212 216 2809856
213  213 215 512
214  214 216 2809856
215  215 227 2809856
216  216 218 2809856
217  217 219 2809856
218  218 220 401408
219  219 221 401408
220  220 222 512
221  221 223 512
222  222 224 512
223  223 225 512
224  224 226 512
225  225 1958 2809856
226  226 1952 2809856
227  227 1957 2809856
228  228 231 2809856
229  229 231 2809856
230  230 232 2809856
231  231 1935 2809856
232  232 234 2809856
233  233 1932 2809856
234  234 236 131072
235  235 241 5619712
236  236 238 5619712
237  237 239 802816
238  238 240 802816
239  239 242 1024
240  240 244 5619712
241  241 243 1024
242  242 244 5619712
243  243 255 5619712
244  244 246 5619712
245  245 247 5619712
246  246 248 802816
247  247 249 802816
248  248 250 1024
249  249 251 1024
250  250 252 1024
251  251 253 1024
252  252 254 1024
253  253 1920 5619712
254  254 1914 5619712
255  255 1919 5619712
256  256 259 5619712
257  257 259 5619712
258  258 260 5619712
259  259 1901 5619712
260  260 1893 5619712
261  261 267 5619712
262  262 264 5619712
263  263 265 802816
264  264 266 802816
265  265 268 1024
266  266 270 5619712
267  267 269 1024
268  268 270 5619712
269  269 281 5619712
270  270 272 5619712
271  271 273 5619712
272  272 274 802816
273  273 275 802816
274  274 276 1024
275  275 277 1024
276  276 278 1024
277  277 279 1024
278  278 280 1024
279  279 1833 5619712
280  280 1827 5619712
281  281 1832 5619712
282  282 285 5619712
283  283 285 5619712
284  284 286 5619712
285  285 1810 5619712
286  286 288 5619712
287  287 1807 5619712
288  288 290 262144
289  289 295 5619712
290  290 292 5619712
291  291 293 802816
292  292 294 802816
293  293 296 1024
294  294 298 5619712
295  295 297 1024
296  296 298 5619712
297  297 309 5619712
298  298 300 5619712
299  299 301 5619712
300  300 302 802816
301  301 303 802816
302  302 304 1024
303  303 305 1024
304  304 306 1024
305  305 307 1024
306  306 308 1024
307  307 1794 5619712
308  308 1788 5619712
309  309 1793 5619712
310  310 313 5619712
311  311 313 5619712
312  312 314 5619712
313  313 1775 5619712
314  314 1767 5619712
315  315 321 1404928
316  316 318 1404928
317  317 319 200704
318  318 320 200704
319  319 322 1024
320  320 324 1404928
321  321 323 1024
322  322 324 1404928
323  323 335 1404928
324  324 326 1404928
325  325 327 1404928
326  326 328 200704
327  327 329 200704
328  328 330 1024
329  329 331 1024
330  330 332 1024
331  331 333 1024
332  332 334 1024
333  333 1706 1404928
334  334 1700 1404928
335  335 1705 1404928
336  336 339 1404928
337  337 339 1404928
338  338 340 1404928
339  339 1683 1404928
340  340 342 1404928
341  341 1680 1404928
342  342 344 524288
343  343 349 2809856
344  344 346 2809856
345  345 347 401408
346  346 348 401408
347  347 350 2048
348  348 352 2809856
349  349 351 2048
350  350 352 2809856
351  351 363 2809856
352  352 354 2809856
353  353 355 2809856
354  354 356 401408
355  355 357 401408
356  356 358 2048
357  357 359 2048
358  358 360 2048
359  359 361 2048
360  360 362 2048
361  361 1668 2809856
362  362 1662 2809856
363  363 1667 2809856
364  364 367 2809856
365  365 367 2809856
366  366 368 2809856
367  367 1649 2809856
368  368 1641 2809856
369  369 375 2809856
370  370 372 2809856
371  371 373 401408
372  372 374 401408
373  373 376 2048
374  374 378 2809856
375  375 377 2048
376  376 378 2809856
377  377 389 2809856
378  378 380 2809856
379  379 381 2809856
380  380 382 401408
381  381 383 401408
382  382 384 2048
383  383 385 2048
384  384 386 2048
385  385 387 2048
386  386 388 2048
387  387 1581 2809856
388  388 1575 2809856
389  389 1580 2809856
390  390 393 2809856
391  391 393 2809856
392  392 394 2809856
393  393 1558 2809856
394  394 396 2809856
395  395 1555 2809856
396  396 398 1048576
397  397 403 2809856
398  398 400 2809856
399  399 401 401408
400  400 402 401408
401  401 404 2048
402  402 406 2809856
403  403 405 2048
404  404 406 2809856
405  405 417 2809856
406  406 408 2809856
407  407 409 2809856
408  408 410 401408
409  409 411 401408
410  410 412 2048
411  411 413 2048
412  412 414 2048
413  413 415 2048
414  414 416 2048
415  415 1543 2809856
416  416 1537 2809856
417  417 1542 2809856
418  418 421 2809856
419  419 421 2809856
420  420 422 2809856
421  421 1524 2809856
422  422 1516 2809856
423  423 429 2809856
424  424 426 2809856
425  425 427 401408
426  426 428 401408
427  427 430 2048
428  428 432 2809856
429  429 431 2048
430  430 432 2809856
431  431 443 2809856
432  432 434 2809856
433  433 435 2809856
434  434 436 401408
435  435 437 401408
436  436 438 2048
437  437 439 2048
438  438 440 2048
439  439 441 2048
440  440 442 2048
441  441 1456 2809856
442  442 1450 2809856
443  443 1455 2809856
444  444 447 2809856
445  445 447 2809856
446  446 448 2809856
447  447 1433 2809856
448  448 450 2809856
449  449 1430 2809856
450  450 452 1048576
451  451 457 2809856
452  452 454 2809856
453  453 455 401408
454  454 456 401408
455  455 458 2048
456  456 460 2809856
457  457 459 2048
458  458 460 2809856
459  459 471 2809856
460  460 462 2809856
461  461 463 2809856
462  462 464 401408
463  463 465 401408
464  464 466 2048
465  465 467 2048
466  466 468 2048
467  467 469 2048
468  468 470 2048
469  469 1418 2809856
470  470 1412 2809856
471  471 1417 2809856
472  472 475 2809856
473  473 475 2809856
474  474 476 2809856
475  475 1399 2809856
476  476 1391 2809856
477  477 483 2809856
478  478 480 2809856
479  479 481 401408
480  480 482 401408
481  481 484 2048
482  482 486 2809856
483  483 485 2048
484  484 486 2809856
485  485 497 2809856
486  486 488 2809856
487  487 489 2809856
488  488 490 401408
489  489 491 401408
490  490 492 2048
491  491 493 2048
492  492 494 2048
493  493 495 2048
494  494 496 2048
495  495 1331 2809856
496  496 1325 2809856
497  497 1330 2809856
498  498 501 2809856
499  499 501 2809856
500  500 502 2809856
501  501 1308 2809856
502  502 504 2809856
503  503 1305 2809856
504  504 506 1048576
505  505 511 2809856
506  506 508 2809856
507  507 509 401408
508  508 510 401408
509  509 512 2048
510  510 514 2809856
511  511 513 2048
512  512 514 2809856
513  513 525 2809856
514  514 516 2809856
515  515 517 2809856
516  516 518 401408
517  517 519 401408
518  518 520 2048
519  519 521 2048
520  520 522 2048
521  521 523 2048
522  522 524 2048
523  523 1293 2809856
524  524 1287 2809856
525  525 1292 2809856
526  526 529 2809856
527  527 529 2809856
528  528 530 2809856
529  529 1274 2809856
530  530 1266 2809856
531  531 537 2809856
532  532 534 2809856
533  533 535 401408
534  534 536 401408
535  535 538 2048
536  536 540 2809856
537  537 539 2048
538  538 540 2809856
539  539 551 2809856
540  540 542 2809856
541  541 543 2809856
542  542 544 401408
543  543 545 401408
544  544 546 2048
545  545 547 2048
546  546 548 2048
547  547 549 2048
548  548 550 2048
549  549 1206 2809856
550  550 1200 2809856
551  551 1205 2809856
552  552 555 2809856
553  553 555 2809856
554  554 556 2809856
555  555 1183 2809856
556  556 558 2809856
557  557 1180 2809856
558  558 560 1048576
559  559 565 2809856
560  560 562 2809856
561  561 563 401408
562  562 564 401408
563  563 566 2048
564  564 568 2809856
565  565 567 2048
566  566 568 2809856
567  567 579 2809856
568  568 570 2809856
569  569 571 2809856
570  570 572 401408
571  571 573 401408
572  572 574 2048
573  573 575 2048
574  574 576 2048
575  575 577 2048
576  576 578 2048
577  577 1168 2809856
578  578 1162 2809856
579  579 1167 2809856
580  580 583 2809856
581  581 583 2809856
582  582 584 2809856
583  583 1149 2809856
584  584 1141 2809856
585  585 591 2809856
586  586 588 2809856
587  587 589 401408
588  588 590 401408
589  589 592 2048
590  590 594 2809856
591  591 593 2048
592  592 594 2809856
593  593 605 2809856
594  594 596 2809856
595  595 597 2809856
596  596 598 401408
597  597 599 401408
598  598 600 2048
599  599 601 2048
600  600 602 2048
601  601 603 2048
602  602 604 2048
603  603 1081 2809856
604  604 1075 2809856
605  605 1080 2809856
606  606 609 2809856
607  607 609 2809856
608  608 610 2809856
609  609 1058 2809856
610  610 612 2809856
611  611 1055 2809856
612  612 614 1048576
613  613 619 2809856
614  614 616 2809856
615  615 617 401408
616  616 618 401408
617  617 620 2048
618  618 622 2809856
619  619 621 2048
620  620 622 2809856
621  621 633 2809856
622  622 624 2809856
623  623 625 2809856
624  624 626 401408
625  625 627 401408
626  626 628 2048
627  627 629 2048
628  628 630 2048
629  629 631 2048
630  630 632 2048
631  631 1042 2809856
632  632 1036 2809856
633  633 1041 2809856
634  634 637 2809856
635  635 637 2809856
636  636 638 2809856
637  637 1023 2809856
638  638 1015 2809856
639  639 645 702464
640  640 642 702464
641  641 643 100352
642  642 644 100352
643  643 646 2048
644  644 648 702464
645  645 647 2048
646  646 648 702464
647  647 659 702464
648  648 650 702464
649  649 651 702464
650  650 652 100352
651  651 653 100352
652  652 654 2048
653  653 655 2048
654  654 656 2048
655  655 657 2048
656  656 658 2048
657  657 954 702464
658  658 948 702464
659  659 953 702464
660  660 663 702464
661  661 663 702464
662  662 664 702464
663  663 931 702464
664  664 666 702464
665  665 928 702464
666  666 668 2097152
667  667 673 1404928
668  668 670 1404928
669  669 671 200704
670  670 672 200704
671  671 674 4096
672  672 676 1404928
673  673 675 4096
674  674 676 1404928
675  675 687 1404928
676  676 678 1404928
677  677 679 1404928
678  678 680 200704
679  679 681 200704
680  680 682 4096
681  681 683 4096
682  682 684 4096
683  683 685 4096
684  684 686 4096
685  685 916 1404928
686  686 910 1404928
687  687 915 1404928
688  688 691 1404928
689  689 691 1404928
690  690 692 1404928
691  691 897 1404928
692  692 889 1404928
693  693 699 1404928
694  694 696 1404928
695  695 697 200704
696  696 698 200704
697  697 700 4096
698  698 702 1404928
699  699 701 4096
700  700 702 1404928
701  701 713 1404928
702  702 704 1404928
703  703 705 1404928
704  704 706 200704
705  705 707 200704
706  706 708 4096
707  707 709 4096
708  708 710 4096
709  709 711 4096
710  710 712 4096
711  711 829 1404928
712  712 823 1404928
713  713 828 1404928
714  714 717 1404928
715  715 717 1404928
716  716 718 1404928
717  717 806 1404928
718  718 720 1404928
719  719 803 1404928
720  720 722 4194304
721  721 727 1404928
722  722 724 1404928
723  723 725 200704
724  724 726 200704
725  725 728 4096
726  726 730 1404928
727  727 729 4096
728  728 730 1404928
729  729 741 1404928
730  730 732 1404928
731  731 733 1404928
732  732 734 200704
733  733 735 200704
734  734 736 4096
735  735 737 4096
736  736 738 4096
737  737 739 4096
738  738 740 4096
739  739 790 1404928
740  740 784 1404928
741  741 789 1404928
742  742 745 1404928
743  743 745 1404928
744  744 746 1404928
745  745 768 1404928
746  746 748 1404928
747  747 749 28672
748  748 750 28672
749  749 765 28672
750  750 753 28032
751  751 753 28032
752  752 754 28032
753  753 762 28032
754  754 761 28032
755  755 757 28032
756  756 758 28032
757  757 759 64
758  758 760 64
759  759 761 28032
760  760 762 28032
761  761 772 28032
762  762 764 28032
763  763 2438 4032
764  764 2519 4100096
765  765 767 1404928
766  766 771 1404928
767  767 769 1404928
768  768 770 1404928
769  769 771 1404928
770  770 777 1404928
771  771 773 28672
772  772 774 28672
773  773 775 68841472
774  774 776 1404928
775  775 777 1404928
776  776 778 1404928
777  777 783 1404928
778  778 780 1404928
779  779 781 200704
780  780 782 200704
781  781 2439 4096
782  782 789 1404928
783  783 785 1404928
784  784 786 1404928
785  785 787 200704
786  786 788 200704
787  787 2440 4096
788  788 790 1404928
789  789 801 1404928
790  790 792 1404928
791  791 793 1404928
792  792 794 200704
793  793 795 200704
794  794 796 4096
795  795 797 4096
796  796 799 4096
797  797 925 1404928
798  798 800 1404928
799  799 801 1404928
800  800 811 1404928
801  801 803 1404928
802  802 2441 4194304
803  803 805 1404928
804  804 809 1404928
805  805 807 1404928
806  806 808 1404928
807  807 809 1404928
808  808 816 1404928
809  809 812 4194304
810  810 812 1404928
811  811 813 1404928
812  812 814 1404928
813  813 815 1404928
814  814 816 1404928
815  815 817 1404928
816  816 822 1404928
817  817 819 1404928
818  818 820 200704
819  819 821 200704
820  820 2442 4096
821  821 828 1404928
822  822 824 1404928
823  823 825 1404928
824  824 826 200704
825  825 827 200704
826  826 2443 4096
827  827 829 1404928
828  828 839 1404928
829  829 831 1404928
830  830 832 1404928
831  831 833 200704
832  832 834 200704
833  833 835 4096
834  834 836 4096
835  835 837 4096
836  836 838 1404928
837  837 839 1404928
838  838 901 1404928
839  839 842 1404928
840  840 890 1404928
841  841 843 1404928
842  842 844 1404928
843  843 845 28672
844  844 846 28672
845  845 2444 4096
846  846 848 1404928
847  847 849 1404928
848  848 850 1404928
849  849 851 28672
850  850 852 28672
851  851 2444 4096
852  852 854 1404928
853  853 855 1404928
854  854 856 1404928
855  855 857 28672
856  856 858 28672
857  857 2444 4096
858  858 860 1404928
859  859 861 1404928
860  860 862 1404928
861  861 863 28672
862  862 864 28672
863  863 2444 4096
864  864 866 1404928
865  865 867 1404928
866  866 868 1404928
867  867 869 28672
868  868 870 28672
869  869 2444 4096
870  870 872 1404928
871  871 873 1404928
872  872 874 1404928
873  873 875 28672
874  874 876 28672
875  875 2444 4096
876  876 878 1404928
877  877 879 1404928
878  878 880 1404928
879  879 881 28672
880  880 882 28672
881  881 2444 4096
882  882 884 1404928
883  883 885 1404928
884  884 886 1404928
885  885 887 28672
886  886 888 28672
887  887 2444 4096
888  888 890 1404928
889  889 891 1404928
890  890 892 1404928
891  891 893 28672
892  892 894 28672
893  893 2444 4096
894  894 896 1404928
895  895 900 1404928
896  896 898 1404928
897  897 899 1404928
898  898 900 1404928
899  899 903 1404928
900  900 902 1404928
901  901 903 1404928
902  902 904 1404928
903  903 909 1404928
904  904 906 1404928
905  905 907 200704
906  906 908 200704
907  907 2445 4096
908  908 915 1404928
909  909 911 1404928
910  910 912 1404928
911  911 913 200704
912  912 914 200704
913  913 2446 4096
914  914 916 1404928
915  915 926 1404928
916  916 918 1404928
917  917 919 1404928
918  918 920 200704
919  919 921 200704
920  920 922 4096
921  921 923 4096
922  922 924 4096
923  923 925 1404928
924  924 926 1404928
925  925 936 1404928
926  926 928 1404928
927  927 2447 2097152
928  928 930 702464
929  929 934 702464
930  930 932 702464
931  931 933 702464
932  932 934 702464
933  933 941 702464
934  934 937 2097152
935  935 937 1404928
936  936 938 702464
937  937 939 702464
938  938 940 702464
939  939 941 702464
940  940 942 702464
941  941 947 702464
942  942 944 702464
943  943 945 100352
944  944 946 100352
945  945 2448 2048
946  946 953 702464
947  947 949 702464
948  948 950 702464
949  949 951 100352
950  950 952 100352
951  951 2449 2048
952  952 954 702464
953  953 965 702464
954  954 956 702464
955  955 957 702464
956  956 958 100352
957  957 959 100352
958  958 960 2048
959  959 961 2048
960  960 963 2048
961  961 964 702464
962  962 964 702464
963  963 965 702464
964  964 1027 702464
965  965 968 702464
966  966 1016 702464
967  967 969 702464
968  968 970 702464
969  969 971 14336
970  970 972 14336
971  971 2450 2048
972  972 974 702464
973  973 975 702464
974  974 976 702464
975  975 977 14336
976  976 978 14336
977  977 2450 2048
978  978 980 702464
979  979 981 702464
980  980 982 702464
981  981 983 14336
982  982 984 14336
983  983 2450 2048
984  984 986 702464
985  985 987 702464
986  986 988 702464
987  987 989 14336
988  988 990 14336
989  989 2450 2048
990  990 992 702464
991  991 993 702464
992  992 994 702464
993  993 995 14336
994  994 996 14336
995  995 2450 2048
996  996 998 702464
997  997 999 702464
998  998 1000 702464
999  999 1001 14336
1000  1000 1002 14336
1001  1001 2450 2048
1002  1002 1004 702464
1003  1003 1005 702464
1004  1004 1006 702464
1005  1005 1007 14336
1006  1006 1008 14336
1007  1007 2450 2048
1008  1008 1010 702464
1009  1009 1011 702464
1010  1010 1012 702464
1011  1011 1013 14336
1012  1012 1014 14336
1013  1013 2450 2048
1014  1014 1016 702464
1015  1015 1017 702464
1016  1016 1018 702464
1017  1017 1019 14336
1018  1018 1020 14336
1019  1019 2450 2048
1020  1020 1022 2809856
1021  1021 1026 2809856
1022  1022 1024 2809856
1023  1023 1025 2809856
1024  1024 1026 2809856
1025  1025 1029 2809856
1026  1026 1028 702464
1027  1027 1029 2809856
1028  1028 1030 2809856
1029  1029 1035 2809856
1030  1030 1032 2809856
1031  1031 1033 401408
1032  1032 1034 401408
1033  1033 2451 2048
1034  1034 1041 2809856
1035  1035 1037 2809856
1036  1036 1038 2809856
1037  1037 1039 401408
1038  1038 1040 401408
1039  1039 2452 2048
1040  1040 1042 2809856
1041  1041 1053 2809856
1042  1042 1044 2809856
1043  1043 1045 2809856
1044  1044 1046 401408
1045  1045 1047 401408
1046  1046 1048 2048
1047  1047 1049 2048
1048  1048 1051 2048
1049  1049 1677 2809856
1050  1050 1052 2809856
1051  1051 1053 2809856
1052  1052 1063 2809856
1053  1053 1055 2809856
1054  1054 2453 1048576
1055  1055 1057 2809856
1056  1056 1061 2809856
1057  1057 1059 2809856
1058  1058 1060 2809856
1059  1059 1061 2809856
1060  1060 1068 2809856
1061  1061 1064 1048576
1062  1062 1064 2809856
1063  1063 1065 2809856
1064  1064 1066 2809856
1065  1065 1067 2809856
1066  1066 1068 2809856
1067  1067 1069 2809856
1068  1068 1074 2809856
1069  1069 1071 2809856
1070  1070 1072 401408
1071  1071 1073 401408
1072  1072 2454 2048
1073  1073 1080 2809856
1074  1074 1076 2809856
1075  1075 1077 2809856
1076  1076 1078 401408
1077  1077 1079 401408
1078  1078 2455 2048
1079  1079 1081 2809856
1080  1080 1091 2809856
1081  1081 1083 2809856
1082  1082 1084 2809856
1083  1083 1085 401408
1084  1084 1086 401408
1085  1085 1087 2048
1086  1086 1088 2048
1087  1087 1089 2048
1088  1088 1090 2809856
1089  1089 1091 2809856
1090  1090 1153 2809856
1091  1091 1094 2809856
1092  1092 1142 2809856
1093  1093 1095 2809856
1094  1094 1096 2809856
1095  1095 1097 14336
1096  1096 1098 14336
1097  1097 2456 2048
1098  1098 1100 2809856
1099  1099 1101 2809856
1100  1100 1102 2809856
1101  1101 1103 14336
1102  1102 1104 14336
1103  1103 2456 2048
1104  1104 1106 2809856
1105  1105 1107 2809856
1106  1106 1108 2809856
1107  1107 1109 14336
1108  1108 1110 14336
1109  1109 2456 2048
1110  1110 1112 2809856
1111  1111 1113 2809856
1112  1112 1114 2809856
1113  1113 1115 14336
1114  1114 1116 14336
1115  1115 2456 2048
1116  1116 1118 2809856
1117  1117 1119 2809856
1118  1118 1120 2809856
1119  1119 1121 14336
1120  1120 1122 14336
1121  1121 2456 2048
1122  1122 1124 2809856
1123  1123 1125 2809856
1124  1124 1126 2809856
1125  1125 1127 14336
1126  1126 1128 14336
1127  1127 2456 2048
1128  1128 1130 2809856
1129  1129 1131 2809856
1130  1130 1132 2809856
1131  1131 1133 14336
1132  1132 1134 14336
1133  1133 2456 2048
1134  1134 1136 2809856
1135  1135 1137 2809856
1136  1136 1138 2809856
1137  1137 1139 14336
1138  1138 1140 14336
1139  1139 2456 2048
1140  1140 1142 2809856
1141  1141 1143 2809856
1142  1142 1144 2809856
1143  1143 1145 14336
1144  1144 1146 14336
1145  1145 2456 2048
1146  1146 1148 2809856
1147  1147 1152 2809856
1148  1148 1150 2809856
1149  1149 1151 2809856
1150  1150 1152 2809856
1151  1151 1155 2809856
1152  1152 1154 2809856
1153  1153 1155 2809856
1154  1154 1156 2809856
1155  1155 1161 2809856
1156  1156 1158 2809856
1157  1157 1159 401408
1158  1158 1160 401408
1159  1159 2457 2048
1160  1160 1167 2809856
1161  1161 1163 2809856
1162  1162 1164 2809856
1163  1163 1165 401408
1164  1164 1166 401408
1165  1165 2458 2048
1166  1166 1168 2809856
1167  1167 1178 2809856
1168  1168 1170 2809856
1169  1169 1171 2809856
1170  1170 1172 401408
1171  1171 1173 401408
1172  1172 1174 2048
1173  1173 1175 2048
1174  1174 1176 2048
1175  1175 1177 2809856
1176  1176 1178 2809856
1177  1177 1188 2809856
1178  1178 1180 2809856
1179  1179 2459 1048576
1180  1180 1182 2809856
1181  1181 1186 2809856
1182  1182 1184 2809856
1183  1183 1185 2809856
1184  1184 1186 2809856
1185  1185 1193 2809856
1186  1186 1189 1048576
1187  1187 1189 2809856
1188  1188 1190 2809856
1189  1189 1191 2809856
1190  1190 1192 2809856
1191  1191 1193 2809856
1192  1192 1194 2809856
1193  1193 1199 2809856
1194  1194 1196 2809856
1195  1195 1197 401408
1196  1196 1198 401408
1197  1197 2460 2048
1198  1198 1205 2809856
1199  1199 1201 2809856
1200  1200 1202 2809856
1201  1201 1203 401408
1202  1202 1204 401408
1203  1203 2461 2048
1204  1204 1206 2809856
1205  1205 1216 2809856
1206  1206 1208 2809856
1207  1207 1209 2809856
1208  1208 1210 401408
1209  1209 1211 401408
1210  1210 1212 2048
1211  1211 1213 2048
1212  1212 1214 2048
1213  1213 1215 2809856
1214  1214 1216 2809856
1215  1215 1278 2809856
1216  1216 1219 2809856
1217  1217 1267 2809856
1218  1218 1220 2809856
1219  1219 1221 2809856
1220  1220 1222 14336
1221  1221 1223 14336
1222  1222 2462 2048
1223  1223 1225 2809856
1224  1224 1226 2809856
1225  1225 1227 2809856
1226  1226 1228 14336
1227  1227 1229 14336
1228  1228 2462 2048
1229  1229 1231 2809856
1230  1230 1232 2809856
1231  1231 1233 2809856
1232  1232 1234 14336
1233  1233 1235 14336
1234  1234 2462 2048
1235  1235 1237 2809856
1236  1236 1238 2809856
1237  1237 1239 2809856
1238  1238 1240 14336
1239  1239 1241 14336
1240  1240 2462 2048
1241  1241 1243 2809856
1242  1242 1244 2809856
1243  1243 1245 2809856
1244  1244 1246 14336
1245  1245 1247 14336
1246  1246 2462 2048
1247  1247 1249 2809856
1248  1248 1250 2809856
1249  1249 1251 2809856
1250  1250 1252 14336
1251  1251 1253 14336
1252  1252 2462 2048
1253  1253 1255 2809856
1254  1254 1256 2809856
1255  1255 1257 2809856
1256  1256 1258 14336
1257  1257 1259 14336
1258  1258 2462 2048
1259  1259 1261 2809856
1260  1260 1262 2809856
1261  1261 1263 2809856
1262  1262 1264 14336
1263  1263 1265 14336
1264  1264 2462 2048
1265  1265 1267 2809856
1266  1266 1268 2809856
1267  1267 1269 2809856
1268  1268 1270 14336
1269  1269 1271 14336
1270  1270 2462 2048
1271  1271 1273 2809856
1272  1272 1277 2809856
1273  1273 1275 2809856
1274  1274 1276 2809856
1275  1275 1277 2809856
1276  1276 1280 2809856
1277  1277 1279 2809856
1278  1278 1280 2809856
1279  1279 1281 2809856
1280  1280 1286 2809856
1281  1281 1283 2809856
1282  1282 1284 401408
1283  1283 1285 401408
1284  1284 2463 2048
1285  1285 1292 2809856
1286  1286 1288 2809856
1287  1287 1289 2809856
1288  1288 1290 401408
1289  1289 1291 401408
1290  1290 2464 2048
1291  1291 1293 2809856
1292  1292 1303 2809856
1293  1293 1295 2809856
1294  1294 1296 2809856
1295  1295 1297 401408
1296  1296 1298 401408
1297  1297 1299 2048
1298  1298 1300 2048
1299  1299 1301 2048
1300  1300 1302 2809856
1301  1301 1303 2809856
1302  1302 1313 2809856
1303  1303 1305 2809856
1304  1304 2465 1048576
1305  1305 1307 2809856
1306  1306 1311 2809856
1307  1307 1309 2809856
1308  1308 1310 2809856
1309  1309 1311 2809856
1310  1310 1318 2809856
1311  1311 1314 1048576
1312  1312 1314 2809856
1313  1313 1315 2809856
1314  1314 1316 2809856
1315  1315 1317 2809856
1316  1316 1318 2809856
1317  1317 1319 2809856
1318  1318 1324 2809856
1319  1319 1321 2809856
1320  1320 1322 401408
1321  1321 1323 401408
1322  1322 2466 2048
1323  1323 1330 2809856
1324  1324 1326 2809856
1325  1325 1327 2809856
1326  1326 1328 401408
1327  1327 1329 401408
1328  1328 2467 2048
1329  1329 1331 2809856
1330  1330 1341 2809856
1331  1331 1333 2809856
1332  1332 1334 2809856
1333  1333 1335 401408
1334  1334 1336 401408
1335  1335 1337 2048
1336  1336 1338 2048
1337  1337 1339 2048
1338  1338 1340 2809856
1339  1339 1341 2809856
1340  1340 1403 2809856
1341  1341 1344 2809856
1342  1342 1392 2809856
1343  1343 1345 2809856
1344  1344 1346 2809856
1345  1345 1347 14336
1346  1346 1348 14336
1347  1347 2468 2048
1348  1348 1350 2809856
1349  1349 1351 2809856
1350  1350 1352 2809856
1351  1351 1353 14336
1352  1352 1354 14336
1353  1353 2468 2048
1354  1354 1356 2809856
1355  1355 1357 2809856
1356  1356 1358 2809856
1357  1357 1359 14336
1358  1358 1360 14336
1359  1359 2468 2048
1360  1360 1362 2809856
1361  1361 1363 2809856
1362  1362 1364 2809856
1363  1363 1365 14336
1364  1364 1366 14336
1365  1365 2468 2048
1366  1366 1368 2809856
1367  1367 1369 2809856
1368  1368 1370 2809856
1369  1369 1371 14336
1370  1370 1372 14336
1371  1371 2468 2048
1372  1372 1374 2809856
1373  1373 1375 2809856
1374  1374 1376 2809856
1375  1375 1377 14336
1376  1376 1378 14336
1377  1377 2468 2048
1378  1378 1380 2809856
1379  1379 1381 2809856
1380  1380 1382 2809856
1381  1381 1383 14336
1382  1382 1384 14336
1383  1383 2468 2048
1384  1384 1386 2809856
1385  1385 1387 2809856
1386  1386 1388 2809856
1387  1387 1389 14336
1388  1388 1390 14336
1389  1389 2468 2048
1390  1390 1392 2809856
1391  1391 1393 2809856
1392  1392 1394 2809856
1393  1393 1395 14336
1394  1394 1396 14336
1395  1395 2468 2048
1396  1396 1398 2809856
1397  1397 1402 2809856
1398  1398 1400 2809856
1399  1399 1401 2809856
1400  1400 1402 2809856
1401  1401 1405 2809856
1402  1402 1404 2809856
1403  1403 1405 2809856
1404  1404 1406 2809856
1405  1405 1411 2809856
1406  1406 1408 2809856
1407  1407 1409 401408
1408  1408 1410 401408
1409  1409 2469 2048
1410  1410 1417 2809856
1411  1411 1413 2809856
1412  1412 1414 2809856
1413  1413 1415 401408
1414  1414 1416 401408
1415  1415 2470 2048
1416  1416 1418 2809856
1417  1417 1428 2809856
1418  1418 1420 2809856
1419  1419 1421 2809856
1420  1420 1422 401408
1421  1421 1423 401408
1422  1422 1424 2048
1423  1423 1425 2048
1424  1424 1426 2048
1425  1425 1427 2809856
1426  1426 1428 2809856
1427  1427 1438 2809856
1428  1428 1430 2809856
1429  1429 2471 1048576
1430  1430 1432 2809856
1431  1431 1436 2809856
1432  1432 1434 2809856
1433  1433 1435 2809856
1434  1434 1436 2809856
1435  1435 1443 2809856
1436  1436 1439 1048576
1437  1437 1439 2809856
1438  1438 1440 2809856
1439  1439 1441 2809856
1440  1440 1442 2809856
1441  1441 1443 2809856
1442  1442 1444 2809856
1443  1443 1449 2809856
1444  1444 1446 2809856
1445  1445 1447 401408
1446  1446 1448 401408
1447  1447 2472 2048
1448  1448 1455 2809856
1449  1449 1451 2809856
1450  1450 1452 2809856
1451  1451 1453 401408
1452  1452 1454 401408
1453  1453 2473 2048
1454  1454 1456 2809856
1455  1455 1466 2809856
1456  1456 1458 2809856
1457  1457 1459 2809856
1458  1458 1460 401408
1459  1459 1461 401408
1460  1460 1462 2048
1461  1461 1463 2048
1462  1462 1464 2048
1463  1463 1465 2809856
1464  1464 1466 2809856
1465  1465 1528 2809856
1466  1466 1469 2809856
1467  1467 1517 2809856
1468  1468 1470 2809856
1469  1469 1471 2809856
1470  1470 1472 14336
1471  1471 1473 14336
1472  1472 2474 2048
1473  1473 1475 2809856
1474  1474 1476 2809856
1475  1475 1477 2809856
1476  1476 1478 14336
1477  1477 1479 14336
1478  1478 2474 2048
1479  1479 1481 2809856
1480  1480 1482 2809856
1481  1481 1483 2809856
1482  1482 1484 14336
1483  1483 1485 14336
1484  1484 2474 2048
1485  1485 1487 2809856
1486  1486 1488 2809856
1487  1487 1489 2809856
1488  1488 1490 14336
1489  1489 1491 14336
1490  1490 2474 2048
1491  1491 1493 2809856
1492  1492 1494 2809856
1493  1493 1495 2809856
1494  1494 1496 14336
1495  1495 1497 14336
1496  1496 2474 2048
1497  1497 1499 2809856
1498  1498 1500 2809856
1499  1499 1501 2809856
1500  1500 1502 14336
1501  1501 1503 14336
1502  1502 2474 2048
1503  1503 1505 2809856
1504  1504 1506 2809856
1505  1505 1507 2809856
1506  1506 1508 14336
1507  1507 1509 14336
1508  1508 2474 2048
1509  1509 1511 2809856
1510  1510 1512 2809856
1511  1511 1513 2809856
1512  1512 1514 14336
1513  1513 1515 14336
1514  1514 2474 2048
1515  1515 1517 2809856
1516  1516 1518 2809856
1517  1517 1519 2809856
1518  1518 1520 14336
1519  1519 1521 14336
1520  1520 2474 2048
1521  1521 1523 2809856
1522  1522 1527 2809856
1523  1523 1525 2809856
1524  1524 1526 2809856
1525  1525 1527 2809856
1526  1526 1530 2809856
1527  1527 1529 2809856
1528  1528 1530 2809856
1529  1529 1531 2809856
1530  1530 1536 2809856
1531  1531 1533 2809856
1532  1532 1534 401408
1533  1533 1535 401408
1534  1534 2475 2048
1535  1535 1542 2809856
1536  1536 1538 2809856
1537  1537 1539 2809856
1538  1538 1540 401408
1539  1539 1541 401408
1540  1540 2476 2048
1541  1541 1543 2809856
1542  1542 1553 2809856
1543  1543 1545 2809856
1544  1544 1546 2809856
1545  1545 1547 401408
1546  1546 1548 401408
1547  1547 1549 2048
1548  1548 1550 2048
1549  1549 1551 2048
1550  1550 1552 2809856
1551  1551 1553 2809856
1552  1552 1563 2809856
1553  1553 1555 2809856
1554  1554 2477 1048576
1555  1555 1557 2809856
1556  1556 1561 2809856
1557  1557 1559 2809856
1558  1558 1560 2809856
1559  1559 1561 2809856
1560  1560 1568 2809856
1561  1561 1564 1048576
1562  1562 1564 2809856
1563  1563 1565 2809856
1564  1564 1566 2809856
1565  1565 1567 2809856
1566  1566 1568 2809856
1567  1567 1569 2809856
1568  1568 1574 2809856
1569  1569 1571 2809856
1570  1570 1572 401408
1571  1571 1573 401408
1572  1572 2478 2048
1573  1573 1580 2809856
1574  1574 1576 2809856
1575  1575 1577 2809856
1576  1576 1578 401408
1577  1577 1579 401408
1578  1578 2479 2048
1579  1579 1581 2809856
1580  1580 1591 2809856
1581  1581 1583 2809856
1582  1582 1584 2809856
1583  1583 1585 401408
1584  1584 1586 401408
1585  1585 1587 2048
1586  1586 1588 2048
1587  1587 1589 2048
1588  1588 1590 2809856
1589  1589 1591 2809856
1590  1590 1653 2809856
1591  1591 1594 2809856
1592  1592 1642 2809856
1593  1593 1595 2809856
1594  1594 1596 2809856
1595  1595 1597 14336
1596  1596 1598 14336
1597  1597 2480 2048
1598  1598 1600 2809856
1599  1599 1601 2809856
1600  1600 1602 2809856
1601  1601 1603 14336
1602  1602 1604 14336
1603  1603 2480 2048
1604  1604 1606 2809856
1605  1605 1607 2809856
1606  1606 1608 2809856
1607  1607 1609 14336
1608  1608 1610 14336
1609  1609 2480 2048
1610  1610 1612 2809856
1611  1611 1613 2809856
1612  1612 1614 2809856
1613  1613 1615 14336
1614  1614 1616 14336
1615  1615 2480 2048
1616  1616 1618 2809856
1617  1617 1619 2809856
1618  1618 1620 2809856
1619  1619 1621 14336
1620  1620 1622 14336
1621  1621 2480 2048
1622  1622 1624 2809856
1623  1623 1625 2809856
1624  1624 1626 2809856
1625  1625 1627 14336
1626  1626 1628 14336
1627  1627 2480 2048
1628  1628 1630 2809856
1629  1629 1631 2809856
1630  1630 1632 2809856
1631  1631 1633 14336
1632  1632 1634 14336
1633  1633 2480 2048
1634  1634 1636 2809856
1635  1635 1637 2809856
1636  1636 1638 2809856
1637  1637 1639 14336
1638  1638 1640 14336
1639  1639 2480 2048
1640  1640 1642 2809856
1641  1641 1643 2809856
1642  1642 1644 2809856
1643  1643 1645 14336
1644  1644 1646 14336
1645  1645 2480 2048
1646  1646 1648 2809856
1647  1647 1652 2809856
1648  1648 1650 2809856
1649  1649 1651 2809856
1650  1650 1652 2809856
1651  1651 1655 2809856
1652  1652 1654 2809856
1653  1653 1655 2809856
1654  1654 1656 2809856
1655  1655 1661 2809856
1656  1656 1658 2809856
1657  1657 1659 401408
1658  1658 1660 401408
1659  1659 2481 2048
1660  1660 1667 2809856
1661  1661 1663 2809856
1662  1662 1664 2809856
1663  1663 1665 401408
1664  1664 1666 401408
1665  1665 2482 2048
1666  1666 1668 2809856
1667  1667 1678 2809856
1668  1668 1670 2809856
1669  1669 1671 2809856
1670  1670 1672 401408
1671  1671 1673 401408
1672  1672 1674 2048
1673  1673 1675 2048
1674  1674 1676 2048
1675  1675 1677 2809856
1676  1676 1678 2809856
1677  1677 1688 2809856
1678  1678 1680 2809856
1679  1679 2483 524288
1680  1680 1682 1404928
1681  1681 1686 1404928
1682  1682 1684 1404928
1683  1683 1685 1404928
1684  1684 1686 1404928
1685  1685 1693 1404928
1686  1686 1689 524288
1687  1687 1689 2809856
1688  1688 1690 1404928
1689  1689 1691 1404928
1690  1690 1692 1404928
1691  1691 1693 1404928
1692  1692 1694 1404928
1693  1693 1699 1404928
1694  1694 1696 1404928
1695  1695 1697 200704
1696  1696 1698 200704
1697  1697 2484 1024
1698  1698 1705 1404928
1699  1699 1701 1404928
1700  1700 1702 1404928
1701  1701 1703 200704
1702  1702 1704 200704
1703  1703 2485 1024
1704  1704 1706 1404928
1705  1705 1717 1404928
1706  1706 1708 1404928
1707  1707 1709 1404928
1708  1708 1710 200704
1709  1709 1711 200704
1710  1710 1712 1024
1711  1711 1713 1024
1712  1712 1715 1024
1713  1713 1716 1404928
1714  1714 1716 1404928
1715  1715 1717 1404928
1716  1716 1779 1404928
1717  1717 1720 1404928
1718  1718 1768 1404928
1719  1719 1721 1404928
1720  1720 1722 1404928
1721  1721 1723 7168
1722  1722 1724 7168
1723  1723 2486 1024
1724  1724 1726 1404928
1725  1725 1727 1404928
1726  1726 1728 1404928
1727  1727 1729 7168
1728  1728 1730 7168
1729  1729 2486 1024
1730  1730 1732 1404928
1731  1731 1733 1404928
1732  1732 1734 1404928
1733  1733 1735 7168
1734  1734 1736 7168
1735  1735 2486 1024
1736  1736 1738 1404928
1737  1737 1739 1404928
1738  1738 1740 1404928
1739  1739 1741 7168
1740  1740 1742 7168
1741  1741 2486 1024
1742  1742 1744 1404928
1743  1743 1745 1404928
1744  1744 1746 1404928
1745  1745 1747 7168
1746  1746 1748 7168
1747  1747 2486 1024
1748  1748 1750 1404928
1749  1749 1751 1404928
1750  1750 1752 1404928
1751  1751 1753 7168
1752  1752 1754 7168
1753  1753 2486 1024
1754  1754 1756 1404928
1755  1755 1757 1404928
1756  1756 1758 1404928
1757  1757 1759 7168
1758  1758 1760 7168
1759  1759 2486 1024
1760  1760 1762 1404928
1761  1761 1763 1404928
1762  1762 1764 1404928
1763  1763 1765 7168
1764  1764 1766 7168
1765  1765 2486 1024
1766  1766 1768 1404928
1767  1767 1769 1404928
1768  1768 1770 1404928
1769  1769 1771 7168
1770  1770 1772 7168
1771  1771 2486 1024
1772  1772 1774 5619712
1773  1773 1778 5619712
1774  1774 1776 5619712
1775  1775 1777 5619712
1776  1776 1778 5619712
1777  1777 1781 5619712
1778  1778 1780 1404928
1779  1779 1781 5619712
1780  1780 1782 5619712
1781  1781 1787 5619712
1782  1782 1784 5619712
1783  1783 1785 802816
1784  1784 1786 802816
1785  1785 2487 1024
1786  1786 1793 5619712
1787  1787 1789 5619712
1788  1788 1790 5619712
1789  1789 1791 802816
1790  1790 1792 802816
1791  1791 2488 1024
1792  1792 1794 5619712
1793  1793 1805 5619712
1794  1794 1796 5619712
1795  1795 1797 5619712
1796  1796 1798 802816
1797  1797 1799 802816
1798  1798 1800 1024
1799  1799 1801 1024
1800  1800 1803 1024
1801  1801 1929 5619712
1802  1802 1804 5619712
1803  1803 1805 5619712
1804  1804 1815 5619712
1805  1805 1807 5619712
1806  1806 2489 262144
1807  1807 1809 5619712
1808  1808 1813 5619712
1809  1809 1811 5619712
1810  1810 1812 5619712
1811  1811 1813 5619712
1812  1812 1820 5619712
1813  1813 1816 262144
1814  1814 1816 5619712
1815  1815 1817 5619712
1816  1816 1818 5619712
1817  1817 1819 5619712
1818  1818 1820 5619712
1819  1819 1821 5619712
1820  1820 1826 5619712
1821  1821 1823 5619712
1822  1822 1824 802816
1823  1823 1825 802816
1824  1824 2490 1024
1825  1825 1832 5619712
1826  1826 1828 5619712
1827  1827 1829 5619712
1828  1828 1830 802816
1829  1829 1831 802816
1830  1830 2491 1024
1831  1831 1833 5619712
1832  1832 1843 5619712
1833  1833 1835 5619712
1834  1834 1836 5619712
1835  1835 1837 802816
1836  1836 1838 802816
1837  1837 1839 1024
1838  1838 1840 1024
1839  1839 1841 1024
1840  1840 1842 5619712
1841  1841 1843 5619712
1842  1842 1905 5619712
1843  1843 1846 5619712
1844  1844 1894 5619712
1845  1845 1847 5619712
1846  1846 1848 5619712
1847  1847 1849 7168
1848  1848 1850 7168
1849  1849 2492 1024
1850  1850 1852 5619712
1851  1851 1853 5619712
1852  1852 1854 5619712
1853  1853 1855 7168
1854  1854 1856 7168
1855  1855 2492 1024
1856  1856 1858 5619712
1857  1857 1859 5619712
1858  1858 1860 5619712
1859  1859 1861 7168
1860  1860 1862 7168
1861  1861 2492 1024
1862  1862 1864 5619712
1863  1863 1865 5619712
1864  1864 1866 5619712
1865  1865 1867 7168
1866  1866 1868 7168
1867  1867 2492 1024
1868  1868 1870 5619712
1869  1869 1871 5619712
1870  1870 1872 5619712
1871  1871 1873 7168
1872  1872 1874 7168
1873  1873 2492 1024
1874  1874 1876 5619712
1875  1875 1877 5619712
1876  1876 1878 5619712
1877  1877 1879 7168
1878  1878 1880 7168
1879  1879 2492 1024
1880  1880 1882 5619712
1881  1881 1883 5619712
1882  1882 1884 5619712
1883  1883 1885 7168
1884  1884 1886 7168
1885  1885 2492 1024
1886  1886 1888 5619712
1887  1887 1889 5619712
1888  1888 1890 5619712
1889  1889 1891 7168
1890  1890 1892 7168
1891  1891 2492 1024
1892  1892 1894 5619712
1893  1893 1895 5619712
1894  1894 1896 5619712
1895  1895 1897 7168
1896  1896 1898 7168
1897  1897 2492 1024
1898  1898 1900 5619712
1899  1899 1904 5619712
1900  1900 1902 5619712
1901  1901 1903 5619712
1902  1902 1904 5619712
1903  1903 1907 5619712
1904  1904 1906 5619712
1905  1905 1907 5619712
1906  1906 1908 5619712
1907  1907 1913 5619712
1908  1908 1910 5619712
1909  1909 1911 802816
1910  1910 1912 802816
1911  1911 2493 1024
1912  1912 1919 5619712
1913  1913 1915 5619712
1914  1914 1916 5619712
1915  1915 1917 802816
1916  1916 1918 802816
1917  1917 2494 1024
1918  1918 1920 5619712
1919  1919 1930 5619712
1920  1920 1922 5619712
1921  1921 1923 5619712
1922  1922 1924 802816
1923  1923 1925 802816
1924  1924 1926 1024
1925  1925 1927 1024
1926  1926 1928 1024
1927  1927 1929 5619712
1928  1928 1930 5619712
1929  1929 1940 5619712
1930  1930 1932 5619712
1931  1931 2495 131072
1932  1932 1934 2809856
1933  1933 1938 2809856
1934  1934 1936 2809856
1935  1935 1937 2809856
1936  1936 1938 2809856
1937  1937 1945 2809856
1938  1938 1941 131072
1939  1939 1941 5619712
1940  1940 1942 2809856
1941  1941 1943 2809856
1942  1942 1944 2809856
1943  1943 1945 2809856
1944  1944 1946 2809856
1945  1945 1951 2809856
1946  1946 1948 2809856
1947  1947 1949 401408
1948  1948 1950 401408
1949  1949 2496 512
1950  1950 1957 2809856
1951  1951 1953 2809856
1952  1952 1954 2809856
1953  1953 1955 401408
1954  1954 1956 401408
1955  1955 2497 512
1956  1956 1958 2809856
1957  1957 1969 2809856
1958  1958 1960 2809856
1959  1959 1961 2809856
1960  1960 1962 401408
1961  1961 1963 401408
1962  1962 1964 512
1963  1963 1965 512
1964  1964 1967 512
1965  1965 1968 2809856
1966  1966 1968 2809856
1967  1967 1969 2809856
1968  1968 2031 2809856
1969  1969 1972 2809856
1970  1970 2020 2809856
1971  1971 1973 2809856
1972  1972 1974 2809856
1973  1973 1975 3584
1974  1974 1976 3584
1975  1975 2498 512
1976  1976 1978 2809856
1977  1977 1979 2809856
1978  1978 1980 2809856
1979  1979 1981 3584
1980  1980 1982 3584
1981  1981 2498 512
1982  1982 1984 2809856
1983  1983 1985 2809856
1984  1984 1986 2809856
1985  1985 1987 3584
1986  1986 1988 3584
1987  1987 2498 512
1988  1988 1990 2809856
1989  1989 1991 2809856
1990  1990 1992 2809856
1991  1991 1993 3584
1992  1992 1994 3584
1993  1993 2498 512
1994  1994 1996 2809856
1995  1995 1997 2809856
1996  1996 1998 2809856
1997  1997 1999 3584
1998  1998 2000 3584
1999  1999 2498 512
2000  2000 2002 2809856
2001  2001 2003 2809856
2002  2002 2004 2809856
2003  2003 2005 3584
2004  2004 2006 3584
2005  2005 2498 512
2006  2006 2008 2809856
2007  2007 2009 2809856
2008  2008 2010 2809856
2009  2009 2011 3584
2010  2010 2012 3584
2011  2011 2498 512
2012  2012 2014 2809856
2013  2013 2015 2809856
2014  2014 2016 2809856
2015  2015 2017 3584
2016  2016 2018 3584
2017  2017 2498 512
2018  2018 2020 2809856
2019  2019 2021 2809856
2020  2020 2022 2809856
2021  2021 2023 3584
2022  2022 2024 3584
2023  2023 2498 512
2024  2024 2026 11239424
2025  2025 2030 11239424
2026  2026 2028 11239424
2027  2027 2029 11239424
2028  2028 2030 11239424
2029  2029 2033 11239424
2030  2030 2032 2809856
2031  2031 2033 11239424
2032  2032 2034 11239424
2033  2033 2039 11239424
2034  2034 2036 11239424
2035  2035 2037 1605632
2036  2036 2038 1605632
2037  2037 2499 512
2038  2038 2045 11239424
2039  2039 2041 11239424
2040  2040 2042 11239424
2041  2041 2043 1605632
2042  2042 2044 1605632
2043  2043 2500 512
2044  2044 2046 11239424
2045  2045 2057 11239424
2046  2046 2048 11239424
2047  2047 2049 11239424
2048  2048 2050 1605632
2049  2049 2051 1605632
2050  2050 2052 512
2051  2051 2053 512
2052  2052 2055 512
2053  2053 2181 11239424
2054  2054 2056 11239424
2055  2055 2057 11239424
2056  2056 2067 11239424
2057  2057 2059 11239424
2058  2058 2501 65536
2059  2059 2061 11239424
2060  2060 2065 11239424
2061  2061 2063 11239424
2062  2062 2064 11239424
2063  2063 2065 11239424
2064  2064 2072 11239424
2065  2065 2068 65536
2066  2066 2068 11239424
2067  2067 2069 11239424
2068  2068 2070 11239424
2069  2069 2071 11239424
2070  2070 2072 11239424
2071  2071 2073 11239424
2072  2072 2078 11239424
2073  2073 2075 11239424
2074  2074 2076 1605632
2075  2075 2077 1605632
2076  2076 2502 512
2077  2077 2084 11239424
2078  2078 2080 11239424
2079  2079 2081 11239424
2080  2080 2082 1605632
2081  2081 2083 1605632
2082  2082 2503 512
2083  2083 2085 11239424
2084  2084 2095 11239424
2085  2085 2087 11239424
2086  2086 2088 11239424
2087  2087 2089 1605632
2088  2088 2090 1605632
2089  2089 2091 512
2090  2090 2092 512
2091  2091 2093 512
2092  2092 2094 11239424
2093  2093 2095 11239424
2094  2094 2157 11239424
2095  2095 2098 11239424
2096  2096 2146 11239424
2097  2097 2099 11239424
2098  2098 2100 11239424
2099  2099 2101 3584
2100  2100 2102 3584
2101  2101 2504 512
2102  2102 2104 11239424
2103  2103 2105 11239424
2104  2104 2106 11239424
2105  2105 2107 3584
2106  2106 2108 3584
2107  2107 2504 512
2108  2108 2110 11239424
2109  2109 2111 11239424
2110  2110 2112 11239424
2111  2111 2113 3584
2112  2112 2114 3584
2113  2113 2504 512
2114  2114 2116 11239424
2115  2115 2117 11239424
2116  2116 2118 11239424
2117  2117 2119 3584
2118  2118 2120 3584
2119  2119 2504 512
2120  2120 2122 11239424
2121  2121 2123 11239424
2122  2122 2124 11239424
2123  2123 2125 3584
2124  2124 2126 3584
2125  2125 2504 512
2126  2126 2128 11239424
2127  2127 2129 11239424
2128  2128 2130 11239424
2129  2129 2131 3584
2130  2130 2132 3584
2131  2131 2504 512
2132  2132 2134 11239424
2133  2133 2135 11239424
2134  2134 2136 11239424
2135  2135 2137 3584
2136  2136 2138 3584
2137  2137 2504 512
2138  2138 2140 11239424
2139  2139 2141 11239424
2140  2140 2142 11239424
2141  2141 2143 3584
2142  2142 2144 3584
2143  2143 2504 512
2144  2144 2146 11239424
2145  2145 2147 11239424
2146  2146 2148 11239424
2147  2147 2149 3584
2148  2148 2150 3584
2149  2149 2504 512
2150  2150 2152 11239424
2151  2151 2156 11239424
2152  2152 2154 11239424
2153  2153 2155 11239424
2154  2154 2156 11239424
2155  2155 2159 11239424
2156  2156 2158 11239424
2157  2157 2159 11239424
2158  2158 2160 11239424
2159  2159 2165 11239424
2160  2160 2162 11239424
2161  2161 2163 1605632
2162  2162 2164 1605632
2163  2163 2505 512
2164  2164 2171 11239424
2165  2165 2167 11239424
2166  2166 2168 11239424
2167  2167 2169 1605632
2168  2168 2170 1605632
2169  2169 2506 512
2170  2170 2172 11239424
2171  2171 2182 11239424
2172  2172 2174 11239424
2173  2173 2175 11239424
2174  2174 2176 1605632
2175  2175 2177 1605632
2176  2176 2178 512
2177  2177 2179 512
2178  2178 2180 512
2179  2179 2181 11239424
2180  2180 2182 11239424
2181  2181 2192 11239424
2182  2182 2184 11239424
2183  2183 2507 32768
2184  2184 2186 5619712
2185  2185 2190 5619712
2186  2186 2188 5619712
2187  2187 2189 5619712
2188  2188 2190 5619712
2189  2189 2197 5619712
2190  2190 2193 32768
2191  2191 2193 11239424
2192  2192 2194 5619712
2193  2193 2195 5619712
2194  2194 2196 5619712
2195  2195 2197 5619712
2196  2196 2198 5619712
2197  2197 2203 5619712
2198  2198 2200 5619712
2199  2199 2201 802816
2200  2200 2202 802816
2201  2201 2508 256
2202  2202 2209 5619712
2203  2203 2205 5619712
2204  2204 2206 5619712
2205  2205 2207 802816
2206  2206 2208 802816
2207  2207 2509 256
2208  2208 2210 5619712
2209  2209 2221 5619712
2210  2210 2212 5619712
2211  2211 2213 5619712
2212  2212 2214 802816
2213  2213 2215 802816
2214  2214 2216 256
2215  2215 2217 256
2216  2216 2219 256
2217  2217 2220 5619712
2218  2218 2220 5619712
2219  2219 2221 5619712
2220  2220 2283 5619712
2221  2221 2224 5619712
2222  2222 2272 5619712
2223  2223 2225 5619712
2224  2224 2226 5619712
2225  2225 2227 1792
2226  2226 2228 1792
2227  2227 2510 256
2228  2228 2230 5619712
2229  2229 2231 5619712
2230  2230 2232 5619712
2231  2231 2233 1792
2232  2232 2234 1792
2233  2233 2510 256
2234  2234 2236 5619712
2235  2235 2237 5619712
2236  2236 2238 5619712
2237  2237 2239 1792
2238  2238 2240 1792
2239  2239 2510 256
2240  2240 2242 5619712
2241  2241 2243 5619712
2242  2242 2244 5619712
2243  2243 2245 1792
2244  2244 2246 1792
2245  2245 2510 256
2246  2246 2248 5619712
2247  2247 2249 5619712
2248  2248 2250 5619712
2249  2249 2251 1792
2250  2250 2252 1792
2251  2251 2510 256
2252  2252 2254 5619712
2253  2253 2255 5619712
2254  2254 2256 5619712
2255  2255 2257 1792
2256  2256 2258 1792
2257  2257 2510 256
2258  2258 2260 5619712
2259  2259 2261 5619712
2260  2260 2262 5619712
2261  2261 2263 1792
2262  2262 2264 1792
2263  2263 2510 256
2264  2264 2266 5619712
2265  2265 2267 5619712
2266  2266 2268 5619712
2267  2267 2269 1792
2268  2268 2270 1792
2269  2269 2510 256
2270  2270 2272 5619712
2271  2271 2273 5619712
2272  2272 2274 5619712
2273  2273 2275 1792
2274  2274 2276 1792
2275  2275 2510 256
2276  2276 2278 22478848
2277  2277 2282 22478848
2278  2278 2280 22478848
2279  2279 2281 22478848
2280  2280 2282 22478848
2281  2281 2285 22478848
2282  2282 2284 5619712
2283  2283 2285 22478848
2284  2284 2286 22478848
2285  2285 2291 22478848
2286  2286 2288 22478848
2287  2287 2289 3211264
2288  2288 2290 3211264
2289  2289 2511 256
2290  2290 2297 22478848
2291  2291 2293 22478848
2292  2292 2294 22478848
2293  2293 2295 3211264
2294  2294 2296 3211264
2295  2295 2512 256
2296  2296 2298 22478848
2297  2297 2309 22478848
2298  2298 2300 22478848
2299  2299 2301 22478848
2300  2300 2302 3211264
2301  2301 2303 3211264
2302  2302 2304 256
2303  2303 2305 256
2304  2304 2307 256
2305  2305 2308 22478848
2306  2306 2308 22478848
2307  2307 2309 22478848
2308  2308 2319 22478848
2309  2309 2311 22478848
2310  2310 2513 8192
2311  2311 2313 11239424
2312  2312 2317 11239424
2313  2313 2315 11239424
2314  2314 2316 11239424
2315  2315 2317 11239424
2316  2316 2324 11239424
2317  2317 2320 8192
2318  2318 2320 22478848
2319  2319 2321 11239424
2320  2320 2322 11239424
2321  2321 2323 11239424
2322  2322 2324 11239424
2323  2323 2325 11239424
2324  2324 2330 11239424
2325  2325 2327 11239424
2326  2326 2328 1605632
2327  2327 2329 1605632
2328  2328 2514 128
2329  2329 2336 11239424
2330  2330 2332 11239424
2331  2331 2333 11239424
2332  2332 2334 1605632
2333  2333 2335 1605632
2334  2334 2515 128
2335  2335 2337 11239424
2336  2336 2348 11239424
2337  2337 2339 11239424
2338  2338 2340 11239424
2339  2339 2341 1605632
2340  2340 2342 1605632
2341  2341 2343 128
2342  2342 2344 128
2343  2343 2346 128
2344  2344 2434 11239424
2345  2345 2347 11239424
2346  2346 2348 11239424
2347  2347 2410 11239424
2348  2348 2351 11239424
2349  2349 2399 11239424
2350  2350 2352 11239424
2351  2351 2353 11239424
2352  2352 2354 896
2353  2353 2355 896
2354  2354 2516 128
2355  2355 2357 11239424
2356  2356 2358 11239424
2357  2357 2359 11239424
2358  2358 2360 896
2359  2359 2361 896
2360  2360 2516 128
2361  2361 2363 11239424
2362  2362 2364 11239424
2363  2363 2365 11239424
2364  2364 2366 896
2365  2365 2367 896
2366  2366 2516 128
2367  2367 2369 11239424
2368  2368 2370 11239424
2369  2369 2371 11239424
2370  2370 2372 896
2371  2371 2373 896
2372  2372 2516 128
2373  2373 2375 11239424
2374  2374 2376 11239424
2375  2375 2377 11239424
2376  2376 2378 896
2377  2377 2379 896
2378  2378 2516 128
2379  2379 2381 11239424
2380  2380 2382 11239424
2381  2381 2383 11239424
2382  2382 2384 896
2383  2383 2385 896
2384  2384 2516 128
2385  2385 2387 11239424
2386  2386 2388 11239424
2387  2387 2389 11239424
2388  2388 2390 896
2389  2389 2391 896
2390  2390 2516 128
2391  2391 2393 11239424
2392  2392 2394 11239424
2393  2393 2395 11239424
2394  2394 2396 896
2395  2395 2397 896
2396  2396 2516 128
2397  2397 2399 11239424
2398  2398 2400 11239424
2399  2399 2401 11239424
2400  2400 2402 896
2401  2401 2403 896
2402  2402 2516 128
2403  2403 2405 11239424
2404  2404 2409 11239424
2405  2405 2407 11239424
2406  2406 2408 11239424
2407  2407 2409 11239424
2408  2408 2412 11239424
2409  2409 2411 11239424
2410  2410 2412 11239424
2411  2411 2413 11239424
2412  2412 2418 11239424
2413  2413 2415 11239424
2414  2414 2416 1605632
2415  2415 2417 1605632
2416  2416 2517 128
2417  2417 2424 11239424
2418  2418 2420 11239424
2419  2419 2421 11239424
2420  2420 2422 1605632
2421  2421 2423 1605632
2422  2422 2518 128
2423  2423 2425 11239424
2424  2424 2435 11239424
2425  2425 2427 11239424
2426  2426 2428 11239424
2427  2427 2429 1605632
2428  2428 2430 1605632
2429  2429 2431 128
2430  2430 2432 128
2431  2431 2433 128
2432  2432 2434 11239424
2433  2433 2435 11239424
2434  2434 2436 11239424
2435  2435 2437 11239424
2436  2436 2519 3456
2437  2437 2519 4032
2438  2438 2519 4096
2439  2439 2519 4096
2440  2440 2519 4194304
2441  2441 2519 4096
2442  2442 2519 4096
2443  2443 2519 36864
2444  2444 2519 4096
2445  2445 2519 4096
2446  2446 2519 2097152
2447  2447 2519 2048
2448  2448 2519 2048
2449  2449 2519 18432
2450  2450 2519 2048
2451  2451 2519 2048
2452  2452 2519 1048576
2453  2453 2519 2048
2454  2454 2519 2048
2455  2455 2519 18432
2456  2456 2519 2048
2457  2457 2519 2048
2458  2458 2519 1048576
2459  2459 2519 2048
2460  2460 2519 2048
2461  2461 2519 18432
2462  2462 2519 2048
2463  2463 2519 2048
2464  2464 2519 1048576
2465  2465 2519 2048
2466  2466 2519 2048
2467  2467 2519 18432
2468  2468 2519 2048
2469  2469 2519 2048
2470  2470 2519 1048576
2471  2471 2519 2048
2472  2472 2519 2048
2473  2473 2519 18432
2474  2474 2519 2048
2475  2475 2519 2048
2476  2476 2519 1048576
2477  2477 2519 2048
2478  2478 2519 2048
2479  2479 2519 18432
2480  2480 2519 2048
2481  2481 2519 2048
2482  2482 2519 524288
2483  2483 2519 1024
2484  2484 2519 1024
2485  2485 2519 9216
2486  2486 2519 1024
2487  2487 2519 1024
2488  2488 2519 262144
2489  2489 2519 1024
2490  2490 2519 1024
2491  2491 2519 9216
2492  2492 2519 1024
2493  2493 2519 1024
2494  2494 2519 131072
2495  2495 2519 512
2496  2496 2519 512
2497  2497 2519 4608
2498  2498 2519 512
2499  2499 2519 512
2500  2500 2519 65536
2501  2501 2519 512
2502  2502 2519 512
2503  2503 2519 4608
2504  2504 2519 512
2505  2505 2519 512
2506  2506 2519 32768
2507  2507 2519 256
2508  2508 2519 256
2509  2509 2519 2304
2510  2510 2519 256
2511  2511 2519 256
2512  2512 2519 8192
2513  2513 2519 128
2514  2514 2519 128
2515  2515 2519 1152
2516  2516 2519 128
2517  2517 2519 128
2518  2518 2519 3456
