17:0  17 18 3010560
19:0  19 20 3456
19:1  19 20 7024640
19:2  19 20 8028160
19:3  19 20 2624
45:0  45 46 1152
45:1  45 46 128
46:0  46 47 8028160
71:0  71 72 8028160
73:0  73 74 8192
73:1  73 74 8028160
73:2  73 74 16056320
73:3  73 74 3072
99:0  99 100 2304
99:1  99 100 256
100:0  100 101 4014080
125:0  125 126 4014080
127:0  127 128 32768
127:1  127 128 4014080
127:2  127 128 8028160
127:3  127 128 6144
153:0  153 154 4608
153:1  153 154 512
154:0  154 155 8028160
179:0  179 180 8028160
181:0  181 182 65536
181:1  181 182 8028160
181:2  181 182 8028160
181:3  181 182 12288
207:0  207 208 4608
207:1  207 208 512
208:0  208 209 2007040
233:0  233 234 2007040
235:0  235 236 131072
235:1  235 236 2007040
235:2  235 236 4014080
235:3  235 236 12288
261:0  261 262 9216
261:1  261 262 1024
262:0  262 263 4014080
287:0  287 288 4014080
289:0  289 290 262144
289:1  289 290 4014080
289:2  289 290 4014080
289:3  289 290 1001472
289:4  289 290 65536
289:11  289 290 12288
289:12  289 290 24576
315:0  315 316 9216
315:1  315 316 1024
316:0  316 317 1003520
341:0  341 342 1003520
343:0  343 344 524288
343:1  343 344 1003520
343:2  343 344 2007040
343:3  343 344 491520
343:4  343 344 131072
343:11  343 344 12288
343:12  343 344 24576
369:0  369 370 18432
369:1  369 370 2048
370:0  370 371 2007040
395:0  395 396 2007040
397:0  397 398 1048576
397:1  397 398 2007040
397:2  397 398 2007040
397:3  397 398 491520
397:4  397 398 262144
397:59  397 398 122880
397:60  397 398 65536
397:67  397 398 12288
397:68  397 398 49152
423:0  423 424 18432
423:1  423 424 2048
424:0  424 425 2007040
449:0  449 450 2007040
451:0  451 452 1048576
451:1  451 452 2007040
451:2  451 452 2007040
451:3  451 452 491520
451:4  451 452 262144
451:59  451 452 122880
451:60  451 452 65536
451:67  451 452 12288
451:68  451 452 49152
477:0  477 478 18432
477:1  477 478 2048
478:0  478 479 2007040
503:0  503 504 2007040
505:0  505 506 1048576
505:1  505 506 2007040
505:2  505 506 2007040
505:3  505 506 491520
505:4  505 506 262144
505:59  505 506 122880
505:60  505 506 65536
505:67  505 506 12288
505:68  505 506 49152
531:0  531 532 18432
531:1  531 532 2048
532:0  532 533 2007040
557:0  557 558 2007040
559:0  559 560 1048576
559:1  559 560 2007040
559:2  559 560 2007040
559:3  559 560 491520
559:4  559 560 262144
559:59  559 560 122880
559:60  559 560 65536
559:67  559 560 12288
559:68  559 560 49152
585:0  585 586 18432
585:1  585 586 2048
586:0  586 587 2007040
611:0  611 612 2007040
613:0  613 614 1048576
613:1  613 614 2007040
613:2  613 614 2007040
613:3  613 614 491520
613:4  613 614 262144
613:59  613 614 122880
613:60  613 614 65536
613:67  613 614 12288
613:68  613 614 49152
639:0  639 640 18432
639:1  639 640 2048
640:0  640 641 501760
665:0  665 666 501760
667:0  667 668 2097152
667:1  667 668 501760
667:2  667 668 1003520
667:3  667 668 245760
667:4  667 668 524288
667:11  667 668 24576
667:12  667 668 49152
693:0  693 694 36864
693:1  693 694 4096
694:0  694 695 1003520
719:0  719 720 1003520
721:0  721 722 4194304
721:1  721 722 1003520
721:2  721 722 1003520
721:3  721 722 245760
721:4  721 722 1048576
721:59  721 722 61440
721:60  721 722 262144
721:67  721 722 24576
721:68  721 722 98304
750:0  750 751 4112384
750:1  750 751 20480
750:2  750 751 20096
750:3  750 751 98304
764:0  764 765 20480
764:1  764 765 32064
764:2  764 765 4100096
764:3  764 765 512
771:0  771 772 4100096
771:1  771 772 20096
771:2  771 772 20480
771:3  771 772 96128
778:0  778 779 1003520
802:0  802 803 1003520
802:1  802 803 1015808
802:2  802 803 4194304
802:3  802 803 23552
811:0  811 812 1015808
811:1  811 812 4194304
811:2  811 812 1015808
811:3  811 812 1032192
811:4  811 812 253952
811:65  811 812 258048
811:66  811 812 61440
811:73  811 812 24576
811:74  811 812 49152
811:75  811 812 98304
814:0  814 815 1003520
817:0  817 818 1003520
839:0  839 840 1003520
846:0  846 847 1003520
852:0  852 853 1003520
858:0  858 859 1003520
870:0  870 871 1003520
876:0  876 877 1003520
882:0  882 883 1003520
888:0  888 889 1003520
901:0  901 902 36864
901:1  901 902 4096
904:0  904 905 1003520
927:0  927 928 1003520
927:1  927 928 507904
927:2  927 928 2097152
927:3  927 928 23552
936:0  936 937 1015808
936:1  936 937 2097152
936:2  936 937 507904
936:3  936 937 516096
936:4  936 937 253952
936:71  936 937 122880
936:72  936 937 61440
936:79  936 937 24576
936:81  936 937 49152
936:82  936 937 98304
939:0  939 940 501760
942:0  942 943 501760
965:0  965 966 2007040
972:0  972 973 2007040
978:0  978 979 2007040
984:0  984 985 2007040
990:0  990 991 2007040
996:0  996 997 2007040
1002:0  1002 1003 2007040
1008:0  1008 1009 2007040
1014:0  1014 1015 2007040
1027:0  1027 1028 18432
1027:1  1027 1028 2048
1030:0  1030 1031 2007040
1054:0  1054 1055 2007040
1054:1  1054 1055 2007040
1054:2  1054 1055 1048576
1054:3  1054 1055 94080
1063:0  1063 1064 2007040
1063:1  1063 1064 1048576
1063:2  1063 1064 2007040
1063:3  1063 1064 491904
1063:4  1063 1064 499712
1063:65  1063 1064 117120
1063:66  1063 1064 124928
1063:73  1063 1064 12288
1063:74  1063 1064 24576
1063:76  1063 1064 49152
1066:0  1066 1067 2007040
1069:0  1069 1070 2007040
1091:0  1091 1092 2007040
1098:0  1098 1099 2007040
1104:0  1104 1105 2007040
1110:0  1110 1111 2007040
1122:0  1122 1123 2007040
1128:0  1128 1129 2007040
1134:0  1134 1135 2007040
1140:0  1140 1141 2007040
1153:0  1153 1154 18432
1153:1  1153 1154 2048
1156:0  1156 1157 2007040
1179:0  1179 1180 2007040
1179:1  1179 1180 2007040
1179:2  1179 1180 1048576
1179:3  1179 1180 94080
1188:0  1188 1189 2007040
1188:1  1188 1189 1048576
1188:2  1188 1189 2007040
1188:3  1188 1189 491904
1188:4  1188 1189 499712
1188:65  1188 1189 117120
1188:66  1188 1189 124928
1188:73  1188 1189 12288
1188:74  1188 1189 24576
1188:76  1188 1189 49152
1191:0  1191 1192 2007040
1194:0  1194 1195 2007040
1216:0  1216 1217 2007040
1223:0  1223 1224 2007040
1229:0  1229 1230 2007040
1235:0  1235 1236 2007040
1247:0  1247 1248 2007040
1253:0  1253 1254 2007040
1259:0  1259 1260 2007040
1265:0  1265 1266 2007040
1278:0  1278 1279 18432
1278:1  1278 1279 2048
1281:0  1281 1282 2007040
1304:0  1304 1305 2007040
1304:1  1304 1305 2007040
1304:2  1304 1305 1048576
1304:3  1304 1305 94080
1313:0  1313 1314 2007040
1313:1  1313 1314 1048576
1313:2  1313 1314 2007040
1313:3  1313 1314 491904
1313:4  1313 1314 499712
1313:65  1313 1314 117120
1313:66  1313 1314 124928
1313:73  1313 1314 12288
1313:74  1313 1314 24576
1313:76  1313 1314 49152
1316:0  1316 1317 2007040
1319:0  1319 1320 2007040
1341:0  1341 1342 2007040
1348:0  1348 1349 2007040
1354:0  1354 1355 2007040
1360:0  1360 1361 2007040
1372:0  1372 1373 2007040
1378:0  1378 1379 2007040
1384:0  1384 1385 2007040
1390:0  1390 1391 2007040
1403:0  1403 1404 18432
1403:1  1403 1404 2048
1406:0  1406 1407 2007040
1429:0  1429 1430 2007040
1429:1  1429 1430 2007040
1429:2  1429 1430 1048576
1429:3  1429 1430 94080
1438:0  1438 1439 2007040
1438:1  1438 1439 1048576
1438:2  1438 1439 2007040
1438:3  1438 1439 491904
1438:4  1438 1439 499712
1438:65  1438 1439 117120
1438:66  1438 1439 124928
1438:73  1438 1439 12288
1438:74  1438 1439 24576
1438:76  1438 1439 49152
1441:0  1441 1442 2007040
1444:0  1444 1445 2007040
1466:0  1466 1467 2007040
1473:0  1473 1474 2007040
1479:0  1479 1480 2007040
1485:0  1485 1486 2007040
1497:0  1497 1498 2007040
1503:0  1503 1504 2007040
1509:0  1509 1510 2007040
1515:0  1515 1516 2007040
1528:0  1528 1529 18432
1528:1  1528 1529 2048
1531:0  1531 1532 2007040
1554:0  1554 1555 2007040
1554:1  1554 1555 2007040
1554:2  1554 1555 1048576
1554:3  1554 1555 94080
1563:0  1563 1564 2007040
1563:1  1563 1564 1048576
1563:2  1563 1564 2007040
1563:3  1563 1564 491904
1563:4  1563 1564 499712
1563:65  1563 1564 117120
1563:66  1563 1564 124928
1563:73  1563 1564 12288
1563:74  1563 1564 24576
1563:76  1563 1564 49152
1566:0  1566 1567 2007040
1569:0  1569 1570 2007040
1591:0  1591 1592 2007040
1598:0  1598 1599 2007040
1604:0  1604 1605 2007040
1610:0  1610 1611 2007040
1622:0  1622 1623 2007040
1628:0  1628 1629 2007040
1634:0  1634 1635 2007040
1640:0  1640 1641 2007040
1653:0  1653 1654 18432
1653:1  1653 1654 2048
1656:0  1656 1657 2007040
1679:0  1679 1680 2007040
1679:1  1679 1680 1003520
1679:2  1679 1680 524288
1679:3  1679 1680 94080
1688:0  1688 1689 2007040
1688:1  1688 1689 524288
1688:2  1688 1689 1003520
1688:3  1688 1689 234240
1688:4  1688 1689 499712
1688:11  1688 1689 24576
1688:13  1688 1689 49152
1691:0  1691 1692 1003520
1694:0  1694 1695 1003520
1717:0  1717 1718 4014080
1724:0  1724 1725 4014080
1730:0  1730 1731 4014080
1736:0  1736 1737 4014080
1742:0  1742 1743 4014080
1748:0  1748 1749 4014080
1754:0  1754 1755 4014080
1760:0  1760 1761 4014080
1766:0  1766 1767 4014080
1779:0  1779 1780 9216
1779:1  1779 1780 1024
1782:0  1782 1783 4014080
1806:0  1806 1807 4014080
1806:1  1806 1807 4014080
1806:2  1806 1807 262144
1806:3  1806 1807 940800
1806:4  1806 1807 1003520
1806:11  1806 1807 188160
1806:12  1806 1807 376320
1815:0  1815 1816 4014080
1815:1  1815 1816 262144
1815:2  1815 1816 4014080
1815:3  1815 1816 940800
1815:4  1815 1816 1003520
1815:11  1815 1816 12288
1815:12  1815 1816 24576
1818:0  1818 1819 4014080
1821:0  1821 1822 4014080
1843:0  1843 1844 4014080
1850:0  1850 1851 4014080
1856:0  1856 1857 4014080
1862:0  1862 1863 4014080
1874:0  1874 1875 4014080
1880:0  1880 1881 4014080
1886:0  1886 1887 4014080
1892:0  1892 1893 4014080
1905:0  1905 1906 9216
1905:1  1905 1906 1024
1908:0  1908 1909 4014080
1931:0  1931 1932 4014080
1931:1  1931 1932 2007040
1931:2  1931 1932 131072
1931:3  1931 1932 470400
1931:4  1931 1932 1003520
1931:11  1931 1932 188160
1931:12  1931 1932 376320
1940:0  1940 1941 4014080
1940:1  1940 1941 131072
1940:2  1940 1941 2007040
1940:3  1940 1941 24576
1943:0  1943 1944 2007040
1946:0  1946 1947 2007040
1969:0  1969 1970 8028160
1976:0  1976 1977 8028160
1982:0  1982 1983 8028160
1988:0  1988 1989 8028160
1994:0  1994 1995 8028160
2000:0  2000 2001 8028160
2006:0  2006 2007 8028160
2012:0  2012 2013 8028160
2018:0  2018 2019 8028160
2031:0  2031 2032 4608
2031:1  2031 2032 512
2034:0  2034 2035 8028160
2058:0  2058 2059 8028160
2058:1  2058 2059 8028160
2058:2  2058 2059 65536
2058:3  2058 2059 1881600
2058:4  2058 2059 2007040
2058:11  2058 2059 752640
2058:12  2058 2059 1505280
2067:0  2067 2068 8028160
2067:1  2067 2068 65536
2067:2  2067 2068 8028160
2067:3  2067 2068 12288
2070:0  2070 2071 8028160
2073:0  2073 2074 8028160
2095:0  2095 2096 8028160
2102:0  2102 2103 8028160
2108:0  2108 2109 8028160
2114:0  2114 2115 8028160
2126:0  2126 2127 8028160
2132:0  2132 2133 8028160
2138:0  2138 2139 8028160
2144:0  2144 2145 8028160
2157:0  2157 2158 4608
2157:1  2157 2158 512
2160:0  2160 2161 8028160
2183:0  2183 2184 8028160
2183:1  2183 2184 4014080
2183:2  2183 2184 32768
2183:3  2183 2184 1505280
2192:0  2192 2193 8028160
2192:1  2192 2193 32768
2192:2  2192 2193 4014080
2192:3  2192 2193 12288
2195:0  2195 2196 4014080
2198:0  2198 2199 4014080
2221:0  2221 2222 16056320
2228:0  2228 2229 16056320
2234:0  2234 2235 16056320
2240:0  2240 2241 16056320
2246:0  2246 2247 16056320
2252:0  2252 2253 16056320
2258:0  2258 2259 16056320
2264:0  2264 2265 16056320
2270:0  2270 2271 16056320
2283:0  2283 2284 2304
2283:1  2283 2284 256
2286:0  2286 2287 16056320
2310:0  2310 2311 16056320
2310:1  2310 2311 8028160
2310:2  2310 2311 8192
2310:3  2310 2311 6021120
2319:0  2319 2320 16056320
2319:1  2319 2320 8192
2319:2  2319 2320 8028160
2319:3  2319 2320 6144
2322:0  2322 2323 8028160
2325:0  2325 2326 8028160
2348:0  2348 2349 8028160
2355:0  2355 2356 8028160
2361:0  2361 2362 8028160
2367:0  2367 2368 8028160
2379:0  2379 2380 8028160
2385:0  2385 2386 8028160
2391:0  2391 2392 8028160
2397:0  2397 2398 8028160
2410:0  2410 2411 1152
2410:1  2410 2411 128
2413:0  2413 2414 8028160
2436:0  2436 2437 8028160
2436:1  2436 2437 6773760
2436:2  2436 2437 3456
2436:3  2436 2437 6021120
0  0 2 64
1  1 4 64
2  2 5 64
3  3 5 64
4  4 7 64
5  5 9 20032
6  6 8 64
7  7 9 20032
8  8 15 20032
9  9 11 64
10  10 12 64
11  11 13 64
12  12 14 64
13  13 15 20032
14  14 755 20032
15  15 17 3010560
16  16 18 4014080
17  17 2437 6773760
18  18 20 3456
19  19 25 8028160
20  20 22 8028160
21  21 23 1605632
22  22 24 1605632
23  23 26 128
24  24 28 8028160
25  25 27 128
26  26 28 8028160
27  27 39 8028160
28  28 30 8028160
29  29 31 8028160
30  30 32 1605632
31  31 33 1605632
32  32 34 128
33  33 35 128
34  34 36 128
35  35 37 128
36  36 38 128
37  37 2425 8028160
38  38 2419 8028160
39  39 2424 8028160
40  40 43 8028160
41  41 43 8028160
42  42 44 8028160
43  43 2406 8028160
44  44 2398 8028160
45  45 51 8028160
46  46 48 8028160
47  47 49 1605632
48  48 50 1605632
49  49 52 128
50  50 54 8028160
51  51 53 128
52  52 54 8028160
53  53 65 8028160
54  54 56 8028160
55  55 57 8028160
56  56 58 1605632
57  57 59 1605632
58  58 60 128
59  59 61 128
60  60 62 128
61  61 63 128
62  62 64 128
63  63 2337 8028160
64  64 2331 8028160
65  65 2336 8028160
66  66 69 8028160
67  67 69 8028160
68  68 70 8028160
69  69 2314 8028160
70  70 72 8028160
71  71 2311 8028160
72  72 74 8192
73  73 79 16056320
74  74 76 16056320
75  75 77 3211264
76  76 78 3211264
77  77 80 256
78  78 82 16056320
79  79 81 256
80  80 82 16056320
81  81 93 16056320
82  82 84 16056320
83  83 85 16056320
84  84 86 3211264
85  85 87 3211264
86  86 88 256
87  87 89 256
88  88 90 256
89  89 91 256
90  90 92 256
91  91 2298 16056320
92  92 2292 16056320
93  93 2297 16056320
94  94 97 16056320
95  95 97 16056320
96  96 98 16056320
97  97 2279 16056320
98  98 2271 16056320
99  99 105 4014080
100  100 102 4014080
101  101 103 802816
102  102 104 802816
103  103 106 256
104  104 108 4014080
105  105 107 256
106  106 108 4014080
107  107 119 4014080
108  108 110 4014080
109  109 111 4014080
110  110 112 802816
111  111 113 802816
112  112 114 256
113  113 115 256
114  114 116 256
115  115 117 256
116  116 118 256
117  117 2210 4014080
118  118 2204 4014080
119  119 2209 4014080
120  120 123 4014080
121  121 123 4014080
122  122 124 4014080
123  123 2187 4014080
124  124 126 4014080
125  125 2184 4014080
126  126 128 32768
127  127 133 8028160
128  128 130 8028160
129  129 131 1605632
130  130 132 1605632
131  131 134 512
132  132 136 8028160
133  133 135 512
134  134 136 8028160
135  135 147 8028160
136  136 138 8028160
137  137 139 8028160
138  138 140 1605632
139  139 141 1605632
140  140 142 512
141  141 143 512
142  142 144 512
143  143 145 512
144  144 146 512
145  145 2172 8028160
146  146 2166 8028160
147  147 2171 8028160
148  148 151 8028160
149  149 151 8028160
150  150 152 8028160
151  151 2153 8028160
152  152 2145 8028160
153  153 159 8028160
154  154 156 8028160
155  155 157 1605632
156  156 158 1605632
157  157 160 512
158  158 162 8028160
159  159 161 512
160  160 162 8028160
161  161 173 8028160
162  162 164 8028160
163  163 165 8028160
164  164 166 1605632
165  165 167 1605632
166  166 168 512
167  167 169 512
168  168 170 512
169  169 171 512
170  170 172 512
171  171 2085 8028160
172  172 2079 8028160
173  173 2084 8028160
174  174 177 8028160
175  175 177 8028160
176  176 178 8028160
177  177 2062 8028160
178  178 180 8028160
179  179 2059 8028160
180  180 182 65536
181  181 187 8028160
182  182 184 8028160
183  183 185 1605632
184  184 186 1605632
185  185 188 512
186  186 190 8028160
187  187 189 512
188  188 190 8028160
189  189 201 8028160
190  190 192 8028160
191  191 193 8028160
192  192 194 1605632
193  193 195 1605632
194  194 196 512
195  195 197 512
196  196 198 512
197  197 199 512
198  198 200 512
199  199 2046 8028160
200  200 2040 8028160
201  201 2045 8028160
202  202 205 8028160
203  203 205 8028160
204  204 206 8028160
205  205 2027 8028160
206  206 2019 8028160
207  207 213 2007040
208  208 210 2007040
209  209 211 401408
210  210 212 401408
211  211 214 512
212  212 216 2007040
213  213 215 512
214  214 216 2007040
215  215 227 2007040
216  216 218 2007040
217  217 219 2007040
218  218 220 401408
219  219 221 401408
220  220 222 512
221  221 223 512
222  222 224 512
223  223 225 512
224  224 226 512
225  225 1958 2007040
226  226 1952 2007040
227  227 1957 2007040
228  228 231 2007040
229  229 231 2007040
230  230 232 2007040
231  231 1935 2007040
232  232 234 2007040
233  233 1932 2007040
234  234 236 131072
235  235 241 4014080
236  236 238 4014080
237  237 239 802816
238  238 240 802816
239  239 242 1024
240  240 244 4014080
241  241 243 1024
242  242 244 4014080
243  243 255 4014080
244  244 246 4014080
245  245 247 4014080
246  246 248 802816
247  247 249 802816
248  248 250 1024
249  249 251 1024
250  250 252 1024
251  251 253 1024
252  252 254 1024
253  253 1920 4014080
254  254 1914 4014080
255  255 1919 4014080
256  256 259 4014080
257  257 259 4014080
258  258 260 4014080
259  259 1901 4014080
260  260 1893 4014080
261  261 267 4014080
262  262 264 4014080
263  263 265 802816
264  264 266 802816
265  265 268 1024
266  266 270 4014080
267  267 269 1024
268  268 270 4014080
269  269 281 4014080
270  270 272 4014080
271  271 273 4014080
272  272 274 802816
273  273 275 802816
274  274 276 1024
275  275 277 1024
276  276 278 1024
277  277 279 1024
278  278 280 1024
279  279 1833 4014080
280  280 1827 4014080
281  281 1832 4014080
282  282 285 4014080
283  283 285 4014080
284  284 286 4014080
285  285 1810 4014080
286  286 288 4014080
287  287 1807 4014080
288  288 290 262144
289  289 295 4014080
290  290 292 4014080
291  291 293 802816
292  292 294 802816
293  293 296 1024
294  294 298 4014080
295  295 297 1024
296  296 298 4014080
297  297 309 4014080
298  298 300 4014080
299  299 301 4014080
300  300 302 802816
301  301 303 802816
302  302 304 1024
303  303 305 1024
304  304 306 1024
305  305 307 1024
306  306 308 1024
307  307 1794 4014080
308  308 1788 4014080
309  309 1793 4014080
310  310 313 4014080
311  311 313 4014080
312  312 314 4014080
313  313 1775 4014080
314  314 1767 4014080
315  315 321 1003520
316  316 318 1003520
317  317 319 200704
318  318 320 200704
319  319 322 1024
320  320 324 1003520
321  321 323 1024
322  322 324 1003520
323  323 335 1003520
324  324 326 1003520
325  325 327 1003520
326  326 328 200704
327  327 329 200704
328  328 330 1024
329  329 331 1024
330  330 332 1024
331  331 333 1024
332  332 334 1024
333  333 1706 1003520
334  334 1700 1003520
335  335 1705 1003520
336  336 339 1003520
337  337 339 1003520
338  338 340 1003520
339  339 1683 1003520
340  340 342 1003520
341  341 1680 1003520
342  342 344 524288
343  343 349 2007040
344  344 346 2007040
345  345 347 401408
346  346 348 401408
347  347 350 2048
348  348 352 2007040
349  349 351 2048
350  350 352 2007040
351  351 363 2007040
352  352 354 2007040
353  353 355 2007040
354  354 356 401408
355  355 357 401408
356  356 358 2048
357  357 359 2048
358  358 360 2048
359  359 361 2048
360  360 362 2048
361  361 1668 2007040
362  362 1662 2007040
363  363 1667 2007040
364  364 367 2007040
365  365 367 2007040
366  366 368 2007040
367  367 1649 2007040
368  368 1641 2007040
369  369 375 2007040
370  370 372 2007040
371  371 373 401408
372  372 374 401408
373  373 376 2048
374  374 378 2007040
375  375 377 2048
376  376 378 2007040
377  377 389 2007040
378  378 380 2007040
379  379 381 2007040
380  380 382 401408
381  381 383 401408
382  382 384 2048
383  383 385 2048
384  384 386 2048
385  385 387 2048
386  386 388 2048
387  387 1581 2007040
388  388 1575 2007040
389  389 1580 2007040
390  390 393 2007040
391  391 393 2007040
392  392 394 2007040
393  393 1558 2007040
394  394 396 2007040
395  395 1555 2007040
396  396 398 1048576
397  397 403 2007040
398  398 400 2007040
399  399 401 401408
400  400 402 401408
401  401 404 2048
402  402 406 2007040
403  403 405 2048
404  404 406 2007040
405  405 417 2007040
406  406 408 2007040
407  407 409 2007040
408  408 410 401408
409  409 411 401408
410  410 412 2048
411  411 413 2048
412  412 414 2048
413  413 415 2048
414  414 416 2048
415  415 1543 2007040
416  416 1537 2007040
417  417 1542 2007040
418  418 421 2007040
419  419 421 2007040
420  420 422 2007040
421  421 1524 2007040
422  422 1516 2007040
423  423 429 2007040
424  424 426 2007040
425  425 427 401408
426  426 428 401408
427  427 430 2048
428  428 432 2007040
429  429 431 2048
430  430 432 2007040
431  431 443 2007040
432  432 434 2007040
433  433 435 2007040
434  434 436 401408
435  435 437 401408
436  436 438 2048
437  437 439 2048
438  438 440 2048
439  439 441 2048
440  440 442 2048
441  441 1456 2007040
442  442 1450 2007040
443  443 1455 2007040
444  444 447 2007040
445  445 447 2007040
446  446 448 2007040
447  447 1433 2007040
448  448 450 2007040
449  449 1430 2007040
450  450 452 1048576
451  451 457 2007040
452  452 454 2007040
453  453 455 401408
454  454 456 401408
455  455 458 2048
456  456 460 2007040
457  457 459 2048
458  458 460 2007040
459  459 471 2007040
460  460 462 2007040
461  461 463 2007040
462  462 464 401408
463  463 465 401408
464  464 466 2048
465  465 467 2048
466  466 468 2048
467  467 469 2048
468  468 470 2048
469  469 1418 2007040
470  470 1412 2007040
471  471 1417 2007040
472  472 475 2007040
473  473 475 2007040
474  474 476 2007040
475  475 1399 2007040
476  476 1391 2007040
477  477 483 2007040
478  478 480 2007040
479  479 481 401408
480  480 482 401408
481  481 484 2048
482  482 486 2007040
483  483 485 2048
484  484 486 2007040
485  485 497 2007040
486  486 488 2007040
487  487 489 2007040
488  488 490 401408
489  489 491 401408
490  490 492 2048
491  491 493 2048
492  492 494 2048
493  493 495 2048
494  494 496 2048
495  495 1331 2007040
496  496 1325 2007040
497  497 1330 2007040
498  498 501 2007040
499  499 501 2007040
500  500 502 2007040
501  501 1308 2007040
502  502 504 2007040
503  503 1305 2007040
504  504 506 1048576
505  505 511 2007040
506  506 508 2007040
507  507 509 401408
508  508 510 401408
509  509 512 2048
510  510 514 2007040
511  511 513 2048
512  512 514 2007040
513  513 525 2007040
514  514 516 2007040
515  515 517 2007040
516  516 518 401408
517  517 519 401408
518  518 520 2048
519  519 521 2048
520  520 522 2048
521  521 523 2048
522  522 524 2048
523  523 1293 2007040
524  524 1287 2007040
525  525 1292 2007040
526  526 529 2007040
527  527 529 2007040
528  528 530 2007040
529  529 1274 2007040
530  530 1266 2007040
531  531 537 2007040
532  532 534 2007040
533  533 535 401408
534  534 536 401408
535  535 538 2048
536  536 540 2007040
537  537 539 2048
538  538 540 2007040
539  539 551 2007040
540  540 542 2007040
541  541 543 2007040
542  542 544 401408
543  543 545 401408
544  544 546 2048
545  545 547 2048
546  546 548 2048
547  547 549 2048
548  548 550 2048
549  549 1206 2007040
550  550 1200 2007040
551  551 1205 2007040
552  552 555 2007040
553  553 555 2007040
554  554 556 2007040
555  555 1183 2007040
556  556 558 2007040
557  557 1180 2007040
558  558 560 1048576
559  559 565 2007040
560  560 562 2007040
561  561 563 401408
562  562 564 401408
563  563 566 2048
564  564 568 2007040
565  565 567 2048
566  566 568 2007040
567  567 579 2007040
568  568 570 2007040
569  569 571 2007040
570  570 572 401408
571  571 573 401408
572  572 574 2048
573  573 575 2048
574  574 576 2048
575  575 577 2048
576  576 578 2048
577  577 1168 2007040
578  578 1162 2007040
579  579 1167 2007040
580  580 583 2007040
581  581 583 2007040
582  582 584 2007040
583  583 1149 2007040
584  584 1141 2007040
585  585 591 2007040
586  586 588 2007040
587  587 589 401408
588  588 590 401408
589  589 592 2048
590  590 594 2007040
591  591 593 2048
592  592 594 2007040
593  593 605 2007040
594  594 596 2007040
595  595 597 2007040
596  596 598 401408
597  597 599 401408
598  598 600 2048
599  599 601 2048
600  600 602 2048
601  601 603 2048
602  602 604 2048
603  603 1081 2007040
604  604 1075 2007040
605  605 1080 2007040
606  606 609 2007040
607  607 609 2007040
608  608 610 2007040
609  609 1058 2007040
610  610 612 2007040
611  611 1055 2007040
612  612 614 1048576
613  613 619 2007040
614  614 616 2007040
615  615 617 401408
616  616 618 401408
617  617 620 2048
618  618 622 2007040
619  619 621 2048
620  620 622 2007040
621  621 633 2007040
622  622 624 2007040
623  623 625 2007040
624  624 626 401408
625  625 627 401408
626  626 628 2048
627  627 629 2048
628  628 630 2048
629  629 631 2048
630  630 632 2048
631  631 1042 2007040
632  632 1036 2007040
633  633 1041 2007040
634  634 637 2007040
635  635 637 2007040
636  636 638 2007040
637  637 1023 2007040
638  638 1015 2007040
639  639 645 501760
640  640 642 501760
641  641 643 100352
642  642 644 100352
643  643 646 2048
644  644 648 501760
645  645 647 2048
646  646 648 501760
647  647 659 501760
648  648 650 501760
649  649 651 501760
650  650 652 100352
651  651 653 100352
652  652 654 2048
653  653 655 2048
654  654 656 2048
655  655 657 2048
656  656 658 2048
657  657 954 501760
658  658 948 501760
659  659 953 501760
660  660 663 501760
661  661 663 501760
662  662 664 501760
663  663 931 501760
664  664 666 501760
665  665 928 501760
666  666 668 2097152
667  667 673 1003520
668  668 670 1003520
669  669 671 200704
670  670 672 200704
671  671 674 4096
672  672 676 1003520
673  673 675 4096
674  674 676 1003520
675  675 687 1003520
676  676 678 1003520
677  677 679 1003520
678  678 680 200704
679  679 681 200704
680  680 682 4096
681  681 683 4096
682  682 684 4096
683  683 685 4096
684  684 686 4096
685  685 916 1003520
686  686 910 1003520
687  687 915 1003520
688  688 691 1003520
689  689 691 1003520
690  690 692 1003520
691  691 897 1003520
692  692 889 1003520
693  693 699 1003520
694  694 696 1003520
695  695 697 200704
696  696 698 200704
697  697 700 4096
698  698 702 1003520
699  699 701 4096
700  700 702 1003520
701  701 713 1003520
702  702 704 1003520
703  703 705 1003520
704  704 706 200704
705  705 707 200704
706  706 708 4096
707  707 709 4096
708  708 710 4096
709  709 711 4096
710  710 712 4096
711  711 829 1003520
712  712 823 1003520
713  713 828 1003520
714  714 717 1003520
715  715 717 1003520
716  716 718 1003520
717  717 806 1003520
718  718 720 1003520
719  719 803 1003520
720  720 722 4194304
721  721 727 1003520
722  722 724 1003520
723  723 725 200704
724  724 726 200704
725  725 728 4096
726  726 730 1003520
727  727 729 4096
728  728 730 1003520
729  729 741 1003520
730  730 732 1003520
731  731 733 1003520
732  732 734 200704
733  733 735 200704
734  734 736 4096
735  735 737 4096
736  736 738 4096
737  737 739 4096
738  738 740 4096
739  739 790 1003520
740  740 784 1003520
741  741 789 1003520
742  742 745 1003520
743  743 745 1003520
744  744 746 1003520
745  745 768 1003520
746  746 748 1003520
747  747 749 20480
748  748 750 20480
749  749 765 20480
750  750 753 20032
751  751 753 20032
752  752 754 20032
753  753 762 20032
754  754 761 20032
755  755 757 20032
756  756 758 20032
757  757 759 64
758  758 760 64
759  759 761 20032
760  760 762 20032
761  761 772 20032
762  762 764 20032
763  763 2438 4032
764  764 2519 4100096
765  765 767 1003520
766  766 771 1003520
767  767 769 1003520
768  768 770 1003520
769  769 771 1003520
770  770 777 1003520
771  771 773 20480
772  772 774 20480
773  773 775 49172480
774  774 776 1003520
775  775 777 1003520
776  776 778 1003520
777  777 783 1003520
778  778 780 1003520
779  779 781 200704
780  780 782 200704
781  781 2439 4096
782  782 789 1003520
783  783 785 1003520
784  784 786 1003520
785  785 787 200704
786  786 788 200704
787  787 2440 4096
788  788 790 1003520
789  789 801 1003520
790  790 792 1003520
791  791 793 1003520
792  792 794 200704
793  793 795 200704
794  794 796 4096
795  795 797 4096
796  796 799 4096
797  797 925 1003520
798  798 800 1003520
799  799 801 1003520
800  800 811 1003520
801  801 803 1003520
802  802 2441 4194304
803  803 805 1003520
804  804 809 1003520
805  805 807 1003520
806  806 808 1003520
807  807 809 1003520
808  808 816 1003520
809  809 812 4194304
810  810 812 1003520
811  811 813 1003520
812  812 814 1003520
813  813 815 1003520
814  814 816 1003520
815  815 817 1003520
816  816 822 1003520
817  817 819 1003520
818  818 820 200704
819  819 821 200704
820  820 2442 4096
821  821 828 1003520
822  822 824 1003520
823  823 825 1003520
824  824 826 200704
825  825 827 200704
826  826 2443 4096
827  827 829 1003520
828  828 839 1003520
829  829 831 1003520
830  830 832 1003520
831  831 833 200704
832  832 834 200704
833  833 835 4096
834  834 836 4096
835  835 837 4096
836  836 838 1003520
837  837 839 1003520
838  838 901 1003520
839  839 842 1003520
840  840 890 1003520
841  841 843 1003520
842  842 844 1003520
843  843 845 20480
844  844 846 20480
845  845 2444 4096
846  846 848 1003520
847  847 849 1003520
848  848 850 1003520
849  849 851 20480
850  850 852 20480
851  851 2444 4096
852  852 854 1003520
853  853 855 1003520
854  854 856 1003520
855  855 857 20480
856  856 858 20480
857  857 2444 4096
858  858 860 1003520
859  859 861 1003520
860  860 862 1003520
861  861 863 20480
862  862 864 20480
863  863 2444 4096
864  864 866 1003520
865  865 867 1003520
866  866 868 1003520
867  867 869 20480
868  868 870 20480
869  869 2444 4096
870  870 872 1003520
871  871 873 1003520
872  872 874 1003520
873  873 875 20480
874  874 876 20480
875  875 2444 4096
876  876 878 1003520
877  877 879 1003520
878  878 880 1003520
879  879 881 20480
880  880 882 20480
881  881 2444 4096
882  882 884 1003520
883  883 885 1003520
884  884 886 1003520
885  885 887 20480
886  886 888 20480
887  887 2444 4096
888  888 890 1003520
889  889 891 1003520
890  890 892 1003520
891  891 893 20480
892  892 894 20480
893  893 2444 4096
894  894 896 1003520
895  895 900 1003520
896  896 898 1003520
897  897 899 1003520
898  898 900 1003520
899  899 903 1003520
900  900 902 1003520
901  901 903 1003520
902  902 904 1003520
903  903 909 1003520
904  904 906 1003520
905  905 907 200704
906  906 908 200704
907  907 2445 4096
908  908 915 1003520
909  909 911 1003520
910  910 912 1003520
911  911 913 200704
912  912 914 200704
913  913 2446 4096
914  914 916 1003520
915  915 926 1003520
916  916 918 1003520
917  917 919 1003520
918  918 920 200704
919  919 921 200704
920  920 922 4096
921  921 923 4096
922  922 924 4096
923  923 925 1003520
924  924 926 1003520
925  925 936 1003520
926  926 928 1003520
927  927 2447 2097152
928  928 930 501760
929  929 934 501760
930  930 932 501760
931  931 933 501760
932  932 934 501760
933  933 941 501760
934  934 937 2097152
935  935 937 1003520
936  936 938 501760
937  937 939 501760
938  938 940 501760
939  939 941 501760
940  940 942 501760
941  941 947 501760
942  942 944 501760
943  943 945 100352
944  944 946 100352
945  945 2448 2048
946  946 953 501760
947  947 949 501760
948  948 950 501760
949  949 951 100352
950  950 952 100352
951  951 2449 2048
952  952 954 501760
953  953 965 501760
954  954 956 501760
955  955 957 501760
956  956 958 100352
957  957 959 100352
958  958 960 2048
959  959 961 2048
960  960 963 2048
961  961 964 501760
962  962 964 501760
963  963 965 501760
964  964 1027 501760
965  965 968 501760
966  966 1016 501760
967  967 969 501760
968  968 970 501760
969  969 971 10240
970  970 972 10240
971  971 2450 2048
972  972 974 501760
973  973 975 501760
974  974 976 501760
975  975 977 10240
976  976 978 10240
977  977 2450 2048
978  978 980 501760
979  979 981 501760
980  980 982 501760
981  981 983 10240
982  982 984 10240
983  983 2450 2048
984  984 986 501760
985  985 987 501760
986  986 988 501760
987  987 989 10240
988  988 990 10240
989  989 2450 2048
990  990 992 501760
991  991 993 501760
992  992 994 501760
993  993 995 10240
994  994 996 10240
995  995 2450 2048
996  996 998 501760
997  997 999 501760
998  998 1000 501760
999  999 1001 10240
1000  1000 1002 10240
1001  1001 2450 2048
1002  1002 1004 501760
1003  1003 1005 501760
1004  1004 1006 501760
1005  1005 1007 10240
1006  1006 1008 10240
1007  1007 2450 2048
1008  1008 1010 501760
1009  1009 1011 501760
1010  1010 1012 501760
1011  1011 1013 10240
1012  1012 1014 10240
1013  1013 2450 2048
1014  1014 1016 501760
1015  1015 1017 501760
1016  1016 1018 501760
1017  1017 1019 10240
1018  1018 1020 10240
1019  1019 2450 2048
1020  1020 1022 2007040
1021  1021 1026 2007040
1022  1022 1024 2007040
1023  1023 1025 2007040
1024  1024 1026 2007040
1025  1025 1029 2007040
1026  1026 1028 501760
1027  1027 1029 2007040
1028  1028 1030 2007040
1029  1029 1035 2007040
1030  1030 1032 2007040
1031  1031 1033 401408
1032  1032 1034 401408
1033  1033 2451 2048
1034  1034 1041 2007040
1035  1035 1037 2007040
1036  1036 1038 2007040
1037  1037 1039 401408
1038  1038 1040 401408
1039  1039 2452 2048
1040  1040 1042 2007040
1041  1041 1053 2007040
1042  1042 1044 2007040
1043  1043 1045 2007040
1044  1044 1046 401408
1045  1045 1047 401408
1046  1046 1048 2048
1047  1047 1049 2048
1048  1048 1051 2048
1049  1049 1677 2007040
1050  1050 1052 2007040
1051  1051 1053 2007040
1052  1052 1063 2007040
1053  1053 1055 2007040
1054  1054 2453 1048576
1055  1055 1057 2007040
1056  1056 1061 2007040
1057  1057 1059 2007040
1058  1058 1060 2007040
1059  1059 1061 2007040
1060  1060 1068 2007040
1061  1061 1064 1048576
1062  1062 1064 2007040
1063  1063 1065 2007040
1064  1064 1066 2007040
1065  1065 1067 2007040
1066  1066 1068 2007040
1067  1067 1069 2007040
1068  1068 1074 2007040
1069  1069 1071 2007040
1070  1070 1072 401408
1071  1071 1073 401408
1072  1072 2454 2048
1073  1073 1080 2007040
1074  1074 1076 2007040
1075  1075 1077 2007040
1076  1076 1078 401408
1077  1077 1079 401408
1078  1078 2455 2048
1079  1079 1081 2007040
1080  1080 1091 2007040
1081  1081 1083 2007040
1082  1082 1084 2007040
1083  1083 1085 401408
1084  1084 1086 401408
1085  1085 1087 2048
1086  1086 1088 2048
1087  1087 1089 2048
1088  1088 1090 2007040
1089  1089 1091 2007040
1090  1090 1153 2007040
1091  1091 1094 2007040
1092  1092 1142 2007040
1093  1093 1095 2007040
1094  1094 1096 2007040
1095  1095 1097 10240
1096  1096 1098 10240
1097  1097 2456 2048
1098  1098 1100 2007040
1099  1099 1101 2007040
1100  1100 1102 2007040
1101  1101 1103 10240
1102  1102 1104 10240
1103  1103 2456 2048
1104  1104 1106 2007040
1105  1105 1107 2007040
1106  1106 1108 2007040
1107  1107 1109 10240
1108  1108 1110 10240
1109  1109 2456 2048
1110  1110 1112 2007040
1111  1111 1113 2007040
1112  1112 1114 2007040
1113  1113 1115 10240
1114  1114 1116 10240
1115  1115 2456 2048
1116  1116 1118 2007040
1117  1117 1119 2007040
1118  1118 1120 2007040
1119  1119 1121 10240
1120  1120 1122 10240
1121  1121 2456 2048
1122  1122 1124 2007040
1123  1123 1125 2007040
1124  1124 1126 2007040
1125  1125 1127 10240
1126  1126 1128 10240
1127  1127 2456 2048
1128  1128 1130 2007040
1129  1129 1131 2007040
1130  1130 1132 2007040
1131  1131 1133 10240
1132  1132 1134 10240
1133  1133 2456 2048
1134  1134 1136 2007040
1135  1135 1137 2007040
1136  1136 1138 2007040
1137  1137 1139 10240
1138  1138 1140 10240
1139  1139 2456 2048
1140  1140 1142 2007040
1141  1141 1143 2007040
1142  1142 1144 2007040
1143  1143 1145 10240
1144  1144 1146 10240
1145  1145 2456 2048
1146  1146 1148 2007040
1147  1147 1152 2007040
1148  1148 1150 2007040
1149  1149 1151 2007040
1150  1150 1152 2007040
1151  1151 1155 2007040
1152  1152 1154 2007040
1153  1153 1155 2007040
1154  1154 1156 2007040
1155  1155 1161 2007040
1156  1156 1158 2007040
1157  1157 1159 401408
1158  1158 1160 401408
1159  1159 2457 2048
1160  1160 1167 2007040
1161  1161 1163 2007040
1162  1162 1164 2007040
1163  1163 1165 401408
1164  1164 1166 401408
1165  1165 2458 2048
1166  1166 1168 2007040
1167  1167 1178 2007040
1168  1168 1170 2007040
1169  1169 1171 2007040
1170  1170 1172 401408
1171  1171 1173 401408
1172  1172 1174 2048
1173  1173 1175 2048
1174  1174 1176 2048
1175  1175 1177 2007040
1176  1176 1178 2007040
1177  1177 1188 2007040
1178  1178 1180 2007040
1179  1179 2459 1048576
1180  1180 1182 2007040
1181  1181 1186 2007040
1182  1182 1184 2007040
1183  1183 1185 2007040
1184  1184 1186 2007040
1185  1185 1193 2007040
1186  1186 1189 1048576
1187  1187 1189 2007040
1188  1188 1190 2007040
1189  1189 1191 2007040
1190  1190 1192 2007040
1191  1191 1193 2007040
1192  1192 1194 2007040
1193  1193 1199 2007040
1194  1194 1196 2007040
1195  1195 1197 401408
1196  1196 1198 401408
1197  1197 2460 2048
1198  1198 1205 2007040
1199  1199 1201 2007040
1200  1200 1202 2007040
1201  1201 1203 401408
1202  1202 1204 401408
1203  1203 2461 2048
1204  1204 1206 2007040
1205  1205 1216 2007040
1206  1206 1208 2007040
1207  1207 1209 2007040
1208  1208 1210 401408
1209  1209 1211 401408
1210  1210 1212 2048
1211  1211 1213 2048
1212  1212 1214 2048
1213  1213 1215 2007040
1214  1214 1216 2007040
1215  1215 1278 2007040
1216  1216 1219 2007040
1217  1217 1267 2007040
1218  1218 1220 2007040
1219  1219 1221 2007040
1220  1220 1222 10240
1221  1221 1223 10240
1222  1222 2462 2048
1223  1223 1225 2007040
1224  1224 1226 2007040
1225  1225 1227 2007040
1226  1226 1228 10240
1227  1227 1229 10240
1228  1228 2462 2048
1229  1229 1231 2007040
1230  1230 1232 2007040
1231  1231 1233 2007040
1232  1232 1234 10240
1233  1233 1235 10240
1234  1234 2462 2048
1235  1235 1237 2007040
1236  1236 1238 2007040
1237  1237 1239 2007040
1238  1238 1240 10240
1239  1239 1241 10240
1240  1240 2462 2048
1241  1241 1243 2007040
1242  1242 1244 2007040
1243  1243 1245 2007040
1244  1244 1246 10240
1245  1245 1247 10240
1246  1246 2462 2048
1247  1247 1249 2007040
1248  1248 1250 2007040
1249  1249 1251 2007040
1250  1250 1252 10240
1251  1251 1253 10240
1252  1252 2462 2048
1253  1253 1255 2007040
1254  1254 1256 2007040
1255  1255 1257 2007040
1256  1256 1258 10240
1257  1257 1259 10240
1258  1258 2462 2048
1259  1259 1261 2007040
1260  1260 1262 2007040
1261  1261 1263 2007040
1262  1262 1264 10240
1263  1263 1265 10240
1264  1264 2462 2048
1265  1265 1267 2007040
1266  1266 1268 2007040
1267  1267 1269 2007040
1268  1268 1270 10240
1269  1269 1271 10240
1270  1270 2462 2048
1271  1271 1273 2007040
1272  1272 1277 2007040
1273  1273 1275 2007040
1274  1274 1276 2007040
1275  1275 1277 2007040
1276  1276 1280 2007040
1277  1277 1279 2007040
1278  1278 1280 2007040
1279  1279 1281 2007040
1280  1280 1286 2007040
1281  1281 1283 2007040
1282  1282 1284 401408
1283  1283 1285 401408
1284  1284 2463 2048
1285  1285 1292 2007040
1286  1286 1288 2007040
1287  1287 1289 2007040
1288  1288 1290 401408
1289  1289 1291 401408
1290  1290 2464 2048
1291  1291 1293 2007040
1292  1292 1303 2007040
1293  1293 1295 2007040
1294  1294 1296 2007040
1295  1295 1297 401408
1296  1296 1298 401408
1297  1297 1299 2048
1298  1298 1300 2048
1299  1299 1301 2048
1300  1300 1302 2007040
1301  1301 1303 2007040
1302  1302 1313 2007040
1303  1303 1305 2007040
1304  1304 2465 1048576
1305  1305 1307 2007040
1306  1306 1311 2007040
1307  1307 1309 2007040
1308  1308 1310 2007040
1309  1309 1311 2007040
1310  1310 1318 2007040
1311  1311 1314 1048576
1312  1312 1314 2007040
1313  1313 1315 2007040
1314  1314 1316 2007040
1315  1315 1317 2007040
1316  1316 1318 2007040
1317  1317 1319 2007040
1318  1318 1324 2007040
1319  1319 1321 2007040
1320  1320 1322 401408
1321  1321 1323 401408
1322  1322 2466 2048
1323  1323 1330 2007040
1324  1324 1326 2007040
1325  1325 1327 2007040
1326  1326 1328 401408
1327  1327 1329 401408
1328  1328 2467 2048
1329  1329 1331 2007040
1330  1330 1341 2007040
1331  1331 1333 2007040
1332  1332 1334 2007040
1333  1333 1335 401408
1334  1334 1336 401408
1335  1335 1337 2048
1336  1336 1338 2048
1337  1337 1339 2048
1338  1338 1340 2007040
1339  1339 1341 2007040
1340  1340 1403 2007040
1341  1341 1344 2007040
1342  1342 1392 2007040
1343  1343 1345 2007040
1344  1344 1346 2007040
1345  1345 1347 10240
1346  1346 1348 10240
1347  1347 2468 2048
1348  1348 1350 2007040
1349  1349 1351 2007040
1350  1350 1352 2007040
1351  1351 1353 10240
1352  1352 1354 10240
1353  1353 2468 2048
1354  1354 1356 2007040
1355  1355 1357 2007040
1356  1356 1358 2007040
1357  1357 1359 10240
1358  1358 1360 10240
1359  1359 2468 2048
1360  1360 1362 2007040
1361  1361 1363 2007040
1362  1362 1364 2007040
1363  1363 1365 10240
1364  1364 1366 10240
1365  1365 2468 2048
1366  1366 1368 2007040
1367  1367 1369 2007040
1368  1368 1370 2007040
1369  1369 1371 10240
1370  1370 1372 10240
1371  1371 2468 2048
1372  1372 1374 2007040
1373  1373 1375 2007040
1374  1374 1376 2007040
1375  1375 1377 10240
1376  1376 1378 10240
1377  1377 2468 2048
1378  1378 1380 2007040
1379  1379 1381 2007040
1380  1380 1382 2007040
1381  1381 1383 10240
1382  1382 1384 10240
1383  1383 2468 2048
1384  1384 1386 2007040
1385  1385 1387 2007040
1386  1386 1388 2007040
1387  1387 1389 10240
1388  1388 1390 10240
1389  1389 2468 2048
1390  1390 1392 2007040
1391  1391 1393 2007040
1392  1392 1394 2007040
1393  1393 1395 10240
1394  1394 1396 10240
1395  1395 2468 2048
1396  1396 1398 2007040
1397  1397 1402 2007040
1398  1398 1400 2007040
1399  1399 1401 2007040
1400  1400 1402 2007040
1401  1401 1405 2007040
1402  1402 1404 2007040
1403  1403 1405 2007040
1404  1404 1406 2007040
1405  1405 1411 2007040
1406  1406 1408 2007040
1407  1407 1409 401408
1408  1408 1410 401408
1409  1409 2469 2048
1410  1410 1417 2007040
1411  1411 1413 2007040
1412  1412 1414 2007040
1413  1413 1415 401408
1414  1414 1416 401408
1415  1415 2470 2048
1416  1416 1418 2007040
1417  1417 1428 2007040
1418  1418 1420 2007040
1419  1419 1421 2007040
1420  1420 1422 401408
1421  1421 1423 401408
1422  1422 1424 2048
1423  1423 1425 2048
1424  1424 1426 2048
1425  1425 1427 2007040
1426  1426 1428 2007040
1427  1427 1438 2007040
1428  1428 1430 2007040
1429  1429 2471 1048576
1430  1430 1432 2007040
1431  1431 1436 2007040
1432  1432 1434 2007040
1433  1433 1435 2007040
1434  1434 1436 2007040
1435  1435 1443 2007040
1436  1436 1439 1048576
1437  1437 1439 2007040
1438  1438 1440 2007040
1439  1439 1441 2007040
1440  1440 1442 2007040
1441  1441 1443 2007040
1442  1442 1444 2007040
1443  1443 1449 2007040
1444  1444 1446 2007040
1445  1445 1447 401408
1446  1446 1448 401408
1447  1447 2472 2048
1448  1448 1455 2007040
1449  1449 1451 2007040
1450  1450 1452 2007040
1451  1451 1453 401408
1452  1452 1454 401408
1453  1453 2473 2048
1454  1454 1456 2007040
1455  1455 1466 2007040
1456  1456 1458 2007040
1457  1457 1459 2007040
1458  1458 1460 401408
1459  1459 1461 401408
1460  1460 1462 2048
1461  1461 1463 2048
1462  1462 1464 2048
1463  1463 1465 2007040
1464  1464 1466 2007040
1465  1465 1528 2007040
1466  1466 1469 2007040
1467  1467 1517 2007040
1468  1468 1470 2007040
1469  1469 1471 2007040
1470  1470 1472 10240
1471  1471 1473 10240
1472  1472 2474 2048
1473  1473 1475 2007040
1474  1474 1476 2007040
1475  1475 1477 2007040
1476  1476 1478 10240
1477  1477 1479 10240
1478  1478 2474 2048
1479  1479 1481 2007040
1480  1480 1482 2007040
1481  1481 1483 2007040
1482  1482 1484 10240
1483  1483 1485 10240
1484  1484 2474 2048
1485  1485 1487 2007040
1486  1486 1488 2007040
1487  1487 1489 2007040
1488  1488 1490 10240
1489  1489 1491 10240
1490  1490 2474 2048
1491  1491 1493 2007040
1492  1492 1494 2007040
1493  1493 1495 2007040
1494  1494 1496 10240
1495  1495 1497 10240
1496  1496 2474 2048
1497  1497 1499 2007040
1498  1498 1500 2007040
1499  1499 1501 2007040
1500  1500 1502 10240
1501  1501 1503 10240
1502  1502 2474 2048
1503  1503 1505 2007040
1504  1504 1506 2007040
1505  1505 1507 2007040
1506  1506 1508 10240
1507  1507 1509 10240
1508  1508 2474 2048
1509  1509 1511 2007040
1510  1510 1512 2007040
1511  1511 1513 2007040
1512  1512 1514 10240
1513  1513 1515 10240
1514  1514 2474 2048
1515  1515 1517 2007040
1516  1516 1518 2007040
1517  1517 1519 2007040
1518  1518 1520 10240
1519  1519 1521 10240
1520  1520 2474 2048
1521  1521 1523 2007040
1522  1522 1527 2007040
1523  1523 1525 2007040
1524  1524 1526 2007040
1525  1525 1527 2007040
1526  1526 1530 2007040
1527  1527 1529 2007040
1528  1528 1530 2007040
1529  1529 1531 2007040
1530  1530 1536 2007040
1531  1531 1533 2007040
1532  1532 1534 401408
1533  1533 1535 401408
1534  1534 2475 2048
1535  1535 1542 2007040
1536  1536 1538 2007040
1537  1537 1539 2007040
1538  1538 1540 401408
1539  1539 1541 401408
1540  1540 2476 2048
1541  1541 1543 2007040
1542  1542 1553 2007040
1543  1543 1545 2007040
1544  1544 1546 2007040
1545  1545 1547 401408
1546  1546 1548 401408
1547  1547 1549 2048
1548  1548 1550 2048
1549  1549 1551 2048
1550  1550 1552 2007040
1551  1551 1553 2007040
1552  1552 1563 2007040
1553  1553 1555 2007040
1554  1554 2477 1048576
1555  1555 1557 2007040
1556  1556 1561 2007040
1557  1557 1559 2007040
1558  1558 1560 2007040
1559  1559 1561 2007040
1560  1560 1568 2007040
1561  1561 1564 1048576
1562  1562 1564 2007040
1563  1563 1565 2007040
1564  1564 1566 2007040
1565  1565 1567 2007040
1566  1566 1568 2007040
1567  1567 1569 2007040
1568  1568 1574 2007040
1569  1569 1571 2007040
1570  1570 1572 401408
1571  1571 1573 401408
1572  1572 2478 2048
1573  1573 1580 2007040
1574  1574 1576 2007040
1575  1575 1577 2007040
1576  1576 1578 401408
1577  1577 1579 401408
1578  1578 2479 2048
1579  1579 1581 2007040
1580  1580 1591 2007040
1581  1581 1583 2007040
1582  1582 1584 2007040
1583  1583 1585 401408
1584  1584 1586 401408
1585  1585 1587 2048
1586  1586 1588 2048
1587  1587 1589 2048
1588  1588 1590 2007040
1589  1589 1591 2007040
1590  1590 1653 2007040
1591  1591 1594 2007040
1592  1592 1642 2007040
1593  1593 1595 2007040
1594  1594 1596 2007040
1595  1595 1597 10240
1596  1596 1598 10240
1597  1597 2480 2048
1598  1598 1600 2007040
1599  1599 1601 2007040
1600  1600 1602 2007040
1601  1601 1603 10240
1602  1602 1604 10240
1603  1603 2480 2048
1604  1604 1606 2007040
1605  1605 1607 2007040
1606  1606 1608 2007040
1607  1607 1609 10240
1608  1608 1610 10240
1609  1609 2480 2048
1610  1610 1612 2007040
1611  1611 1613 2007040
1612  1612 1614 2007040
1613  1613 1615 10240
1614  1614 1616 10240
1615  1615 2480 2048
1616  1616 1618 2007040
1617  1617 1619 2007040
1618  1618 1620 2007040
1619  1619 1621 10240
1620  1620 1622 10240
1621  1621 2480 2048
1622  1622 1624 2007040
1623  1623 1625 2007040
1624  1624 1626 2007040
1625  1625 1627 10240
1626  1626 1628 10240
1627  1627 2480 2048
1628  1628 1630 2007040
1629  1629 1631 2007040
1630  1630 1632 2007040
1631  1631 1633 10240
1632  1632 1634 10240
1633  1633 2480 2048
1634  1634 1636 2007040
1635  1635 1637 2007040
1636  1636 1638 2007040
1637  1637 1639 10240
1638  1638 1640 10240
1639  1639 2480 2048
1640  1640 1642 2007040
1641  1641 1643 2007040
1642  1642 1644 2007040
1643  1643 1645 10240
1644  1644 1646 10240
1645  1645 2480 2048
1646  1646 1648 2007040
1647  1647 1652 2007040
1648  1648 1650 2007040
1649  1649 1651 2007040
1650  1650 1652 2007040
1651  1651 1655 2007040
1652  1652 1654 2007040
1653  1653 1655 2007040
1654  1654 1656 2007040
1655  1655 1661 2007040
1656  1656 1658 2007040
1657  1657 1659 401408
1658  1658 1660 401408
1659  1659 2481 2048
1660  1660 1667 2007040
1661  1661 1663 2007040
1662  1662 1664 2007040
1663  1663 1665 401408
1664  1664 1666 401408
1665  1665 2482 2048
1666  1666 1668 2007040
1667  1667 1678 2007040
1668  1668 1670 2007040
1669  1669 1671 2007040
1670  1670 1672 401408
1671  1671 1673 401408
1672  1672 1674 2048
1673  1673 1675 2048
1674  1674 1676 2048
1675  1675 1677 2007040
1676  1676 1678 2007040
1677  1677 1688 2007040
1678  1678 1680 2007040
1679  1679 2483 524288
1680  1680 1682 1003520
1681  1681 1686 1003520
1682  1682 1684 1003520
1683  1683 1685 1003520
1684  1684 1686 1003520
1685  1685 1693 1003520
1686  1686 1689 524288
1687  1687 1689 2007040
1688  1688 1690 1003520
1689  1689 1691 1003520
1690  1690 1692 1003520
1691  1691 1693 1003520
1692  1692 1694 1003520
1693  1693 1699 1003520
1694  1694 1696 1003520
1695  1695 1697 200704
1696  1696 1698 200704
1697  1697 2484 1024
1698  1698 1705 1003520
1699  1699 1701 1003520
1700  1700 1702 1003520
1701  1701 1703 200704
1702  1702 1704 200704
1703  1703 2485 1024
1704  1704 1706 1003520
1705  1705 1717 1003520
1706  1706 1708 1003520
1707  1707 1709 1003520
1708  1708 1710 200704
1709  1709 1711 200704
1710  1710 1712 1024
1711  1711 1713 1024
1712  1712 1715 1024
1713  1713 1716 1003520
1714  1714 1716 1003520
1715  1715 1717 1003520
1716  1716 1779 1003520
1717  1717 1720 1003520
1718  1718 1768 1003520
1719  1719 1721 1003520
1720  1720 1722 1003520
1721  1721 1723 5120
1722  1722 1724 5120
1723  1723 2486 1024
1724  1724 1726 1003520
1725  1725 1727 1003520
1726  1726 1728 1003520
1727  1727 1729 5120
1728  1728 1730 5120
1729  1729 2486 1024
1730  1730 1732 1003520
1731  1731 1733 1003520
1732  1732 1734 1003520
1733  1733 1735 5120
1734  1734 1736 5120
1735  1735 2486 1024
1736  1736 1738 1003520
1737  1737 1739 1003520
1738  1738 1740 1003520
1739  1739 1741 5120
1740  1740 1742 5120
1741  1741 2486 1024
1742  1742 1744 1003520
1743  1743 1745 1003520
1744  1744 1746 1003520
1745  1745 1747 5120
1746  1746 1748 5120
1747  1747 2486 1024
1748  1748 1750 1003520
1749  1749 1751 1003520
1750  1750 1752 1003520
1751  1751 1753 5120
1752  1752 1754 5120
1753  1753 2486 1024
1754  1754 1756 1003520
1755  1755 1757 1003520
1756  1756 1758 1003520
1757  1757 1759 5120
1758  1758 1760 5120
1759  1759 2486 1024
1760  1760 1762 1003520
1761  1761 1763 1003520
1762  1762 1764 1003520
1763  1763 1765 5120
1764  1764 1766 5120
1765  1765 2486 1024
1766  1766 1768 1003520
1767  1767 1769 1003520
1768  1768 1770 1003520
1769  1769 1771 5120
1770  1770 1772 5120
1771  1771 2486 1024
1772  1772 1774 4014080
1773  1773 1778 4014080
1774  1774 1776 4014080
1775  1775 1777 4014080
1776  1776 1778 4014080
1777  1777 1781 4014080
1778  1778 1780 1003520
1779  1779 1781 4014080
1780  1780 1782 4014080
1781  1781 1787 4014080
1782  1782 1784 4014080
1783  1783 1785 802816
1784  1784 1786 802816
1785  1785 2487 1024
1786  1786 1793 4014080
1787  1787 1789 4014080
1788  1788 1790 4014080
1789  1789 1791 802816
1790  1790 1792 802816
1791  1791 2488 1024
1792  1792 1794 4014080
1793  1793 1805 4014080
1794  1794 1796 4014080
1795  1795 1797 4014080
1796  1796 1798 802816
1797  1797 1799 802816
1798  1798 1800 1024
1799  1799 1801 1024
1800  1800 1803 1024
1801  1801 1929 4014080
1802  1802 1804 4014080
1803  1803 1805 4014080
1804  1804 1815 4014080
1805  1805 1807 4014080
1806  1806 2489 262144
1807  1807 1809 4014080
1808  1808 1813 4014080
1809  1809 1811 4014080
1810  1810 1812 4014080
1811  1811 1813 4014080
1812  1812 1820 4014080
1813  1813 1816 262144
1814  1814 1816 4014080
1815  1815 1817 4014080
1816  1816 1818 4014080
1817  1817 1819 4014080
1818  1818 1820 4014080
1819  1819 1821 4014080
1820  1820 1826 4014080
1821  1821 1823 4014080
1822  1822 1824 802816
1823  1823 1825 802816
1824  1824 2490 1024
1825  1825 1832 4014080
1826  1826 1828 4014080
1827  1827 1829 4014080
1828  1828 1830 802816
1829  1829 1831 802816
1830  1830 2491 1024
1831  1831 1833 4014080
1832  1832 1843 4014080
1833  1833 1835 4014080
1834  1834 1836 4014080
1835  1835 1837 802816
1836  1836 1838 802816
1837  1837 1839 1024
1838  1838 1840 1024
1839  1839 1841 1024
1840  1840 1842 4014080
1841  1841 1843 4014080
1842  1842 1905 4014080
1843  1843 1846 4014080
1844  1844 1894 4014080
1845  1845 1847 4014080
1846  1846 1848 4014080
1847  1847 1849 5120
1848  1848 1850 5120
1849  1849 2492 1024
1850  1850 1852 4014080
1851  1851 1853 4014080
1852  1852 1854 4014080
1853  1853 1855 5120
1854  1854 1856 5120
1855  1855 2492 1024
1856  1856 1858 4014080
1857  1857 1859 4014080
1858  1858 1860 4014080
1859  1859 1861 5120
1860  1860 1862 5120
1861  1861 2492 1024
1862  1862 1864 4014080
1863  1863 1865 4014080
1864  1864 1866 4014080
1865  1865 1867 5120
1866  1866 1868 5120
1867  1867 2492 1024
1868  1868 1870 4014080
1869  1869 1871 4014080
1870  1870 1872 4014080
1871  1871 1873 5120
1872  1872 1874 5120
1873  1873 2492 1024
1874  1874 1876 4014080
1875  1875 1877 4014080
1876  1876 1878 4014080
1877  1877 1879 5120
1878  1878 1880 5120
1879  1879 2492 1024
1880  1880 1882 4014080
1881  1881 1883 4014080
1882  1882 1884 4014080
1883  1883 1885 5120
1884  1884 1886 5120
1885  1885 2492 1024
1886  1886 1888 4014080
1887  1887 1889 4014080
1888  1888 1890 4014080
1889  1889 1891 5120
1890  1890 1892 5120
1891  1891 2492 1024
1892  1892 1894 4014080
1893  1893 1895 4014080
1894  1894 1896 4014080
1895  1895 1897 5120
1896  1896 1898 5120
1897  1897 2492 1024
1898  1898 1900 4014080
1899  1899 1904 4014080
1900  1900 1902 4014080
1901  1901 1903 4014080
1902  1902 1904 4014080
1903  1903 1907 4014080
1904  1904 1906 4014080
1905  1905 1907 4014080
1906  1906 1908 4014080
1907  1907 1913 4014080
1908  1908 1910 4014080
1909  1909 1911 802816
1910  1910 1912 802816
1911  1911 2493 1024
1912  1912 1919 4014080
1913  1913 1915 4014080
1914  1914 1916 4014080
1915  1915 1917 802816
1916  1916 1918 802816
1917  1917 2494 1024
1918  1918 1920 4014080
1919  1919 1930 4014080
1920  1920 1922 4014080
1921  1921 1923 4014080
1922  1922 1924 802816
1923  1923 1925 802816
1924  1924 1926 1024
1925  1925 1927 1024
1926  1926 1928 1024
1927  1927 1929 4014080
1928  1928 1930 4014080
1929  1929 1940 4014080
1930  1930 1932 4014080
1931  1931 2495 131072
1932  1932 1934 2007040
1933  1933 1938 2007040
1934  1934 1936 2007040
1935  1935 1937 2007040
1936  1936 1938 2007040
1937  1937 1945 2007040
1938  1938 1941 131072
1939  1939 1941 4014080
1940  1940 1942 2007040
1941  1941 1943 2007040
1942  1942 1944 2007040
1943  1943 1945 2007040
1944  1944 1946 2007040
1945  1945 1951 2007040
1946  1946 1948 2007040
1947  1947 1949 401408
1948  1948 1950 401408
1949  1949 2496 512
1950  1950 1957 2007040
1951  1951 1953 2007040
1952  1952 1954 2007040
1953  1953 1955 401408
1954  1954 1956 401408
1955  1955 2497 512
1956  1956 1958 2007040
1957  1957 1969 2007040
1958  1958 1960 2007040
1959  1959 1961 2007040
1960  1960 1962 401408
1961  1961 1963 401408
1962  1962 1964 512
1963  1963 1965 512
1964  1964 1967 512
1965  1965 1968 2007040
1966  1966 1968 2007040
1967  1967 1969 2007040
1968  1968 2031 2007040
1969  1969 1972 2007040
1970  1970 2020 2007040
1971  1971 1973 2007040
1972  1972 1974 2007040
1973  1973 1975 2560
1974  1974 1976 2560
1975  1975 2498 512
1976  1976 1978 2007040
1977  1977 1979 2007040
1978  1978 1980 2007040
1979  1979 1981 2560
1980  1980 1982 2560
1981  1981 2498 512
1982  1982 1984 2007040
1983  1983 1985 2007040
1984  1984 1986 2007040
1985  1985 1987 2560
1986  1986 1988 2560
1987  1987 2498 512
1988  1988 1990 2007040
1989  1989 1991 2007040
1990  1990 1992 2007040
1991  1991 1993 2560
1992  1992 1994 2560
1993  1993 2498 512
1994  1994 1996 2007040
1995  1995 1997 2007040
1996  1996 1998 2007040
1997  1997 1999 2560
1998  1998 2000 2560
1999  1999 2498 512
2000  2000 2002 2007040
2001  2001 2003 2007040
2002  2002 2004 2007040
2003  2003 2005 2560
2004  2004 2006 2560
2005  2005 2498 512
2006  2006 2008 2007040
2007  2007 2009 2007040
2008  2008 2010 2007040
2009  2009 2011 2560
2010  2010 2012 2560
2011  2011 2498 512
2012  2012 2014 2007040
2013  2013 2015 2007040
2014  2014 2016 2007040
2015  2015 2017 2560
2016  2016 2018 2560
2017  2017 2498 512
2018  2018 2020 2007040
2019  2019 2021 2007040
2020  2020 2022 2007040
2021  2021 2023 2560
2022  2022 2024 2560
2023  2023 2498 512
2024  2024 2026 8028160
2025  2025 2030 8028160
2026  2026 2028 8028160
2027  2027 2029 8028160
2028  2028 2030 8028160
2029  2029 2033 8028160
2030  2030 2032 2007040
2031  2031 2033 8028160
2032  2032 2034 8028160
2033  2033 2039 8028160
2034  2034 2036 8028160
2035  2035 2037 1605632
2036  2036 2038 1605632
2037  2037 2499 512
2038  2038 2045 8028160
2039  2039 2041 8028160
2040  2040 2042 8028160
2041  2041 2043 1605632
2042  2042 2044 1605632
2043  2043 2500 512
2044  2044 2046 8028160
2045  2045 2057 8028160
2046  2046 2048 8028160
2047  2047 2049 8028160
2048  2048 2050 1605632
2049  2049 2051 1605632
2050  2050 2052 512
2051  2051 2053 512
2052  2052 2055 512
2053  2053 2181 8028160
2054  2054 2056 8028160
2055  2055 2057 8028160
2056  2056 2067 8028160
2057  2057 2059 8028160
2058  2058 2501 65536
2059  2059 2061 8028160
2060  2060 2065 8028160
2061  2061 2063 8028160
2062  2062 2064 8028160
2063  2063 2065 8028160
2064  2064 2072 8028160
2065  2065 2068 65536
2066  2066 2068 8028160
2067  2067 2069 8028160
2068  2068 2070 8028160
2069  2069 2071 8028160
2070  2070 2072 8028160
2071  2071 2073 8028160
2072  2072 2078 8028160
2073  2073 2075 8028160
2074  2074 2076 1605632
2075  2075 2077 1605632
2076  2076 2502 512
2077  2077 2084 8028160
2078  2078 2080 8028160
2079  2079 2081 8028160
2080  2080 2082 1605632
2081  2081 2083 1605632
2082  2082 2503 512
2083  2083 2085 8028160
2084  2084 2095 8028160
2085  2085 2087 8028160
2086  2086 2088 8028160
2087  2087 2089 1605632
2088  2088 2090 1605632
2089  2089 2091 512
2090  2090 2092 512
2091  2091 2093 512
2092  2092 2094 8028160
2093  2093 2095 8028160
2094  2094 2157 8028160
2095  2095 2098 8028160
2096  2096 2146 8028160
2097  2097 2099 8028160
2098  2098 2100 8028160
2099  2099 2101 2560
2100  2100 2102 2560
2101  2101 2504 512
2102  2102 2104 8028160
2103  2103 2105 8028160
2104  2104 2106 8028160
2105  2105 2107 2560
2106  2106 2108 2560
2107  2107 2504 512
2108  2108 2110 8028160
2109  2109 2111 8028160
2110  2110 2112 8028160
2111  2111 2113 2560
2112  2112 2114 2560
2113  2113 2504 512
2114  2114 2116 8028160
2115  2115 2117 8028160
2116  2116 2118 8028160
2117  2117 2119 2560
2118  2118 2120 2560
2119  2119 2504 512
2120  2120 2122 8028160
2121  2121 2123 8028160
2122  2122 2124 8028160
2123  2123 2125 2560
2124  2124 2126 2560
2125  2125 2504 512
2126  2126 2128 8028160
2127  2127 2129 8028160
2128  2128 2130 8028160
2129  2129 2131 2560
2130  2130 2132 2560
2131  2131 2504 512
2132  2132 2134 8028160
2133  2133 2135 8028160
2134  2134 2136 8028160
2135  2135 2137 2560
2136  2136 2138 2560
2137  2137 2504 512
2138  2138 2140 8028160
2139  2139 2141 8028160
2140  2140 2142 8028160
2141  2141 2143 2560
2142  2142 2144 2560
2143  2143 2504 512
2144  2144 2146 8028160
2145  2145 2147 8028160
2146  2146 2148 8028160
2147  2147 2149 2560
2148  2148 2150 2560
2149  2149 2504 512
2150  2150 2152 8028160
2151  2151 2156 8028160
2152  2152 2154 8028160
2153  2153 2155 8028160
2154  2154 2156 8028160
2155  2155 2159 8028160
2156  2156 2158 8028160
2157  2157 2159 8028160
2158  2158 2160 8028160
2159  2159 2165 8028160
2160  2160 2162 8028160
2161  2161 2163 1605632
2162  2162 2164 1605632
2163  2163 2505 512
2164  2164 2171 8028160
2165  2165 2167 8028160
2166  2166 2168 8028160
2167  2167 2169 1605632
2168  2168 2170 1605632
2169  2169 2506 512
2170  2170 2172 8028160
2171  2171 2182 8028160
2172  2172 2174 8028160
2173  2173 2175 8028160
2174  2174 2176 1605632
2175  2175 2177 1605632
2176  2176 2178 512
2177  2177 2179 512
2178  2178 2180 512
2179  2179 2181 8028160
2180  2180 2182 8028160
2181  2181 2192 8028160
2182  2182 2184 8028160
2183  2183 2507 32768
2184  2184 2186 4014080
2185  2185 2190 4014080
2186  2186 2188 4014080
2187  2187 2189 4014080
2188  2188 2190 4014080
2189  2189 2197 4014080
2190  2190 2193 32768
2191  2191 2193 8028160
2192  2192 2194 4014080
2193  2193 2195 4014080
2194  2194 2196 4014080
2195  2195 2197 4014080
2196  2196 2198 4014080
2197  2197 2203 4014080
2198  2198 2200 4014080
2199  2199 2201 802816
2200  2200 2202 802816
2201  2201 2508 256
2202  2202 2209 4014080
2203  2203 2205 4014080
2204  2204 2206 4014080
2205  2205 2207 802816
2206  2206 2208 802816
2207  2207 2509 256
2208  2208 2210 4014080
2209  2209 2221 4014080
2210  2210 2212 4014080
2211  2211 2213 4014080
2212  2212 2214 802816
2213  2213 2215 802816
2214  2214 2216 256
2215  2215 2217 256
2216  2216 2219 256
2217  2217 2220 4014080
2218  2218 2220 4014080
2219  2219 2221 4014080
2220  2220 2283 4014080
2221  2221 2224 4014080
2222  2222 2272 4014080
2223  2223 2225 4014080
2224  2224 2226 4014080
2225  2225 2227 1280
2226  2226 2228 1280
2227  2227 2510 256
2228  2228 2230 4014080
2229  2229 2231 4014080
2230  2230 2232 4014080
2231  2231 2233 1280
2232  2232 2234 1280
2233  2233 2510 256
2234  2234 2236 4014080
2235  2235 2237 4014080
2236  2236 2238 4014080
2237  2237 2239 1280
2238  2238 2240 1280
2239  2239 2510 256
2240  2240 2242 4014080
2241  2241 2243 4014080
2242  2242 2244 4014080
2243  2243 2245 1280
2244  2244 2246 1280
2245  2245 2510 256
2246  2246 2248 4014080
2247  2247 2249 4014080
2248  2248 2250 4014080
2249  2249 2251 1280
2250  2250 2252 1280
2251  2251 2510 256
2252  2252 2254 4014080
2253  2253 2255 4014080
2254  2254 2256 4014080
2255  2255 2257 1280
2256  2256 2258 1280
2257  2257 2510 256
2258  2258 2260 4014080
2259  2259 2261 4014080
2260  2260 2262 4014080
2261  2261 2263 1280
2262  2262 2264 1280
2263  2263 2510 256
2264  2264 2266 4014080
2265  2265 2267 4014080
2266  2266 2268 4014080
2267  2267 2269 1280
2268  2268 2270 1280
2269  2269 2510 256
2270  2270 2272 4014080
2271  2271 2273 4014080
2272  2272 2274 4014080
2273  2273 2275 1280
2274  2274 2276 1280
2275  2275 2510 256
2276  2276 2278 16056320
2277  2277 2282 16056320
2278  2278 2280 16056320
2279  2279 2281 16056320
2280  2280 2282 16056320
2281  2281 2285 16056320
2282  2282 2284 4014080
2283  2283 2285 16056320
2284  2284 2286 16056320
2285  2285 2291 16056320
2286  2286 2288 16056320
2287  2287 2289 3211264
2288  2288 2290 3211264
2289  2289 2511 256
2290  2290 2297 16056320
2291  2291 2293 16056320
2292  2292 2294 16056320
2293  2293 2295 3211264
2294  2294 2296 3211264
2295  2295 2512 256
2296  2296 2298 16056320
2297  2297 2309 16056320
2298  2298 2300 16056320
2299  2299 2301 16056320
2300  2300 2302 3211264
2301  2301 2303 3211264
2302  2302 2304 256
2303  2303 2305 256
2304  2304 2307 256
2305  2305 2308 16056320
2306  2306 2308 16056320
2307  2307 2309 16056320
2308  2308 2319 16056320
2309  2309 2311 16056320
2310  2310 2513 8192
2311  2311 2313 8028160
2312  2312 2317 8028160
2313  2313 2315 8028160
2314  2314 2316 8028160
2315  2315 2317 8028160
2316  2316 2324 8028160
2317  2317 2320 8192
2318  2318 2320 16056320
2319  2319 2321 8028160
2320  2320 2322 8028160
2321  2321 2323 8028160
2322  2322 2324 8028160
2323  2323 2325 8028160
2324  2324 2330 8028160
2325  2325 2327 8028160
2326  2326 2328 1605632
2327  2327 2329 1605632
2328  2328 2514 128
2329  2329 2336 8028160
2330  2330 2332 8028160
2331  2331 2333 8028160
2332  2332 2334 1605632
2333  2333 2335 1605632
2334  2334 2515 128
2335  2335 2337 8028160
2336  2336 2348 8028160
2337  2337 2339 8028160
2338  2338 2340 8028160
2339  2339 2341 1605632
2340  2340 2342 1605632
2341  2341 2343 128
2342  2342 2344 128
2343  2343 2346 128
2344  2344 2434 8028160
2345  2345 2347 8028160
2346  2346 2348 8028160
2347  2347 2410 8028160
2348  2348 2351 8028160
2349  2349 2399 8028160
2350  2350 2352 8028160
2351  2351 2353 8028160
2352  2352 2354 640
2353  2353 2355 640
2354  2354 2516 128
2355  2355 2357 8028160
2356  2356 2358 8028160
2357  2357 2359 8028160
2358  2358 2360 640
2359  2359 2361 640
2360  2360 2516 128
2361  2361 2363 8028160
2362  2362 2364 8028160
2363  2363 2365 8028160
2364  2364 2366 640
2365  2365 2367 640
2366  2366 2516 128
2367  2367 2369 8028160
2368  2368 2370 8028160
2369  2369 2371 8028160
2370  2370 2372 640
2371  2371 2373 640
2372  2372 2516 128
2373  2373 2375 8028160
2374  2374 2376 8028160
2375  2375 2377 8028160
2376  2376 2378 640
2377  2377 2379 640
2378  2378 2516 128
2379  2379 2381 8028160
2380  2380 2382 8028160
2381  2381 2383 8028160
2382  2382 2384 640
2383  2383 2385 640
2384  2384 2516 128
2385  2385 2387 8028160
2386  2386 2388 8028160
2387  2387 2389 8028160
2388  2388 2390 640
2389  2389 2391 640
2390  2390 2516 128
2391  2391 2393 8028160
2392  2392 2394 8028160
2393  2393 2395 8028160
2394  2394 2396 640
2395  2395 2397 640
2396  2396 2516 128
2397  2397 2399 8028160
2398  2398 2400 8028160
2399  2399 2401 8028160
2400  2400 2402 640
2401  2401 2403 640
2402  2402 2516 128
2403  2403 2405 8028160
2404  2404 2409 8028160
2405  2405 2407 8028160
2406  2406 2408 8028160
2407  2407 2409 8028160
2408  2408 2412 8028160
2409  2409 2411 8028160
2410  2410 2412 8028160
2411  2411 2413 8028160
2412  2412 2418 8028160
2413  2413 2415 8028160
2414  2414 2416 1605632
2415  2415 2417 1605632
2416  2416 2517 128
2417  2417 2424 8028160
2418  2418 2420 8028160
2419  2419 2421 8028160
2420  2420 2422 1605632
2421  2421 2423 1605632
2422  2422 2518 128
2423  2423 2425 8028160
2424  2424 2435 8028160
2425  2425 2427 8028160
2426  2426 2428 8028160
2427  2427 2429 1605632
2428  2428 2430 1605632
2429  2429 2431 128
2430  2430 2432 128
2431  2431 2433 128
2432  2432 2434 8028160
2433  2433 2435 8028160
2434  2434 2436 8028160
2435  2435 2437 8028160
2436  2436 2519 3456
2437  2437 2519 4032
2438  2438 2519 4096
2439  2439 2519 4096
2440  2440 2519 4194304
2441  2441 2519 4096
2442  2442 2519 4096
2443  2443 2519 36864
2444  2444 2519 4096
2445  2445 2519 4096
2446  2446 2519 2097152
2447  2447 2519 2048
2448  2448 2519 2048
2449  2449 2519 18432
2450  2450 2519 2048
2451  2451 2519 2048
2452  2452 2519 1048576
2453  2453 2519 2048
2454  2454 2519 2048
2455  2455 2519 18432
2456  2456 2519 2048
2457  2457 2519 2048
2458  2458 2519 1048576
2459  2459 2519 2048
2460  2460 2519 2048
2461  2461 2519 18432
2462  2462 2519 2048
2463  2463 2519 2048
2464  2464 2519 1048576
2465  2465 2519 2048
2466  2466 2519 2048
2467  2467 2519 18432
2468  2468 2519 2048
2469  2469 2519 2048
2470  2470 2519 1048576
2471  2471 2519 2048
2472  2472 2519 2048
2473  2473 2519 18432
2474  2474 2519 2048
2475  2475 2519 2048
2476  2476 2519 1048576
2477  2477 2519 2048
2478  2478 2519 2048
2479  2479 2519 18432
2480  2480 2519 2048
2481  2481 2519 2048
2482  2482 2519 524288
2483  2483 2519 1024
2484  2484 2519 1024
2485  2485 2519 9216
2486  2486 2519 1024
2487  2487 2519 1024
2488  2488 2519 262144
2489  2489 2519 1024
2490  2490 2519 1024
2491  2491 2519 9216
2492  2492 2519 1024
2493  2493 2519 1024
2494  2494 2519 131072
2495  2495 2519 512
2496  2496 2519 512
2497  2497 2519 4608
2498  2498 2519 512
2499  2499 2519 512
2500  2500 2519 65536
2501  2501 2519 512
2502  2502 2519 512
2503  2503 2519 4608
2504  2504 2519 512
2505  2505 2519 512
2506  2506 2519 32768
2507  2507 2519 256
2508  2508 2519 256
2509  2509 2519 2304
2510  2510 2519 256
2511  2511 2519 256
2512  2512 2519 8192
2513  2513 2519 128
2514  2514 2519 128
2515  2515 2519 1152
2516  2516 2519 128
2517  2517 2519 128
2518  2518 2519 3456
