2:0  2 3 1806336
4:0  4 5 56448
4:1  4 5 22278144
4:2  4 5 14450688
4:3  4 5 14144
5:0  5 6 14450688
7:0  7 8 3612672
9:0  9 10 6144
9:1  9 10 3612672
9:2  9 10 602112
9:3  9 10 9216
10:0  10 11 602112
11:0  11 12 602112
13:0  13 14 4096
13:1  13 14 602112
13:2  13 14 2408448
13:3  13 14 1536
14:0  14 15 602112
16:0  16 17 36864
16:1  16 17 5419008
16:2  16 17 2408448
16:3  16 17 13824
17:0  17 18 4816896
18:0  18 19 4816896
20:0  20 21 8192
20:1  20 21 4816896
20:2  20 21 602112
20:3  20 21 12288
21:0  21 22 602112
22:0  22 23 602112
24:0  24 25 4096
24:1  24 25 602112
24:2  24 25 2408448
24:3  24 25 1536
25:0  25 26 602112
27:0  27 28 36864
27:1  27 28 5419008
27:2  27 28 2408448
27:3  27 28 13824
28:0  28 29 4816896
29:0  29 30 4816896
31:0  31 32 16384
31:1  31 32 4816896
31:2  31 32 1204224
31:3  31 32 12288
32:0  32 33 1204224
33:0  33 34 1204224
35:0  35 36 16384
35:1  35 36 1204224
35:2  35 36 4816896
35:3  35 36 3072
36:0  36 37 1204224
38:0  38 39 147456
38:1  38 39 10838016
38:2  38 39 4816896
38:3  38 39 2709504
38:4  38 39 36864
38:11  38 39 13824
39:0  39 40 9633792
41:0  41 42 2408448
43:0  43 44 32768
43:1  43 44 2408448
43:2  43 44 301056
43:3  43 44 24576
44:0  44 45 301056
45:0  45 46 301056
47:0  47 48 16384
47:1  47 48 301056
47:2  47 48 1204224
47:3  47 48 3072
48:0  48 49 301056
50:0  50 51 147456
50:1  50 51 2709504
50:2  50 51 1204224
50:3  50 51 677376
50:4  50 51 36864
50:11  50 51 13824
51:0  51 52 2408448
52:0  52 53 2408448
54:0  54 55 49152
54:1  54 55 2408448
54:2  54 55 451584
54:3  54 55 24576
55:0  55 56 451584
56:0  56 57 451584
58:0  58 59 36864
58:1  58 59 451584
58:2  58 59 1806336
58:3  58 59 4608
59:0  59 60 451584
61:0  61 62 331776
61:1  61 62 4064256
61:2  61 62 1806336
61:3  61 62 1016064
61:4  61 62 82944
61:11  61 62 20736
62:0  62 63 3612672
63:0  63 64 3612672
65:0  65 66 73728
65:1  65 66 3612672
65:2  65 66 451584
65:3  65 66 36864
66:0  66 67 451584
67:0  67 68 451584
69:0  69 70 36864
69:1  69 70 451584
69:2  69 70 1806336
69:3  69 70 4608
70:0  70 71 451584
72:0  72 73 331776
72:1  72 73 4064256
72:2  72 73 1806336
72:3  72 73 1016064
72:4  72 73 82944
72:11  72 73 20736
73:0  73 74 3612672
74:0  74 75 3612672
76:0  76 77 98304
76:1  76 77 3612672
76:2  76 77 602112
76:3  76 77 36864
77:0  77 78 602112
78:0  78 79 602112
80:0  80 81 65536
80:1  80 81 602112
80:2  80 81 2408448
80:3  80 81 6144
81:0  81 82 602112
83:0  83 84 589824
83:1  83 84 5419008
83:2  83 84 2408448
83:3  83 84 1354752
83:4  83 84 147456
83:59  83 84 338688
83:60  83 84 36864
83:67  83 84 13824
84:0  84 85 4816896
86:0  86 87 1204224
88:0  88 89 131072
88:1  88 89 1204224
88:2  88 89 150528
88:3  88 89 49152
89:0  89 90 150528
90:0  90 91 150528
92:0  92 93 65536
92:1  92 93 150528
92:2  92 93 602112
92:3  92 93 6144
93:0  93 94 150528
95:0  95 96 589824
95:1  95 96 1354752
95:2  95 96 602112
95:3  95 96 331776
95:4  95 96 147456
95:59  95 96 82944
95:60  95 96 36864
95:67  95 96 13824
95:68  95 96 55296
96:0  96 97 1204224
97:0  97 98 1204224
99:0  99 100 24576
99:1  99 100 301056
99:2  99 100 7104
99:3  99 620 64
99:4  99 100 49152
100:0  100 101 5888
109:0  109 110 128
109:1  109 110 64
120:0  120 121 128
127:0  127 128 7104
127:1  127 128 303104
127:2  127 128 24576
127:3  127 128 14144
130:0  130 131 5952
130:1  130 131 24576
130:2  130 131 303104
130:3  130 131 960
138:0  138 139 602112
138:1  138 139 1354752
138:2  138 139 589824
138:3  138 139 56448
144:0  144 145 602112
144:1  144 145 150528
144:2  144 145 65536
144:3  144 145 56448
147:0  147 148 602112
147:1  147 148 589824
147:2  147 148 1354752
147:3  147 148 336384
147:4  147 148 149504
147:11  147 148 12288
147:12  147 148 24576
152:0  152 153 602112
152:1  152 153 65536
152:2  152 153 150528
152:3  152 153 24576
155:0  155 156 150528
156:0  156 157 150528
158:0  158 159 150528
162:0  162 163 150528
163:0  163 164 150528
163:1  163 164 1204224
163:2  163 164 131072
163:3  163 164 56448
165:0  165 166 150528
166:0  166 167 150528
166:1  166 167 131072
166:2  166 167 1204224
166:3  166 167 6144
172:0  172 173 1204224
216:0  216 217 4816896
220:0  220 221 4816896
221:0  221 222 2408448
221:1  221 222 5419008
221:2  221 222 589824
221:3  221 222 1354752
221:4  221 222 602112
221:59  221 222 338688
221:60  221 222 150528
221:67  221 222 56448
222:0  222 223 4816896
226:0  226 227 4816896
227:0  227 228 2408448
227:1  227 228 602112
227:2  227 228 65536
227:3  227 228 225792
229:0  229 230 4816896
230:0  230 231 2408448
230:1  230 231 589824
230:2  230 231 5419008
230:3  230 231 1354752
230:4  230 231 602112
230:11  230 231 12288
234:0  234 235 4816896
235:0  235 236 2408448
235:1  235 236 65536
235:2  235 236 602112
235:3  235 236 24576
238:0  238 239 602112
239:0  239 240 602112
241:0  241 242 602112
245:0  245 246 602112
246:0  246 247 602112
246:1  246 247 3612672
246:2  246 247 98304
246:3  246 247 903168
246:4  246 247 150528
246:11  246 247 112896
248:0  248 249 602112
249:0  249 250 602112
249:1  249 250 98304
249:2  249 250 3612672
249:3  249 250 6144
257:0  257 258 1806336
257:1  257 258 4064256
257:2  257 258 331776
257:3  257 258 1016064
257:4  257 258 451584
257:59  257 258 254016
257:60  257 258 112896
257:67  257 258 56448
263:0  263 264 1806336
263:1  263 264 451584
263:2  263 264 36864
263:3  263 264 225792
266:0  266 267 1806336
266:1  266 267 331776
266:2  266 267 4064256
266:3  266 267 1016064
266:4  266 267 451584
266:11  266 267 9216
271:0  271 272 1806336
271:1  271 272 36864
271:2  271 272 451584
271:3  271 272 18432
274:0  274 275 451584
275:0  275 276 451584
277:0  277 278 451584
281:0  281 282 451584
282:0  282 283 451584
282:1  282 283 3612672
282:2  282 283 73728
282:3  282 283 225792
284:0  284 285 451584
285:0  285 286 451584
285:1  285 286 73728
285:2  285 286 3612672
285:3  285 286 4608
293:0  293 294 1806336
293:1  293 294 4064256
293:2  293 294 331776
293:3  293 294 1016064
293:4  293 294 451584
293:59  293 294 254016
293:60  293 294 112896
293:67  293 294 56448
299:0  299 300 1806336
299:1  299 300 451584
299:2  299 300 36864
299:3  299 300 225792
302:0  302 303 1806336
302:1  302 303 331776
302:2  302 303 4064256
302:3  302 303 1016064
302:4  302 303 451584
302:11  302 303 9216
307:0  307 308 1806336
307:1  307 308 36864
307:2  307 308 451584
307:3  307 308 18432
310:0  310 311 451584
311:0  311 312 451584
313:0  313 314 451584
317:0  317 318 451584
318:0  318 319 451584
318:1  318 319 2408448
318:2  318 319 49152
318:3  318 319 225792
320:0  320 321 451584
321:0  321 322 451584
321:1  321 322 49152
321:2  321 322 2408448
321:3  321 322 4608
329:0  329 330 1204224
329:1  329 330 2709504
329:2  329 330 147456
329:3  329 330 677376
329:4  329 330 301056
329:11  329 330 112896
335:0  335 336 1204224
335:1  335 336 301056
335:2  335 336 16384
335:3  335 336 225792
338:0  338 339 1204224
338:1  338 339 147456
338:2  338 339 2709504
338:3  338 339 12288
343:0  343 344 1204224
343:1  343 344 16384
343:2  343 344 301056
343:3  343 344 12288
346:0  346 347 301056
347:0  347 348 301056
349:0  349 350 301056
353:0  353 354 301056
354:0  354 355 301056
354:1  354 355 2408448
354:2  354 355 32768
354:3  354 355 225792
356:0  356 357 301056
357:0  357 358 301056
357:1  357 358 32768
357:2  357 358 2408448
357:3  357 358 3072
363:0  363 364 2408448
407:0  407 408 9633792
411:0  411 412 9633792
412:0  412 413 4816896
412:1  412 413 10838016
412:2  412 413 147456
412:3  412 413 2709504
412:4  412 413 1204224
412:11  412 413 451584
413:0  413 414 9633792
417:0  417 418 9633792
418:0  418 419 4816896
418:1  418 419 1204224
418:2  418 419 16384
418:3  418 419 903168
420:0  420 421 9633792
421:0  421 422 4816896
421:1  421 422 147456
421:2  421 422 10838016
421:3  421 422 12288
425:0  425 426 9633792
426:0  426 427 4816896
426:1  426 427 16384
426:2  426 427 1204224
426:3  426 427 12288
429:0  429 430 1204224
430:0  430 431 1204224
432:0  432 433 1204224
436:0  436 437 1204224
437:0  437 438 1204224
437:1  437 438 4816896
437:2  437 438 16384
437:3  437 438 903168
439:0  439 440 1204224
440:0  440 441 1204224
440:1  440 441 16384
440:2  440 441 4816896
440:3  440 441 3072
448:0  448 449 2408448
448:1  448 449 5419008
448:2  448 449 36864
448:3  448 449 903168
454:0  454 455 2408448
454:1  454 455 602112
454:2  454 455 4096
454:3  454 455 903168
457:0  457 458 2408448
457:1  457 458 36864
457:2  457 458 5419008
457:3  457 458 6144
462:0  462 463 2408448
462:1  462 463 4096
462:2  462 463 602112
462:3  462 463 6144
465:0  465 466 602112
466:0  466 467 602112
468:0  468 469 602112
472:0  472 473 602112
473:0  473 474 602112
473:1  473 474 4816896
473:2  473 474 8192
473:3  473 474 903168
475:0  475 476 602112
476:0  476 477 602112
476:1  476 477 8192
476:2  476 477 4816896
476:3  476 477 1536
484:0  484 485 2408448
484:1  484 485 5419008
484:2  484 485 36864
484:3  484 485 903168
490:0  490 491 2408448
490:1  490 491 602112
490:2  490 491 4096
490:3  490 491 903168
493:0  493 494 2408448
493:1  493 494 36864
493:2  493 494 5419008
493:3  493 494 6144
498:0  498 499 2408448
498:1  498 499 4096
498:2  498 499 602112
498:3  498 499 6144
501:0  501 502 602112
502:0  502 503 602112
504:0  504 505 602112
508:0  508 509 602112
509:0  509 510 602112
509:1  509 510 3612672
509:2  509 510 6144
509:3  509 510 903168
511:0  511 512 602112
512:0  512 513 602112
512:1  512 513 6144
512:2  512 513 3612672
512:3  512 513 1536
518:0  518 519 3612672
562:0  562 563 14450688
566:0  566 567 14450688
567:0  567 568 14450688
567:1  567 568 22127616
567:2  567 568 56448
567:3  567 568 3612672
0  0 2 1806336
1  1 3 2408448
2  2 568 22127616
3  3 5 56448
4  4 6 14450688
5  5 549 14450688
6  6 550 3612672
7  7 510 3612672
8  8 10 6144
9  9 11 602112
10  10 15 602112
11  11 491 602112
12  12 14 4096
13  13 18 2408448
14  14 485 5419008
15  15 17 36864
16  16 18 2408448
17  17 19 4816896
18  18 474 4816896
19  19 21 8192
20  20 22 602112
21  21 26 602112
22  22 455 602112
23  23 25 4096
24  24 29 2408448
25  25 449 5419008
26  26 28 36864
27  27 29 2408448
28  28 30 4816896
29  29 438 4816896
30  30 32 16384
31  31 33 1204224
32  32 37 1204224
33  33 419 1204224
34  34 36 16384
35  35 40 4816896
36  36 413 10838016
37  37 39 147456
38  38 40 4816896
39  39 394 9633792
40  40 395 2408448
41  41 355 2408448
42  42 44 32768
43  43 45 301056
44  44 49 301056
45  45 336 301056
46  46 48 16384
47  47 52 1204224
48  48 330 2709504
49  49 51 147456
50  50 52 1204224
51  51 53 2408448
52  52 319 2408448
53  53 55 49152
54  54 56 451584
55  55 60 451584
56  56 300 451584
57  57 59 36864
58  58 63 1806336
59  59 294 4064256
60  60 62 331776
61  61 63 1806336
62  62 64 3612672
63  63 283 3612672
64  64 66 73728
65  65 67 451584
66  66 71 451584
67  67 264 451584
68  68 70 36864
69  69 74 1806336
70  70 258 4064256
71  71 73 331776
72  72 74 1806336
73  73 75 3612672
74  74 247 3612672
75  75 77 98304
76  76 78 602112
77  77 82 602112
78  78 228 602112
79  79 81 65536
80  80 85 2408448
81  81 222 5419008
82  82 84 589824
83  83 85 2408448
84  84 203 4816896
85  85 204 1204224
86  86 164 1204224
87  87 89 131072
88  88 90 150528
89  89 94 150528
90  90 145 150528
91  91 93 65536
92  92 97 602112
93  93 139 1354752
94  94 96 589824
95  95 97 602112
96  96 98 1204224
97  97 128 301056
98  98 100 20480
99  99 101 5888
100  100 102 7104
101  101 119 192
102  102 104 64
103  103 106 64
104  104 107 64
105  105 107 64
106  106 109 64
107  107 111 192
108  108 110 64
109  109 111 192
110  110 118 192
111  111 113 64
112  112 114 64
113  113 115 64
114  114 116 64
115  115 117 128
116  116 118 192
117  117 120 192
118  118 120 192
119  119 121 192
120  120 122 1152512
121  121 130 5888
122  122 124 5888
123  123 125 1984
124  124 126 1984
125  125 569 64
126  126 128 5888
127  127 570 20480
128  128 131 20480
129  129 131 5888
130  130 132 301056
131  131 133 1204224
132  132 152 1204224
133  133 135 602112
134  134 136 200704
135  135 137 200704
136  136 571 1024
137  137 139 602112
138  138 572 589824
139  139 141 602112
140  140 142 200704
141  141 143 200704
142  142 573 1024
143  143 145 602112
144  144 574 65536
145  145 148 589824
146  146 148 602112
147  147 149 1354752
148  148 150 1354752
149  149 156 150528
150  150 153 65536
151  151 153 602112
152  152 154 150528
153  153 155 150528
154  154 157 150528
155  155 158 150528
156  156 158 150528
157  157 166 150528
158  158 160 150528
159  159 161 50176
160  160 162 50176
161  161 575 256
162  162 164 150528
163  163 576 131072
164  164 167 131072
165  165 167 150528
166  166 168 1204224
167  167 169 1204224
168  168 173 1204224
169  169 171 1204224
170  170 172 1204224
171  171 174 1204224
172  172 206 1204224
173  173 207 1204224
174  174 176 1204224
175  175 177 1204224
176  176 178 1204224
177  177 208 1204224
178  178 180 1204224
179  179 181 1204224
180  180 182 1204224
181  181 209 1204224
182  182 184 1204224
183  183 185 1204224
184  184 186 1204224
185  185 210 1204224
186  186 188 1204224
187  187 189 1204224
188  188 190 1204224
189  189 211 1204224
190  190 192 1204224
191  191 193 1204224
192  192 194 1204224
193  193 212 1204224
194  194 196 1204224
195  195 197 1204224
196  196 198 1204224
197  197 213 1204224
198  198 200 1204224
199  199 201 1204224
200  200 202 1204224
201  201 214 1204224
202  202 204 1204224
203  203 205 1204224
204  204 206 1204224
205  205 215 1204224
206  206 216 4816896
207  207 216 4816896
208  208 216 4816896
209  209 216 4816896
210  210 216 4816896
211  211 216 4816896
212  212 216 4816896
213  213 216 4816896
214  214 216 4816896
215  215 235 4816896
216  216 218 2408448
217  217 219 802816
218  218 220 802816
219  219 577 1024
220  220 222 2408448
221  221 578 589824
222  222 224 2408448
223  223 225 802816
224  224 226 802816
225  225 579 1024
226  226 228 2408448
227  227 580 65536
228  228 231 589824
229  229 231 2408448
230  230 232 5419008
231  231 233 5419008
232  232 239 602112
233  233 236 65536
234  234 236 2408448
235  235 237 602112
236  236 238 602112
237  237 240 602112
238  238 241 602112
239  239 241 602112
240  240 249 602112
241  241 243 602112
242  242 244 200704
243  243 245 200704
244  244 581 256
245  245 247 602112
246  246 582 98304
247  247 250 98304
248  248 250 602112
249  249 251 3612672
250  250 252 3612672
251  251 271 3612672
252  252 254 1806336
253  253 255 602112
254  254 256 602112
255  255 583 768
256  256 258 1806336
257  257 584 331776
258  258 260 1806336
259  259 261 602112
260  260 262 602112
261  261 585 768
262  262 264 1806336
263  263 586 36864
264  264 267 331776
265  265 267 1806336
266  266 268 4064256
267  267 269 4064256
268  268 275 451584
269  269 272 36864
270  270 272 1806336
271  271 273 451584
272  272 274 451584
273  273 276 451584
274  274 277 451584
275  275 277 451584
276  276 285 451584
277  277 279 451584
278  278 280 150528
279  279 281 150528
280  280 587 192
281  281 283 451584
282  282 588 73728
283  283 286 73728
284  284 286 451584
285  285 287 3612672
286  286 288 3612672
287  287 307 3612672
288  288 290 1806336
289  289 291 602112
290  290 292 602112
291  291 589 768
292  292 294 1806336
293  293 590 331776
294  294 296 1806336
295  295 297 602112
296  296 298 602112
297  297 591 768
298  298 300 1806336
299  299 592 36864
300  300 303 331776
301  301 303 1806336
302  302 304 4064256
303  303 305 4064256
304  304 311 451584
305  305 308 36864
306  306 308 1806336
307  307 309 451584
308  308 310 451584
309  309 312 451584
310  310 313 451584
311  311 313 451584
312  312 321 451584
313  313 315 451584
314  314 316 150528
315  315 317 150528
316  316 593 192
317  317 319 451584
318  318 594 49152
319  319 322 49152
320  320 322 451584
321  321 323 2408448
322  322 324 2408448
323  323 343 2408448
324  324 326 1204224
325  325 327 401408
326  326 328 401408
327  327 595 512
328  328 330 1204224
329  329 596 147456
330  330 332 1204224
331  331 333 401408
332  332 334 401408
333  333 597 512
334  334 336 1204224
335  335 598 16384
336  336 339 147456
337  337 339 1204224
338  338 340 2709504
339  339 341 2709504
340  340 347 301056
341  341 344 16384
342  342 344 1204224
343  343 345 301056
344  344 346 301056
345  345 348 301056
346  346 349 301056
347  347 349 301056
348  348 357 301056
349  349 351 301056
350  350 352 100352
351  351 353 100352
352  352 599 128
353  353 355 301056
354  354 600 32768
355  355 358 32768
356  356 358 301056
357  357 359 2408448
358  358 360 2408448
359  359 364 2408448
360  360 362 2408448
361  361 363 2408448
362  362 365 2408448
363  363 397 2408448
364  364 398 2408448
365  365 367 2408448
366  366 368 2408448
367  367 369 2408448
368  368 399 2408448
369  369 371 2408448
370  370 372 2408448
371  371 373 2408448
372  372 400 2408448
373  373 375 2408448
374  374 376 2408448
375  375 377 2408448
376  376 401 2408448
377  377 379 2408448
378  378 380 2408448
379  379 381 2408448
380  380 402 2408448
381  381 383 2408448
382  382 384 2408448
383  383 385 2408448
384  384 403 2408448
385  385 387 2408448
386  386 388 2408448
387  387 389 2408448
388  388 404 2408448
389  389 391 2408448
390  390 392 2408448
391  391 393 2408448
392  392 405 2408448
393  393 395 2408448
394  394 396 2408448
395  395 397 2408448
396  396 406 2408448
397  397 407 9633792
398  398 407 9633792
399  399 407 9633792
400  400 407 9633792
401  401 407 9633792
402  402 407 9633792
403  403 407 9633792
404  404 407 9633792
405  405 407 9633792
406  406 426 9633792
407  407 409 4816896
408  408 410 1605632
409  409 411 1605632
410  410 601 512
411  411 413 4816896
412  412 602 147456
413  413 415 4816896
414  414 416 1605632
415  415 417 1605632
416  416 603 512
417  417 419 4816896
418  418 604 16384
419  419 422 147456
420  420 422 4816896
421  421 423 10838016
422  422 424 10838016
423  423 430 1204224
424  424 427 16384
425  425 427 4816896
426  426 428 1204224
427  427 429 1204224
428  428 431 1204224
429  429 432 1204224
430  430 432 1204224
431  431 440 1204224
432  432 434 1204224
433  433 435 401408
434  434 436 401408
435  435 605 128
436  436 438 1204224
437  437 606 16384
438  438 441 16384
439  439 441 1204224
440  440 442 4816896
441  441 443 4816896
442  442 462 4816896
443  443 445 2408448
444  444 446 802816
445  445 447 802816
446  446 607 256
447  447 449 2408448
448  448 608 36864
449  449 451 2408448
450  450 452 802816
451  451 453 802816
452  452 609 256
453  453 455 2408448
454  454 610 4096
455  455 458 36864
456  456 458 2408448
457  457 459 5419008
458  458 460 5419008
459  459 466 602112
460  460 463 4096
461  461 463 2408448
462  462 464 602112
463  463 465 602112
464  464 467 602112
465  465 468 602112
466  466 468 602112
467  467 476 602112
468  468 470 602112
469  469 471 200704
470  470 472 200704
471  471 611 64
472  472 474 602112
473  473 612 8192
474  474 477 8192
475  475 477 602112
476  476 478 4816896
477  477 479 4816896
478  478 498 4816896
479  479 481 2408448
480  480 482 802816
481  481 483 802816
482  482 613 256
483  483 485 2408448
484  484 614 36864
485  485 487 2408448
486  486 488 802816
487  487 489 802816
488  488 615 256
489  489 491 2408448
490  490 616 4096
491  491 494 36864
492  492 494 2408448
493  493 495 5419008
494  494 496 5419008
495  495 502 602112
496  496 499 4096
497  497 499 2408448
498  498 500 602112
499  499 501 602112
500  500 503 602112
501  501 504 602112
502  502 504 602112
503  503 512 602112
504  504 506 602112
505  505 507 200704
506  506 508 200704
507  507 617 64
508  508 510 602112
509  509 618 6144
510  510 513 6144
511  511 513 602112
512  512 514 3612672
513  513 515 3612672
514  514 519 3612672
515  515 517 3612672
516  516 518 3612672
517  517 520 3612672
518  518 552 3612672
519  519 553 3612672
520  520 522 3612672
521  521 523 3612672
522  522 524 3612672
523  523 554 3612672
524  524 526 3612672
525  525 527 3612672
526  526 528 3612672
527  527 555 3612672
528  528 530 3612672
529  529 531 3612672
530  530 532 3612672
531  531 556 3612672
532  532 534 3612672
533  533 535 3612672
534  534 536 3612672
535  535 557 3612672
536  536 538 3612672
537  537 539 3612672
538  538 540 3612672
539  539 558 3612672
540  540 542 3612672
541  541 543 3612672
542  542 544 3612672
543  543 559 3612672
544  544 546 3612672
545  545 547 3612672
546  546 548 3612672
547  547 560 3612672
548  548 550 3612672
549  549 551 3612672
550  550 552 3612672
551  551 561 3612672
552  552 562 14450688
553  553 562 14450688
554  554 562 14450688
555  555 562 14450688
556  556 562 14450688
557  557 562 14450688
558  558 562 14450688
559  559 562 14450688
560  560 562 14450688
561  561 567 14450688
562  562 564 14450688
563  563 565 4816896
564  564 566 4816896
565  565 619 384
566  566 568 14450688
567  567 620 56448
568  568 620 64
569  569 620 20480
570  570 620 1024
571  571 620 589824
572  572 620 1024
573  573 620 65536
574  574 620 256
575  575 620 131072
576  576 620 1024
577  577 620 589824
578  578 620 1024
579  579 620 65536
580  580 620 256
581  581 620 98304
582  582 620 768
583  583 620 331776
584  584 620 768
585  585 620 36864
586  586 620 192
587  587 620 73728
588  588 620 768
589  589 620 331776
590  590 620 768
591  591 620 36864
592  592 620 192
593  593 620 49152
594  594 620 512
595  595 620 147456
596  596 620 512
597  597 620 16384
598  598 620 128
599  599 620 32768
600  600 620 512
601  601 620 147456
602  602 620 512
603  603 620 16384
604  604 620 128
605  605 620 16384
606  606 620 256
607  607 620 36864
608  608 620 256
609  609 620 4096
610  610 620 64
611  611 620 8192
612  612 620 256
613  613 620 36864
614  614 620 256
615  615 620 4096
616  616 620 64
617  617 620 6144
618  618 620 384
619  619 620 56448
