2:0  2 3 3612672
4:0  4 5 56448
4:1  4 5 44556288
4:2  4 5 28901376
4:3  4 5 14144
5:0  5 6 28901376
7:0  7 8 7225344
9:0  9 10 6144
9:1  9 10 7225344
9:2  9 10 1204224
9:3  9 10 9216
10:0  10 11 1204224
11:0  11 12 1204224
13:0  13 14 4096
13:1  13 14 1204224
13:2  13 14 4816896
13:3  13 14 1536
14:0  14 15 1204224
16:0  16 17 36864
16:1  16 17 10838016
16:2  16 17 4816896
16:3  16 17 13824
17:0  17 18 9633792
18:0  18 19 9633792
20:0  20 21 8192
20:1  20 21 9633792
20:2  20 21 1204224
20:3  20 21 12288
21:0  21 22 1204224
22:0  22 23 1204224
24:0  24 25 4096
24:1  24 25 1204224
24:2  24 25 4816896
24:3  24 25 1536
25:0  25 26 1204224
27:0  27 28 36864
27:1  27 28 10838016
27:2  27 28 4816896
27:3  27 28 13824
28:0  28 29 9633792
29:0  29 30 9633792
31:0  31 32 16384
31:1  31 32 9633792
31:2  31 32 2408448
31:3  31 32 12288
32:0  32 33 2408448
33:0  33 34 2408448
35:0  35 36 16384
35:1  35 36 2408448
35:2  35 36 9633792
35:3  35 36 3072
36:0  36 37 2408448
38:0  38 39 147456
38:1  38 39 21676032
38:2  38 39 9633792
38:3  38 39 5419008
38:4  38 39 36864
38:11  38 39 13824
39:0  39 40 19267584
41:0  41 42 4816896
43:0  43 44 32768
43:1  43 44 4816896
43:2  43 44 602112
43:3  43 44 24576
44:0  44 45 602112
45:0  45 46 602112
47:0  47 48 16384
47:1  47 48 602112
47:2  47 48 2408448
47:3  47 48 3072
48:0  48 49 602112
50:0  50 51 147456
50:1  50 51 5419008
50:2  50 51 2408448
50:3  50 51 1354752
50:4  50 51 36864
50:11  50 51 13824
51:0  51 52 4816896
52:0  52 53 4816896
54:0  54 55 49152
54:1  54 55 4816896
54:2  54 55 903168
54:3  54 55 24576
55:0  55 56 903168
56:0  56 57 903168
58:0  58 59 36864
58:1  58 59 903168
58:2  58 59 3612672
58:3  58 59 4608
59:0  59 60 903168
61:0  61 62 331776
61:1  61 62 8128512
61:2  61 62 3612672
61:3  61 62 2032128
61:4  61 62 82944
61:11  61 62 20736
62:0  62 63 7225344
63:0  63 64 7225344
65:0  65 66 73728
65:1  65 66 7225344
65:2  65 66 903168
65:3  65 66 36864
66:0  66 67 903168
67:0  67 68 903168
69:0  69 70 36864
69:1  69 70 903168
69:2  69 70 3612672
69:3  69 70 4608
70:0  70 71 903168
72:0  72 73 331776
72:1  72 73 8128512
72:2  72 73 3612672
72:3  72 73 2032128
72:4  72 73 82944
72:11  72 73 20736
73:0  73 74 7225344
74:0  74 75 7225344
76:0  76 77 98304
76:1  76 77 7225344
76:2  76 77 1204224
76:3  76 77 36864
77:0  77 78 1204224
78:0  78 79 1204224
80:0  80 81 65536
80:1  80 81 1204224
80:2  80 81 4816896
80:3  80 81 6144
81:0  81 82 1204224
83:0  83 84 589824
83:1  83 84 10838016
83:2  83 84 4816896
83:3  83 84 2709504
83:4  83 84 147456
83:59  83 84 677376
83:60  83 84 36864
83:67  83 84 13824
84:0  84 85 9633792
86:0  86 87 2408448
88:0  88 89 131072
88:1  88 89 2408448
88:2  88 89 301056
88:3  88 89 49152
89:0  89 90 301056
90:0  90 91 301056
92:0  92 93 65536
92:1  92 93 301056
92:2  92 93 1204224
92:3  92 93 6144
93:0  93 94 301056
95:0  95 96 589824
95:1  95 96 2709504
95:2  95 96 1204224
95:3  95 96 677376
95:4  95 96 147456
95:65  95 96 165888
95:66  95 96 36864
95:73  95 96 13824
95:74  95 96 27648
96:0  96 97 2408448
97:0  97 98 2408448
99:0  99 100 24576
99:1  99 100 602112
99:2  99 100 14144
99:3  99 620 64
99:4  99 100 49152
100:0  100 101 11776
109:0  109 110 256
109:1  109 110 64
120:0  120 121 256
127:0  127 128 14144
127:1  127 128 606208
127:2  127 128 24576
127:3  127 128 28224
130:0  130 131 11840
130:1  130 131 24576
130:2  130 131 606208
130:3  130 131 960
138:0  138 139 1204224
138:1  138 139 2709504
138:2  138 139 589824
138:3  138 139 677376
138:4  138 139 301056
138:11  138 139 56448
144:0  144 145 1204224
144:1  144 145 301056
144:2  144 145 65536
144:3  144 145 112896
147:0  147 148 1204224
147:1  147 148 589824
147:2  147 148 2709504
147:3  147 148 677376
147:4  147 148 301056
147:11  147 148 12288
152:0  152 153 1204224
152:1  152 153 65536
152:2  152 153 301056
152:3  152 153 24576
155:0  155 156 301056
156:0  156 157 301056
158:0  158 159 301056
162:0  162 163 301056
163:0  163 164 301056
163:1  163 164 2408448
163:2  163 164 131072
163:3  163 164 592704
163:4  163 164 75264
163:11  163 164 56448
163:12  163 164 112896
165:0  165 166 301056
166:0  166 167 301056
166:1  166 167 131072
166:2  166 167 2408448
166:3  166 167 6144
172:0  172 173 2408448
216:0  216 217 9633792
220:0  220 221 9633792
221:0  221 222 4816896
221:1  221 222 10838016
221:2  221 222 589824
221:3  221 222 2709504
221:4  221 222 1204224
221:59  221 222 677376
221:60  221 222 301056
221:67  221 222 112896
222:0  222 223 9633792
226:0  226 227 9633792
227:0  227 228 4816896
227:1  227 228 1204224
227:2  227 228 65536
227:3  227 228 451584
229:0  229 230 9633792
230:0  230 231 4816896
230:1  230 231 589824
230:2  230 231 10838016
230:3  230 231 2709504
230:4  230 231 1204224
230:11  230 231 12288
234:0  234 235 9633792
235:0  235 236 4816896
235:1  235 236 65536
235:2  235 236 1204224
235:3  235 236 24576
238:0  238 239 1204224
239:0  239 240 1204224
241:0  241 242 1204224
245:0  245 246 1204224
246:0  246 247 1204224
246:1  246 247 7225344
246:2  246 247 98304
246:3  246 247 1806336
246:4  246 247 301056
246:11  246 247 225792
248:0  248 249 1204224
249:0  249 250 1204224
249:1  249 250 98304
249:2  249 250 7225344
249:3  249 250 6144
257:0  257 258 3612672
257:1  257 258 8128512
257:2  257 258 331776
257:3  257 258 2032128
257:4  257 258 903168
257:59  257 258 508032
257:60  257 258 225792
257:67  257 258 112896
263:0  263 264 3612672
263:1  263 264 903168
263:2  263 264 36864
263:3  263 264 451584
266:0  266 267 3612672
266:1  266 267 331776
266:2  266 267 8128512
266:3  266 267 2032128
266:4  266 267 903168
266:11  266 267 9216
271:0  271 272 3612672
271:1  271 272 36864
271:2  271 272 903168
271:3  271 272 18432
274:0  274 275 903168
275:0  275 276 903168
277:0  277 278 903168
281:0  281 282 903168
282:0  282 283 903168
282:1  282 283 7225344
282:2  282 283 73728
282:3  282 283 451584
284:0  284 285 903168
285:0  285 286 903168
285:1  285 286 73728
285:2  285 286 7225344
285:3  285 286 4608
293:0  293 294 3612672
293:1  293 294 8128512
293:2  293 294 331776
293:3  293 294 2032128
293:4  293 294 903168
293:59  293 294 508032
293:60  293 294 225792
293:67  293 294 112896
299:0  299 300 3612672
299:1  299 300 903168
299:2  299 300 36864
299:3  299 300 451584
302:0  302 303 3612672
302:1  302 303 331776
302:2  302 303 8128512
302:3  302 303 2032128
302:4  302 303 903168
302:11  302 303 9216
307:0  307 308 3612672
307:1  307 308 36864
307:2  307 308 903168
307:3  307 308 18432
310:0  310 311 903168
311:0  311 312 903168
313:0  313 314 903168
317:0  317 318 903168
318:0  318 319 903168
318:1  318 319 4816896
318:2  318 319 49152
318:3  318 319 451584
320:0  320 321 903168
321:0  321 322 903168
321:1  321 322 49152
321:2  321 322 4816896
321:3  321 322 4608
329:0  329 330 2408448
329:1  329 330 5419008
329:2  329 330 147456
329:3  329 330 1354752
329:4  329 330 602112
329:11  329 330 225792
335:0  335 336 2408448
335:1  335 336 602112
335:2  335 336 16384
335:3  335 336 451584
338:0  338 339 2408448
338:1  338 339 147456
338:2  338 339 5419008
338:3  338 339 12288
343:0  343 344 2408448
343:1  343 344 16384
343:2  343 344 602112
343:3  343 344 12288
346:0  346 347 602112
347:0  347 348 602112
349:0  349 350 602112
353:0  353 354 602112
354:0  354 355 602112
354:1  354 355 4816896
354:2  354 355 32768
354:3  354 355 451584
356:0  356 357 602112
357:0  357 358 602112
357:1  357 358 32768
357:2  357 358 4816896
357:3  357 358 3072
363:0  363 364 4816896
407:0  407 408 19267584
411:0  411 412 19267584
412:0  412 413 9633792
412:1  412 413 21676032
412:2  412 413 147456
412:3  412 413 5419008
412:4  412 413 2408448
412:11  412 413 903168
413:0  413 414 19267584
417:0  417 418 19267584
418:0  418 419 9633792
418:1  418 419 2408448
418:2  418 419 16384
418:3  418 419 1806336
420:0  420 421 19267584
421:0  421 422 9633792
421:1  421 422 147456
421:2  421 422 21676032
421:3  421 422 12288
425:0  425 426 19267584
426:0  426 427 9633792
426:1  426 427 16384
426:2  426 427 2408448
426:3  426 427 12288
429:0  429 430 2408448
430:0  430 431 2408448
432:0  432 433 2408448
436:0  436 437 2408448
437:0  437 438 2408448
437:1  437 438 9633792
437:2  437 438 16384
437:3  437 438 1806336
439:0  439 440 2408448
440:0  440 441 2408448
440:1  440 441 16384
440:2  440 441 9633792
440:3  440 441 3072
448:0  448 449 4816896
448:1  448 449 10838016
448:2  448 449 36864
448:3  448 449 1806336
454:0  454 455 4816896
454:1  454 455 1204224
454:2  454 455 4096
454:3  454 455 1806336
457:0  457 458 4816896
457:1  457 458 36864
457:2  457 458 10838016
457:3  457 458 6144
462:0  462 463 4816896
462:1  462 463 4096
462:2  462 463 1204224
462:3  462 463 6144
465:0  465 466 1204224
466:0  466 467 1204224
468:0  468 469 1204224
472:0  472 473 1204224
473:0  473 474 1204224
473:1  473 474 9633792
473:2  473 474 8192
473:3  473 474 1806336
475:0  475 476 1204224
476:0  476 477 1204224
476:1  476 477 8192
476:2  476 477 9633792
476:3  476 477 1536
484:0  484 485 4816896
484:1  484 485 10838016
484:2  484 485 36864
484:3  484 485 1806336
490:0  490 491 4816896
490:1  490 491 1204224
490:2  490 491 4096
490:3  490 491 1806336
493:0  493 494 4816896
493:1  493 494 36864
493:2  493 494 10838016
493:3  493 494 6144
498:0  498 499 4816896
498:1  498 499 4096
498:2  498 499 1204224
498:3  498 499 6144
501:0  501 502 1204224
502:0  502 503 1204224
504:0  504 505 1204224
508:0  508 509 1204224
509:0  509 510 1204224
509:1  509 510 7225344
509:2  509 510 6144
509:3  509 510 1806336
511:0  511 512 1204224
512:0  512 513 1204224
512:1  512 513 6144
512:2  512 513 7225344
512:3  512 513 1536
518:0  518 519 7225344
562:0  562 563 28901376
566:0  566 567 28901376
567:0  567 568 28901376
567:1  567 568 44255232
567:2  567 568 56448
567:3  567 568 7225344
0  0 2 3612672
1  1 3 4816896
2  2 568 44255232
3  3 5 56448
4  4 6 28901376
5  5 549 28901376
6  6 550 7225344
7  7 510 7225344
8  8 10 6144
9  9 11 1204224
10  10 15 1204224
11  11 491 1204224
12  12 14 4096
13  13 18 4816896
14  14 485 10838016
15  15 17 36864
16  16 18 4816896
17  17 19 9633792
18  18 474 9633792
19  19 21 8192
20  20 22 1204224
21  21 26 1204224
22  22 455 1204224
23  23 25 4096
24  24 29 4816896
25  25 449 10838016
26  26 28 36864
27  27 29 4816896
28  28 30 9633792
29  29 438 9633792
30  30 32 16384
31  31 33 2408448
32  32 37 2408448
33  33 419 2408448
34  34 36 16384
35  35 40 9633792
36  36 413 21676032
37  37 39 147456
38  38 40 9633792
39  39 394 19267584
40  40 395 4816896
41  41 355 4816896
42  42 44 32768
43  43 45 602112
44  44 49 602112
45  45 336 602112
46  46 48 16384
47  47 52 2408448
48  48 330 5419008
49  49 51 147456
50  50 52 2408448
51  51 53 4816896
52  52 319 4816896
53  53 55 49152
54  54 56 903168
55  55 60 903168
56  56 300 903168
57  57 59 36864
58  58 63 3612672
59  59 294 8128512
60  60 62 331776
61  61 63 3612672
62  62 64 7225344
63  63 283 7225344
64  64 66 73728
65  65 67 903168
66  66 71 903168
67  67 264 903168
68  68 70 36864
69  69 74 3612672
70  70 258 8128512
71  71 73 331776
72  72 74 3612672
73  73 75 7225344
74  74 247 7225344
75  75 77 98304
76  76 78 1204224
77  77 82 1204224
78  78 228 1204224
79  79 81 65536
80  80 85 4816896
81  81 222 10838016
82  82 84 589824
83  83 85 4816896
84  84 203 9633792
85  85 204 2408448
86  86 164 2408448
87  87 89 131072
88  88 90 301056
89  89 94 301056
90  90 145 301056
91  91 93 65536
92  92 97 1204224
93  93 139 2709504
94  94 96 589824
95  95 97 1204224
96  96 98 2408448
97  97 128 602112
98  98 100 20480
99  99 101 11776
100  100 102 14144
101  101 119 320
102  102 104 64
103  103 106 64
104  104 107 64
105  105 107 64
106  106 109 64
107  107 111 320
108  108 110 128
109  109 111 320
110  110 118 320
111  111 113 64
112  112 114 64
113  113 115 64
114  114 116 64
115  115 117 256
116  116 118 320
117  117 120 320
118  118 120 320
119  119 121 320
120  120 122 2304960
121  121 130 11776
122  122 124 11776
123  123 125 1984
124  124 126 1984
125  125 569 64
126  126 128 11776
127  127 570 20480
128  128 131 20480
129  129 131 11776
130  130 132 602112
131  131 133 2408448
132  132 152 2408448
133  133 135 1204224
134  134 136 200704
135  135 137 200704
136  136 571 1024
137  137 139 1204224
138  138 572 589824
139  139 141 1204224
140  140 142 200704
141  141 143 200704
142  142 573 1024
143  143 145 1204224
144  144 574 65536
145  145 148 589824
146  146 148 1204224
147  147 149 2709504
148  148 150 2709504
149  149 156 301056
150  150 153 65536
151  151 153 1204224
152  152 154 301056
153  153 155 301056
154  154 157 301056
155  155 158 301056
156  156 158 301056
157  157 166 301056
158  158 160 301056
159  159 161 50176
160  160 162 50176
161  161 575 256
162  162 164 301056
163  163 576 131072
164  164 167 131072
165  165 167 301056
166  166 168 2408448
167  167 169 2408448
168  168 173 2408448
169  169 171 2408448
170  170 172 2408448
171  171 174 2408448
172  172 206 2408448
173  173 207 2408448
174  174 176 2408448
175  175 177 2408448
176  176 178 2408448
177  177 208 2408448
178  178 180 2408448
179  179 181 2408448
180  180 182 2408448
181  181 209 2408448
182  182 184 2408448
183  183 185 2408448
184  184 186 2408448
185  185 210 2408448
186  186 188 2408448
187  187 189 2408448
188  188 190 2408448
189  189 211 2408448
190  190 192 2408448
191  191 193 2408448
192  192 194 2408448
193  193 212 2408448
194  194 196 2408448
195  195 197 2408448
196  196 198 2408448
197  197 213 2408448
198  198 200 2408448
199  199 201 2408448
200  200 202 2408448
201  201 214 2408448
202  202 204 2408448
203  203 205 2408448
204  204 206 2408448
205  205 215 2408448
206  206 216 9633792
207  207 216 9633792
208  208 216 9633792
209  209 216 9633792
210  210 216 9633792
211  211 216 9633792
212  212 216 9633792
213  213 216 9633792
214  214 216 9633792
215  215 235 9633792
216  216 218 4816896
217  217 219 802816
218  218 220 802816
219  219 577 1024
220  220 222 4816896
221  221 578 589824
222  222 224 4816896
223  223 225 802816
224  224 226 802816
225  225 579 1024
226  226 228 4816896
227  227 580 65536
228  228 231 589824
229  229 231 4816896
230  230 232 10838016
231  231 233 10838016
232  232 239 1204224
233  233 236 65536
234  234 236 4816896
235  235 237 1204224
236  236 238 1204224
237  237 240 1204224
238  238 241 1204224
239  239 241 1204224
240  240 249 1204224
241  241 243 1204224
242  242 244 200704
243  243 245 200704
244  244 581 256
245  245 247 1204224
246  246 582 98304
247  247 250 98304
248  248 250 1204224
249  249 251 7225344
250  250 252 7225344
251  251 271 7225344
252  252 254 3612672
253  253 255 602112
254  254 256 602112
255  255 583 768
256  256 258 3612672
257  257 584 331776
258  258 260 3612672
259  259 261 602112
260  260 262 602112
261  261 585 768
262  262 264 3612672
263  263 586 36864
264  264 267 331776
265  265 267 3612672
266  266 268 8128512
267  267 269 8128512
268  268 275 903168
269  269 272 36864
270  270 272 3612672
271  271 273 903168
272  272 274 903168
273  273 276 903168
274  274 277 903168
275  275 277 903168
276  276 285 903168
277  277 279 903168
278  278 280 150528
279  279 281 150528
280  280 587 192
281  281 283 903168
282  282 588 73728
283  283 286 73728
284  284 286 903168
285  285 287 7225344
286  286 288 7225344
287  287 307 7225344
288  288 290 3612672
289  289 291 602112
290  290 292 602112
291  291 589 768
292  292 294 3612672
293  293 590 331776
294  294 296 3612672
295  295 297 602112
296  296 298 602112
297  297 591 768
298  298 300 3612672
299  299 592 36864
300  300 303 331776
301  301 303 3612672
302  302 304 8128512
303  303 305 8128512
304  304 311 903168
305  305 308 36864
306  306 308 3612672
307  307 309 903168
308  308 310 903168
309  309 312 903168
310  310 313 903168
311  311 313 903168
312  312 321 903168
313  313 315 903168
314  314 316 150528
315  315 317 150528
316  316 593 192
317  317 319 903168
318  318 594 49152
319  319 322 49152
320  320 322 903168
321  321 323 4816896
322  322 324 4816896
323  323 343 4816896
324  324 326 2408448
325  325 327 401408
326  326 328 401408
327  327 595 512
328  328 330 2408448
329  329 596 147456
330  330 332 2408448
331  331 333 401408
332  332 334 401408
333  333 597 512
334  334 336 2408448
335  335 598 16384
336  336 339 147456
337  337 339 2408448
338  338 340 5419008
339  339 341 5419008
340  340 347 602112
341  341 344 16384
342  342 344 2408448
343  343 345 602112
344  344 346 602112
345  345 348 602112
346  346 349 602112
347  347 349 602112
348  348 357 602112
349  349 351 602112
350  350 352 100352
351  351 353 100352
352  352 599 128
353  353 355 602112
354  354 600 32768
355  355 358 32768
356  356 358 602112
357  357 359 4816896
358  358 360 4816896
359  359 364 4816896
360  360 362 4816896
361  361 363 4816896
362  362 365 4816896
363  363 397 4816896
364  364 398 4816896
365  365 367 4816896
366  366 368 4816896
367  367 369 4816896
368  368 399 4816896
369  369 371 4816896
370  370 372 4816896
371  371 373 4816896
372  372 400 4816896
373  373 375 4816896
374  374 376 4816896
375  375 377 4816896
376  376 401 4816896
377  377 379 4816896
378  378 380 4816896
379  379 381 4816896
380  380 402 4816896
381  381 383 4816896
382  382 384 4816896
383  383 385 4816896
384  384 403 4816896
385  385 387 4816896
386  386 388 4816896
387  387 389 4816896
388  388 404 4816896
389  389 391 4816896
390  390 392 4816896
391  391 393 4816896
392  392 405 4816896
393  393 395 4816896
394  394 396 4816896
395  395 397 4816896
396  396 406 4816896
397  397 407 19267584
398  398 407 19267584
399  399 407 19267584
400  400 407 19267584
401  401 407 19267584
402  402 407 19267584
403  403 407 19267584
404  404 407 19267584
405  405 407 19267584
406  406 426 19267584
407  407 409 9633792
408  408 410 1605632
409  409 411 1605632
410  410 601 512
411  411 413 9633792
412  412 602 147456
413  413 415 9633792
414  414 416 1605632
415  415 417 1605632
416  416 603 512
417  417 419 9633792
418  418 604 16384
419  419 422 147456
420  420 422 9633792
421  421 423 21676032
422  422 424 21676032
423  423 430 2408448
424  424 427 16384
425  425 427 9633792
426  426 428 2408448
427  427 429 2408448
428  428 431 2408448
429  429 432 2408448
430  430 432 2408448
431  431 440 2408448
432  432 434 2408448
433  433 435 401408
434  434 436 401408
435  435 605 128
436  436 438 2408448
437  437 606 16384
438  438 441 16384
439  439 441 2408448
440  440 442 9633792
441  441 443 9633792
442  442 462 9633792
443  443 445 4816896
444  444 446 802816
445  445 447 802816
446  446 607 256
447  447 449 4816896
448  448 608 36864
449  449 451 4816896
450  450 452 802816
451  451 453 802816
452  452 609 256
453  453 455 4816896
454  454 610 4096
455  455 458 36864
456  456 458 4816896
457  457 459 10838016
458  458 460 10838016
459  459 466 1204224
460  460 463 4096
461  461 463 4816896
462  462 464 1204224
463  463 465 1204224
464  464 467 1204224
465  465 468 1204224
466  466 468 1204224
467  467 476 1204224
468  468 470 1204224
469  469 471 200704
470  470 472 200704
471  471 611 64
472  472 474 1204224
473  473 612 8192
474  474 477 8192
475  475 477 1204224
476  476 478 9633792
477  477 479 9633792
478  478 498 9633792
479  479 481 4816896
480  480 482 802816
481  481 483 802816
482  482 613 256
483  483 485 4816896
484  484 614 36864
485  485 487 4816896
486  486 488 802816
487  487 489 802816
488  488 615 256
489  489 491 4816896
490  490 616 4096
491  491 494 36864
492  492 494 4816896
493  493 495 10838016
494  494 496 10838016
495  495 502 1204224
496  496 499 4096
497  497 499 4816896
498  498 500 1204224
499  499 501 1204224
500  500 503 1204224
501  501 504 1204224
502  502 504 1204224
503  503 512 1204224
504  504 506 1204224
505  505 507 200704
506  506 508 200704
507  507 617 64
508  508 510 1204224
509  509 618 6144
510  510 513 6144
511  511 513 1204224
512  512 514 7225344
513  513 515 7225344
514  514 519 7225344
515  515 517 7225344
516  516 518 7225344
517  517 520 7225344
518  518 552 7225344
519  519 553 7225344
520  520 522 7225344
521  521 523 7225344
522  522 524 7225344
523  523 554 7225344
524  524 526 7225344
525  525 527 7225344
526  526 528 7225344
527  527 555 7225344
528  528 530 7225344
529  529 531 7225344
530  530 532 7225344
531  531 556 7225344
532  532 534 7225344
533  533 535 7225344
534  534 536 7225344
535  535 557 7225344
536  536 538 7225344
537  537 539 7225344
538  538 540 7225344
539  539 558 7225344
540  540 542 7225344
541  541 543 7225344
542  542 544 7225344
543  543 559 7225344
544  544 546 7225344
545  545 547 7225344
546  546 548 7225344
547  547 560 7225344
548  548 550 7225344
549  549 551 7225344
550  550 552 7225344
551  551 561 7225344
552  552 562 28901376
553  553 562 28901376
554  554 562 28901376
555  555 562 28901376
556  556 562 28901376
557  557 562 28901376
558  558 562 28901376
559  559 562 28901376
560  560 562 28901376
561  561 567 28901376
562  562 564 28901376
563  563 565 4816896
564  564 566 4816896
565  565 619 384
566  566 568 28901376
567  567 620 56448
568  568 620 64
569  569 620 20480
570  570 620 1024
571  571 620 589824
572  572 620 1024
573  573 620 65536
574  574 620 256
575  575 620 131072
576  576 620 1024
577  577 620 589824
578  578 620 1024
579  579 620 65536
580  580 620 256
581  581 620 98304
582  582 620 768
583  583 620 331776
584  584 620 768
585  585 620 36864
586  586 620 192
587  587 620 73728
588  588 620 768
589  589 620 331776
590  590 620 768
591  591 620 36864
592  592 620 192
593  593 620 49152
594  594 620 512
595  595 620 147456
596  596 620 512
597  597 620 16384
598  598 620 128
599  599 620 32768
600  600 620 512
601  601 620 147456
602  602 620 512
603  603 620 16384
604  604 620 128
605  605 620 16384
606  606 620 256
607  607 620 36864
608  608 620 256
609  609 620 4096
610  610 620 64
611  611 620 8192
612  612 620 256
613  613 620 36864
614  614 620 256
615  615 620 4096
616  616 620 64
617  617 620 6144
618  618 620 384
619  619 620 56448
