2:0  2 3 6021120
4:0  4 5 56448
4:1  4 5 74260480
4:2  4 5 48168960
4:3  4 5 14144
5:0  5 6 48168960
7:0  7 8 12042240
9:0  9 10 6144
9:1  9 10 12042240
9:2  9 10 2007040
9:3  9 10 9216
10:0  10 11 2007040
11:0  11 12 2007040
13:0  13 14 4096
13:1  13 14 2007040
13:2  13 14 8028160
13:3  13 14 1536
14:0  14 15 2007040
16:0  16 17 36864
16:1  16 17 18063360
16:2  16 17 8028160
16:3  16 17 13824
17:0  17 18 16056320
18:0  18 19 16056320
20:0  20 21 8192
20:1  20 21 16056320
20:2  20 21 2007040
20:3  20 21 12288
21:0  21 22 2007040
22:0  22 23 2007040
24:0  24 25 4096
24:1  24 25 2007040
24:2  24 25 8028160
24:3  24 25 1536
25:0  25 26 2007040
27:0  27 28 36864
27:1  27 28 18063360
27:2  27 28 8028160
27:3  27 28 13824
28:0  28 29 16056320
29:0  29 30 16056320
31:0  31 32 16384
31:1  31 32 16056320
31:2  31 32 4014080
31:3  31 32 12288
32:0  32 33 4014080
33:0  33 34 4014080
35:0  35 36 16384
35:1  35 36 4014080
35:2  35 36 16056320
35:3  35 36 3072
36:0  36 37 4014080
38:0  38 39 147456
38:1  38 39 36126720
38:2  38 39 16056320
38:3  38 39 9027072
38:4  38 39 36864
38:11  38 39 13824
38:12  38 39 27648
39:0  39 40 32112640
41:0  41 42 8028160
43:0  43 44 32768
43:1  43 44 8028160
43:2  43 44 1003520
43:3  43 44 24576
44:0  44 45 1003520
45:0  45 46 1003520
47:0  47 48 16384
47:1  47 48 1003520
47:2  47 48 4014080
47:3  47 48 3072
48:0  48 49 1003520
50:0  50 51 147456
50:1  50 51 9031680
50:2  50 51 4014080
50:3  50 51 2253312
50:4  50 51 36864
50:11  50 51 13824
50:12  50 51 27648
51:0  51 52 8028160
52:0  52 53 8028160
54:0  54 55 49152
54:1  54 55 8028160
54:2  54 55 1505280
54:3  54 55 24576
55:0  55 56 1505280
56:0  56 57 1505280
58:0  58 59 36864
58:1  58 59 1505280
58:2  58 59 6021120
58:3  58 59 4608
59:0  59 60 1505280
61:0  61 62 331776
61:1  61 62 13547520
61:2  61 62 6021120
61:3  61 62 3379968
61:4  61 62 82944
61:59  61 62 844992
61:60  61 62 20736
61:67  61 62 10368
61:68  61 62 41472
62:0  62 63 12042240
63:0  63 64 12042240
65:0  65 66 73728
65:1  65 66 12042240
65:2  65 66 1505280
65:3  65 66 36864
66:0  66 67 1505280
67:0  67 68 1505280
69:0  69 70 36864
69:1  69 70 1505280
69:2  69 70 6021120
69:3  69 70 4608
70:0  70 71 1505280
72:0  72 73 331776
72:1  72 73 13547520
72:2  72 73 6021120
72:3  72 73 3379968
72:4  72 73 82944
72:59  72 73 844992
72:60  72 73 20736
72:67  72 73 10368
72:68  72 73 41472
73:0  73 74 12042240
74:0  74 75 12042240
76:0  76 77 98304
76:1  76 77 12042240
76:2  76 77 2007040
76:3  76 77 36864
77:0  77 78 2007040
78:0  78 79 2007040
80:0  80 81 65536
80:1  80 81 2007040
80:2  80 81 8028160
80:3  80 81 6144
81:0  81 82 2007040
83:0  83 84 589824
83:1  83 84 18063360
83:2  83 84 8028160
83:3  83 84 4506624
83:4  83 84 147456
83:59  83 84 1126656
83:60  83 84 36864
83:67  83 84 13824
83:68  83 84 55296
84:0  84 85 16056320
86:0  86 87 4014080
88:0  88 89 131072
88:1  88 89 4014080
88:2  88 89 501760
88:3  88 89 995328
88:4  88 89 32768
88:11  88 89 24576
88:12  88 89 49152
89:0  89 90 501760
90:0  90 91 501760
92:0  92 93 65536
92:1  92 93 501760
92:2  92 93 2007040
92:3  92 93 6144
93:0  93 94 501760
95:0  95 96 589824
95:1  95 96 4515840
95:2  95 96 2007040
95:3  95 96 1119744
95:4  95 96 147456
95:65  95 96 276480
95:66  95 96 36864
95:73  95 96 13824
95:74  95 96 27648
95:75  95 96 55296
96:0  96 97 4014080
97:0  97 98 4014080
99:0  99 100 24576
99:1  99 100 1003520
99:2  99 100 23552
99:3  99 620 64
99:4  99 100 49152
100:0  100 101 19648
109:0  109 110 448
109:1  109 110 64
120:0  120 121 448
127:0  127 128 23552
127:1  127 128 1007616
127:2  127 128 24576
127:3  127 128 47040
130:0  130 131 19712
130:1  130 131 24576
130:2  130 131 1007616
130:3  130 131 960
138:0  138 139 2007040
138:1  138 139 4515840
138:2  138 139 589824
138:3  138 139 1128960
138:4  138 139 501760
138:11  138 139 94080
144:0  144 145 2007040
144:1  144 145 501760
144:2  144 145 65536
144:3  144 145 188160
147:0  147 148 2007040
147:1  147 148 589824
147:2  147 148 4515840
147:3  147 148 1128960
147:4  147 148 501760
147:11  147 148 12288
152:0  152 153 2007040
152:1  152 153 65536
152:2  152 153 501760
152:3  152 153 24576
155:0  155 156 501760
156:0  156 157 501760
158:0  158 159 501760
162:0  162 163 501760
163:0  163 164 501760
163:1  163 164 4014080
163:2  163 164 131072
163:3  163 164 987840
163:4  163 164 125440
163:11  163 164 94080
163:12  163 164 188160
165:0  165 166 501760
166:0  166 167 501760
166:1  166 167 131072
166:2  166 167 4014080
166:3  166 167 6144
172:0  172 173 4014080
216:0  216 217 16056320
220:0  220 221 16056320
221:0  221 222 8028160
221:1  221 222 18063360
221:2  221 222 589824
221:3  221 222 4515840
221:4  221 222 2007040
221:59  221 222 1128960
221:60  221 222 501760
221:67  221 222 188160
222:0  222 223 16056320
226:0  226 227 16056320
227:0  227 228 8028160
227:1  227 228 2007040
227:2  227 228 65536
227:3  227 228 752640
229:0  229 230 16056320
230:0  230 231 8028160
230:1  230 231 589824
230:2  230 231 18063360
230:3  230 231 4515840
230:4  230 231 2007040
230:11  230 231 12288
234:0  234 235 16056320
235:0  235 236 8028160
235:1  235 236 65536
235:2  235 236 2007040
235:3  235 236 24576
238:0  238 239 2007040
239:0  239 240 2007040
241:0  241 242 2007040
245:0  245 246 2007040
246:0  246 247 2007040
246:1  246 247 12042240
246:2  246 247 98304
246:3  246 247 3010560
246:4  246 247 501760
246:11  246 247 376320
248:0  248 249 2007040
249:0  249 250 2007040
249:1  249 250 98304
249:2  249 250 12042240
249:3  249 250 6144
257:0  257 258 6021120
257:1  257 258 13547520
257:2  257 258 331776
257:3  257 258 3386880
257:4  257 258 1505280
257:59  257 258 846720
257:60  257 258 376320
257:67  257 258 188160
263:0  263 264 6021120
263:1  263 264 1505280
263:2  263 264 36864
263:3  263 264 752640
266:0  266 267 6021120
266:1  266 267 331776
266:2  266 267 13547520
266:3  266 267 3386880
266:4  266 267 1505280
266:11  266 267 9216
271:0  271 272 6021120
271:1  271 272 36864
271:2  271 272 1505280
271:3  271 272 18432
274:0  274 275 1505280
275:0  275 276 1505280
277:0  277 278 1505280
281:0  281 282 1505280
282:0  282 283 1505280
282:1  282 283 12042240
282:2  282 283 73728
282:3  282 283 752640
284:0  284 285 1505280
285:0  285 286 1505280
285:1  285 286 73728
285:2  285 286 12042240
285:3  285 286 4608
293:0  293 294 6021120
293:1  293 294 13547520
293:2  293 294 331776
293:3  293 294 3386880
293:4  293 294 1505280
293:59  293 294 846720
293:60  293 294 376320
293:67  293 294 188160
299:0  299 300 6021120
299:1  299 300 1505280
299:2  299 300 36864
299:3  299 300 752640
302:0  302 303 6021120
302:1  302 303 331776
302:2  302 303 13547520
302:3  302 303 3386880
302:4  302 303 1505280
302:11  302 303 9216
307:0  307 308 6021120
307:1  307 308 36864
307:2  307 308 1505280
307:3  307 308 18432
310:0  310 311 1505280
311:0  311 312 1505280
313:0  313 314 1505280
317:0  317 318 1505280
318:0  318 319 1505280
318:1  318 319 8028160
318:2  318 319 49152
318:3  318 319 752640
320:0  320 321 1505280
321:0  321 322 1505280
321:1  321 322 49152
321:2  321 322 8028160
321:3  321 322 4608
329:0  329 330 4014080
329:1  329 330 9031680
329:2  329 330 147456
329:3  329 330 2257920
329:4  329 330 1003520
329:11  329 330 376320
335:0  335 336 4014080
335:1  335 336 1003520
335:2  335 336 16384
335:3  335 336 752640
338:0  338 339 4014080
338:1  338 339 147456
338:2  338 339 9031680
338:3  338 339 12288
343:0  343 344 4014080
343:1  343 344 16384
343:2  343 344 1003520
343:3  343 344 12288
346:0  346 347 1003520
347:0  347 348 1003520
349:0  349 350 1003520
353:0  353 354 1003520
354:0  354 355 1003520
354:1  354 355 8028160
354:2  354 355 32768
354:3  354 355 752640
356:0  356 357 1003520
357:0  357 358 1003520
357:1  357 358 32768
357:2  357 358 8028160
357:3  357 358 3072
363:0  363 364 8028160
407:0  407 408 32112640
411:0  411 412 32112640
412:0  412 413 16056320
412:1  412 413 36126720
412:2  412 413 147456
412:3  412 413 9031680
412:4  412 413 4014080
412:11  412 413 1505280
413:0  413 414 32112640
417:0  417 418 32112640
418:0  418 419 16056320
418:1  418 419 4014080
418:2  418 419 16384
418:3  418 419 3010560
420:0  420 421 32112640
421:0  421 422 16056320
421:1  421 422 147456
421:2  421 422 36126720
421:3  421 422 12288
425:0  425 426 32112640
426:0  426 427 16056320
426:1  426 427 16384
426:2  426 427 4014080
426:3  426 427 12288
429:0  429 430 4014080
430:0  430 431 4014080
432:0  432 433 4014080
436:0  436 437 4014080
437:0  437 438 4014080
437:1  437 438 16056320
437:2  437 438 16384
437:3  437 438 3010560
439:0  439 440 4014080
440:0  440 441 4014080
440:1  440 441 16384
440:2  440 441 16056320
440:3  440 441 3072
448:0  448 449 8028160
448:1  448 449 18063360
448:2  448 449 36864
448:3  448 449 3010560
454:0  454 455 8028160
454:1  454 455 2007040
454:2  454 455 4096
454:3  454 455 3010560
457:0  457 458 8028160
457:1  457 458 36864
457:2  457 458 18063360
457:3  457 458 6144
462:0  462 463 8028160
462:1  462 463 4096
462:2  462 463 2007040
462:3  462 463 6144
465:0  465 466 2007040
466:0  466 467 2007040
468:0  468 469 2007040
472:0  472 473 2007040
473:0  473 474 2007040
473:1  473 474 16056320
473:2  473 474 8192
473:3  473 474 3010560
475:0  475 476 2007040
476:0  476 477 2007040
476:1  476 477 8192
476:2  476 477 16056320
476:3  476 477 1536
484:0  484 485 8028160
484:1  484 485 18063360
484:2  484 485 36864
484:3  484 485 3010560
490:0  490 491 8028160
490:1  490 491 2007040
490:2  490 491 4096
490:3  490 491 3010560
493:0  493 494 8028160
493:1  493 494 36864
493:2  493 494 18063360
493:3  493 494 6144
498:0  498 499 8028160
498:1  498 499 4096
498:2  498 499 2007040
498:3  498 499 6144
501:0  501 502 2007040
502:0  502 503 2007040
504:0  504 505 2007040
508:0  508 509 2007040
509:0  509 510 2007040
509:1  509 510 12042240
509:2  509 510 6144
509:3  509 510 3010560
511:0  511 512 2007040
512:0  512 513 2007040
512:1  512 513 6144
512:2  512 513 12042240
512:3  512 513 1536
518:0  518 519 12042240
562:0  562 563 48168960
566:0  566 567 48168960
567:0  567 568 48168960
567:1  567 568 73758720
567:2  567 568 56448
567:3  567 568 12042240
0  0 2 6021120
1  1 3 8028160
2  2 568 73758720
3  3 5 56448
4  4 6 48168960
5  5 549 48168960
6  6 550 12042240
7  7 510 12042240
8  8 10 6144
9  9 11 2007040
10  10 15 2007040
11  11 491 2007040
12  12 14 4096
13  13 18 8028160
14  14 485 18063360
15  15 17 36864
16  16 18 8028160
17  17 19 16056320
18  18 474 16056320
19  19 21 8192
20  20 22 2007040
21  21 26 2007040
22  22 455 2007040
23  23 25 4096
24  24 29 8028160
25  25 449 18063360
26  26 28 36864
27  27 29 8028160
28  28 30 16056320
29  29 438 16056320
30  30 32 16384
31  31 33 4014080
32  32 37 4014080
33  33 419 4014080
34  34 36 16384
35  35 40 16056320
36  36 413 36126720
37  37 39 147456
38  38 40 16056320
39  39 394 32112640
40  40 395 8028160
41  41 355 8028160
42  42 44 32768
43  43 45 1003520
44  44 49 1003520
45  45 336 1003520
46  46 48 16384
47  47 52 4014080
48  48 330 9031680
49  49 51 147456
50  50 52 4014080
51  51 53 8028160
52  52 319 8028160
53  53 55 49152
54  54 56 1505280
55  55 60 1505280
56  56 300 1505280
57  57 59 36864
58  58 63 6021120
59  59 294 13547520
60  60 62 331776
61  61 63 6021120
62  62 64 12042240
63  63 283 12042240
64  64 66 73728
65  65 67 1505280
66  66 71 1505280
67  67 264 1505280
68  68 70 36864
69  69 74 6021120
70  70 258 13547520
71  71 73 331776
72  72 74 6021120
73  73 75 12042240
74  74 247 12042240
75  75 77 98304
76  76 78 2007040
77  77 82 2007040
78  78 228 2007040
79  79 81 65536
80  80 85 8028160
81  81 222 18063360
82  82 84 589824
83  83 85 8028160
84  84 203 16056320
85  85 204 4014080
86  86 164 4014080
87  87 89 131072
88  88 90 501760
89  89 94 501760
90  90 145 501760
91  91 93 65536
92  92 97 2007040
93  93 139 4515840
94  94 96 589824
95  95 97 2007040
96  96 98 4014080
97  97 128 1003520
98  98 100 20480
99  99 101 19648
100  100 102 23552
101  101 119 512
102  102 104 64
103  103 106 64
104  104 107 64
105  105 107 64
106  106 109 64
107  107 111 512
108  108 110 192
109  109 111 512
110  110 118 512
111  111 113 64
112  112 114 64
113  113 115 64
114  114 116 64
115  115 117 448
116  116 118 512
117  117 120 512
118  118 120 512
119  119 121 512
120  120 122 3841600
121  121 130 19648
122  122 124 19648
123  123 125 1984
124  124 126 1984
125  125 569 64
126  126 128 19648
127  127 570 20480
128  128 131 20480
129  129 131 19648
130  130 132 1003520
131  131 133 4014080
132  132 152 4014080
133  133 135 2007040
134  134 136 200704
135  135 137 200704
136  136 571 1024
137  137 139 2007040
138  138 572 589824
139  139 141 2007040
140  140 142 200704
141  141 143 200704
142  142 573 1024
143  143 145 2007040
144  144 574 65536
145  145 148 589824
146  146 148 2007040
147  147 149 4515840
148  148 150 4515840
149  149 156 501760
150  150 153 65536
151  151 153 2007040
152  152 154 501760
153  153 155 501760
154  154 157 501760
155  155 158 501760
156  156 158 501760
157  157 166 501760
158  158 160 501760
159  159 161 50176
160  160 162 50176
161  161 575 256
162  162 164 501760
163  163 576 131072
164  164 167 131072
165  165 167 501760
166  166 168 4014080
167  167 169 4014080
168  168 173 4014080
169  169 171 4014080
170  170 172 4014080
171  171 174 4014080
172  172 206 4014080
173  173 207 4014080
174  174 176 4014080
175  175 177 4014080
176  176 178 4014080
177  177 208 4014080
178  178 180 4014080
179  179 181 4014080
180  180 182 4014080
181  181 209 4014080
182  182 184 4014080
183  183 185 4014080
184  184 186 4014080
185  185 210 4014080
186  186 188 4014080
187  187 189 4014080
188  188 190 4014080
189  189 211 4014080
190  190 192 4014080
191  191 193 4014080
192  192 194 4014080
193  193 212 4014080
194  194 196 4014080
195  195 197 4014080
196  196 198 4014080
197  197 213 4014080
198  198 200 4014080
199  199 201 4014080
200  200 202 4014080
201  201 214 4014080
202  202 204 4014080
203  203 205 4014080
204  204 206 4014080
205  205 215 4014080
206  206 216 16056320
207  207 216 16056320
208  208 216 16056320
209  209 216 16056320
210  210 216 16056320
211  211 216 16056320
212  212 216 16056320
213  213 216 16056320
214  214 216 16056320
215  215 235 16056320
216  216 218 8028160
217  217 219 802816
218  218 220 802816
219  219 577 1024
220  220 222 8028160
221  221 578 589824
222  222 224 8028160
223  223 225 802816
224  224 226 802816
225  225 579 1024
226  226 228 8028160
227  227 580 65536
228  228 231 589824
229  229 231 8028160
230  230 232 18063360
231  231 233 18063360
232  232 239 2007040
233  233 236 65536
234  234 236 8028160
235  235 237 2007040
236  236 238 2007040
237  237 240 2007040
238  238 241 2007040
239  239 241 2007040
240  240 249 2007040
241  241 243 2007040
242  242 244 200704
243  243 245 200704
244  244 581 256
245  245 247 2007040
246  246 582 98304
247  247 250 98304
248  248 250 2007040
249  249 251 12042240
250  250 252 12042240
251  251 271 12042240
252  252 254 6021120
253  253 255 602112
254  254 256 602112
255  255 583 768
256  256 258 6021120
257  257 584 331776
258  258 260 6021120
259  259 261 602112
260  260 262 602112
261  261 585 768
262  262 264 6021120
263  263 586 36864
264  264 267 331776
265  265 267 6021120
266  266 268 13547520
267  267 269 13547520
268  268 275 1505280
269  269 272 36864
270  270 272 6021120
271  271 273 1505280
272  272 274 1505280
273  273 276 1505280
274  274 277 1505280
275  275 277 1505280
276  276 285 1505280
277  277 279 1505280
278  278 280 150528
279  279 281 150528
280  280 587 192
281  281 283 1505280
282  282 588 73728
283  283 286 73728
284  284 286 1505280
285  285 287 12042240
286  286 288 12042240
287  287 307 12042240
288  288 290 6021120
289  289 291 602112
290  290 292 602112
291  291 589 768
292  292 294 6021120
293  293 590 331776
294  294 296 6021120
295  295 297 602112
296  296 298 602112
297  297 591 768
298  298 300 6021120
299  299 592 36864
300  300 303 331776
301  301 303 6021120
302  302 304 13547520
303  303 305 13547520
304  304 311 1505280
305  305 308 36864
306  306 308 6021120
307  307 309 1505280
308  308 310 1505280
309  309 312 1505280
310  310 313 1505280
311  311 313 1505280
312  312 321 1505280
313  313 315 1505280
314  314 316 150528
315  315 317 150528
316  316 593 192
317  317 319 1505280
318  318 594 49152
319  319 322 49152
320  320 322 1505280
321  321 323 8028160
322  322 324 8028160
323  323 343 8028160
324  324 326 4014080
325  325 327 401408
326  326 328 401408
327  327 595 512
328  328 330 4014080
329  329 596 147456
330  330 332 4014080
331  331 333 401408
332  332 334 401408
333  333 597 512
334  334 336 4014080
335  335 598 16384
336  336 339 147456
337  337 339 4014080
338  338 340 9031680
339  339 341 9031680
340  340 347 1003520
341  341 344 16384
342  342 344 4014080
343  343 345 1003520
344  344 346 1003520
345  345 348 1003520
346  346 349 1003520
347  347 349 1003520
348  348 357 1003520
349  349 351 1003520
350  350 352 100352
351  351 353 100352
352  352 599 128
353  353 355 1003520
354  354 600 32768
355  355 358 32768
356  356 358 1003520
357  357 359 8028160
358  358 360 8028160
359  359 364 8028160
360  360 362 8028160
361  361 363 8028160
362  362 365 8028160
363  363 397 8028160
364  364 398 8028160
365  365 367 8028160
366  366 368 8028160
367  367 369 8028160
368  368 399 8028160
369  369 371 8028160
370  370 372 8028160
371  371 373 8028160
372  372 400 8028160
373  373 375 8028160
374  374 376 8028160
375  375 377 8028160
376  376 401 8028160
377  377 379 8028160
378  378 380 8028160
379  379 381 8028160
380  380 402 8028160
381  381 383 8028160
382  382 384 8028160
383  383 385 8028160
384  384 403 8028160
385  385 387 8028160
386  386 388 8028160
387  387 389 8028160
388  388 404 8028160
389  389 391 8028160
390  390 392 8028160
391  391 393 8028160
392  392 405 8028160
393  393 395 8028160
394  394 396 8028160
395  395 397 8028160
396  396 406 8028160
397  397 407 32112640
398  398 407 32112640
399  399 407 32112640
400  400 407 32112640
401  401 407 32112640
402  402 407 32112640
403  403 407 32112640
404  404 407 32112640
405  405 407 32112640
406  406 426 32112640
407  407 409 16056320
408  408 410 1605632
409  409 411 1605632
410  410 601 512
411  411 413 16056320
412  412 602 147456
413  413 415 16056320
414  414 416 1605632
415  415 417 1605632
416  416 603 512
417  417 419 16056320
418  418 604 16384
419  419 422 147456
420  420 422 16056320
421  421 423 36126720
422  422 424 36126720
423  423 430 4014080
424  424 427 16384
425  425 427 16056320
426  426 428 4014080
427  427 429 4014080
428  428 431 4014080
429  429 432 4014080
430  430 432 4014080
431  431 440 4014080
432  432 434 4014080
433  433 435 401408
434  434 436 401408
435  435 605 128
436  436 438 4014080
437  437 606 16384
438  438 441 16384
439  439 441 4014080
440  440 442 16056320
441  441 443 16056320
442  442 462 16056320
443  443 445 8028160
444  444 446 802816
445  445 447 802816
446  446 607 256
447  447 449 8028160
448  448 608 36864
449  449 451 8028160
450  450 452 802816
451  451 453 802816
452  452 609 256
453  453 455 8028160
454  454 610 4096
455  455 458 36864
456  456 458 8028160
457  457 459 18063360
458  458 460 18063360
459  459 466 2007040
460  460 463 4096
461  461 463 8028160
462  462 464 2007040
463  463 465 2007040
464  464 467 2007040
465  465 468 2007040
466  466 468 2007040
467  467 476 2007040
468  468 470 2007040
469  469 471 200704
470  470 472 200704
471  471 611 64
472  472 474 2007040
473  473 612 8192
474  474 477 8192
475  475 477 2007040
476  476 478 16056320
477  477 479 16056320
478  478 498 16056320
479  479 481 8028160
480  480 482 802816
481  481 483 802816
482  482 613 256
483  483 485 8028160
484  484 614 36864
485  485 487 8028160
486  486 488 802816
487  487 489 802816
488  488 615 256
489  489 491 8028160
490  490 616 4096
491  491 494 36864
492  492 494 8028160
493  493 495 18063360
494  494 496 18063360
495  495 502 2007040
496  496 499 4096
497  497 499 8028160
498  498 500 2007040
499  499 501 2007040
500  500 503 2007040
501  501 504 2007040
502  502 504 2007040
503  503 512 2007040
504  504 506 2007040
505  505 507 200704
506  506 508 200704
507  507 617 64
508  508 510 2007040
509  509 618 6144
510  510 513 6144
511  511 513 2007040
512  512 514 12042240
513  513 515 12042240
514  514 519 12042240
515  515 517 12042240
516  516 518 12042240
517  517 520 12042240
518  518 552 12042240
519  519 553 12042240
520  520 522 12042240
521  521 523 12042240
522  522 524 12042240
523  523 554 12042240
524  524 526 12042240
525  525 527 12042240
526  526 528 12042240
527  527 555 12042240
528  528 530 12042240
529  529 531 12042240
530  530 532 12042240
531  531 556 12042240
532  532 534 12042240
533  533 535 12042240
534  534 536 12042240
535  535 557 12042240
536  536 538 12042240
537  537 539 12042240
538  538 540 12042240
539  539 558 12042240
540  540 542 12042240
541  541 543 12042240
542  542 544 12042240
543  543 559 12042240
544  544 546 12042240
545  545 547 12042240
546  546 548 12042240
547  547 560 12042240
548  548 550 12042240
549  549 551 12042240
550  550 552 12042240
551  551 561 12042240
552  552 562 48168960
553  553 562 48168960
554  554 562 48168960
555  555 562 48168960
556  556 562 48168960
557  557 562 48168960
558  558 562 48168960
559  559 562 48168960
560  560 562 48168960
561  561 567 48168960
562  562 564 48168960
563  563 565 4816896
564  564 566 4816896
565  565 619 384
566  566 568 48168960
567  567 620 56448
568  568 620 64
569  569 620 20480
570  570 620 1024
571  571 620 589824
572  572 620 1024
573  573 620 65536
574  574 620 256
575  575 620 131072
576  576 620 1024
577  577 620 589824
578  578 620 1024
579  579 620 65536
580  580 620 256
581  581 620 98304
582  582 620 768
583  583 620 331776
584  584 620 768
585  585 620 36864
586  586 620 192
587  587 620 73728
588  588 620 768
589  589 620 331776
590  590 620 768
591  591 620 36864
592  592 620 192
593  593 620 49152
594  594 620 512
595  595 620 147456
596  596 620 512
597  597 620 16384
598  598 620 128
599  599 620 32768
600  600 620 512
601  601 620 147456
602  602 620 512
603  603 620 16384
604  604 620 128
605  605 620 16384
606  606 620 256
607  607 620 36864
608  608 620 256
609  609 620 4096
610  610 620 64
611  611 620 8192
612  612 620 256
613  613 620 36864
614  614 620 256
615  615 620 4096
616  616 620 64
617  617 620 6144
618  618 620 384
619  619 620 56448
