2:0  2 3 9031680
4:0  4 5 56448
4:1  4 5 111390720
4:2  4 5 72253440
4:3  4 5 14144
5:0  5 6 72253440
7:0  7 8 18063360
9:0  9 10 6144
9:1  9 10 18063360
9:2  9 10 3010560
9:3  9 10 9216
10:0  10 11 3010560
11:0  11 12 3010560
13:0  13 14 4096
13:1  13 14 3010560
13:2  13 14 12042240
13:3  13 14 1536
14:0  14 15 3010560
16:0  16 17 36864
16:1  16 17 27095040
16:2  16 17 12042240
16:3  16 17 13824
17:0  17 18 24084480
18:0  18 19 24084480
20:0  20 21 8192
20:1  20 21 24084480
20:2  20 21 3010560
20:3  20 21 12288
21:0  21 22 3010560
22:0  22 23 3010560
24:0  24 25 4096
24:1  24 25 3010560
24:2  24 25 12042240
24:3  24 25 1536
25:0  25 26 3010560
27:0  27 28 36864
27:1  27 28 27095040
27:2  27 28 12042240
27:3  27 28 13824
28:0  28 29 24084480
29:0  29 30 24084480
31:0  31 32 16384
31:1  31 32 24084480
31:2  31 32 6021120
31:3  31 32 12288
32:0  32 33 6021120
33:0  33 34 6021120
35:0  35 36 16384
35:1  35 36 6021120
35:2  35 36 24084480
35:3  35 36 3072
36:0  36 37 6021120
38:0  38 39 147456
38:1  38 39 54190080
38:2  38 39 24084480
38:3  38 39 13547520
38:4  38 39 36864
38:11  38 39 13824
39:0  39 40 48168960
41:0  41 42 12042240
43:0  43 44 32768
43:1  43 44 12042240
43:2  43 44 1505280
43:3  43 44 24576
44:0  44 45 1505280
45:0  45 46 1505280
47:0  47 48 16384
47:1  47 48 1505280
47:2  47 48 6021120
47:3  47 48 3072
48:0  48 49 1505280
50:0  50 51 147456
50:1  50 51 13547520
50:2  50 51 6021120
50:3  50 51 3386880
50:4  50 51 36864
50:11  50 51 13824
51:0  51 52 12042240
52:0  52 53 12042240
54:0  54 55 49152
54:1  54 55 12042240
54:2  54 55 2257920
54:3  54 55 24576
55:0  55 56 2257920
56:0  56 57 2257920
58:0  58 59 36864
58:1  58 59 2257920
58:2  58 59 9031680
58:3  58 59 4608
59:0  59 60 2257920
61:0  61 62 331776
61:1  61 62 20321280
61:2  61 62 9031680
61:3  61 62 5080320
61:4  61 62 82944
61:59  61 62 1270080
61:60  61 62 20736
61:67  61 62 10368
62:0  62 63 18063360
63:0  63 64 18063360
65:0  65 66 73728
65:1  65 66 18063360
65:2  65 66 2257920
65:3  65 66 36864
66:0  66 67 2257920
67:0  67 68 2257920
69:0  69 70 36864
69:1  69 70 2257920
69:2  69 70 9031680
69:3  69 70 4608
70:0  70 71 2257920
72:0  72 73 331776
72:1  72 73 20321280
72:2  72 73 9031680
72:3  72 73 5080320
72:4  72 73 82944
72:59  72 73 1270080
72:60  72 73 20736
72:67  72 73 10368
73:0  73 74 18063360
74:0  74 75 18063360
76:0  76 77 98304
76:1  76 77 18063360
76:2  76 77 3010560
76:3  76 77 36864
77:0  77 78 3010560
78:0  78 79 3010560
80:0  80 81 65536
80:1  80 81 3010560
80:2  80 81 12042240
80:3  80 81 6144
81:0  81 82 3010560
83:0  83 84 589824
83:1  83 84 27095040
83:2  83 84 12042240
83:3  83 84 6773760
83:4  83 84 147456
83:59  83 84 1693440
83:60  83 84 36864
83:67  83 84 13824
84:0  84 85 24084480
86:0  86 87 6021120
88:0  88 89 131072
88:1  88 89 6021120
88:2  88 89 752640
88:3  88 89 1499136
88:4  88 89 32768
88:11  88 89 24576
88:12  88 89 49152
89:0  89 90 752640
90:0  90 91 752640
92:0  92 93 65536
92:1  92 93 752640
92:2  92 93 3010560
92:3  92 93 6144
93:0  93 94 752640
95:0  95 96 589824
95:1  95 96 6773760
95:2  95 96 3010560
95:3  95 96 1686528
95:4  95 96 147456
95:59  95 96 421632
95:60  95 96 36864
95:67  95 96 13824
95:68  95 96 55296
96:0  96 97 6021120
97:0  97 98 6021120
99:0  99 100 24576
99:1  99 100 1505280
99:2  99 100 35328
99:3  99 620 64
99:4  99 100 49152
100:0  100 101 29440
109:0  109 110 640
109:1  109 110 64
120:0  120 121 640
127:0  127 128 35328
127:1  127 128 1507328
127:2  127 128 24576
127:3  127 128 70592
130:0  130 131 29440
130:1  130 131 24576
130:2  130 131 1507328
130:3  130 131 960
138:0  138 139 3010560
138:1  138 139 6773760
138:2  138 139 589824
138:3  138 139 282240
144:0  144 145 3010560
144:1  144 145 752640
144:2  144 145 65536
144:3  144 145 282240
147:0  147 148 3010560
147:1  147 148 589824
147:2  147 148 6773760
147:3  147 148 1691136
147:4  147 148 751616
147:11  147 148 12288
147:12  147 148 24576
152:0  152 153 3010560
152:1  152 153 65536
152:2  152 153 752640
152:3  152 153 24576
155:0  155 156 752640
156:0  156 157 752640
158:0  158 159 752640
162:0  162 163 752640
163:0  163 164 752640
163:1  163 164 6021120
163:2  163 164 131072
163:3  163 164 282240
165:0  165 166 752640
166:0  166 167 752640
166:1  166 167 131072
166:2  166 167 6021120
166:3  166 167 6144
172:0  172 173 6021120
216:0  216 217 24084480
220:0  220 221 24084480
221:0  221 222 12042240
221:1  221 222 27095040
221:2  221 222 589824
221:3  221 222 6773760
221:4  221 222 3010560
221:59  221 222 1693440
221:60  221 222 752640
221:67  221 222 282240
222:0  222 223 24084480
226:0  226 227 24084480
227:0  227 228 12042240
227:1  227 228 3010560
227:2  227 228 65536
227:3  227 228 1128960
229:0  229 230 24084480
230:0  230 231 12042240
230:1  230 231 589824
230:2  230 231 27095040
230:3  230 231 6773760
230:4  230 231 3010560
230:11  230 231 12288
234:0  234 235 24084480
235:0  235 236 12042240
235:1  235 236 65536
235:2  235 236 3010560
235:3  235 236 24576
238:0  238 239 3010560
239:0  239 240 3010560
241:0  241 242 3010560
245:0  245 246 3010560
246:0  246 247 3010560
246:1  246 247 18063360
246:2  246 247 98304
246:3  246 247 4515840
246:4  246 247 752640
246:11  246 247 564480
248:0  248 249 3010560
249:0  249 250 3010560
249:1  249 250 98304
249:2  249 250 18063360
249:3  249 250 6144
257:0  257 258 9031680
257:1  257 258 20321280
257:2  257 258 331776
257:3  257 258 5080320
257:4  257 258 2257920
257:59  257 258 1270080
257:60  257 258 564480
257:67  257 258 282240
263:0  263 264 9031680
263:1  263 264 2257920
263:2  263 264 36864
263:3  263 264 1128960
266:0  266 267 9031680
266:1  266 267 331776
266:2  266 267 20321280
266:3  266 267 5080320
266:4  266 267 2257920
266:11  266 267 9216
271:0  271 272 9031680
271:1  271 272 36864
271:2  271 272 2257920
271:3  271 272 18432
274:0  274 275 2257920
275:0  275 276 2257920
277:0  277 278 2257920
281:0  281 282 2257920
282:0  282 283 2257920
282:1  282 283 18063360
282:2  282 283 73728
282:3  282 283 1128960
284:0  284 285 2257920
285:0  285 286 2257920
285:1  285 286 73728
285:2  285 286 18063360
285:3  285 286 4608
293:0  293 294 9031680
293:1  293 294 20321280
293:2  293 294 331776
293:3  293 294 5080320
293:4  293 294 2257920
293:59  293 294 1270080
293:60  293 294 564480
293:67  293 294 282240
299:0  299 300 9031680
299:1  299 300 2257920
299:2  299 300 36864
299:3  299 300 1128960
302:0  302 303 9031680
302:1  302 303 331776
302:2  302 303 20321280
302:3  302 303 5080320
302:4  302 303 2257920
302:11  302 303 9216
307:0  307 308 9031680
307:1  307 308 36864
307:2  307 308 2257920
307:3  307 308 18432
310:0  310 311 2257920
311:0  311 312 2257920
313:0  313 314 2257920
317:0  317 318 2257920
318:0  318 319 2257920
318:1  318 319 12042240
318:2  318 319 49152
318:3  318 319 1128960
320:0  320 321 2257920
321:0  321 322 2257920
321:1  321 322 49152
321:2  321 322 12042240
321:3  321 322 4608
329:0  329 330 6021120
329:1  329 330 13547520
329:2  329 330 147456
329:3  329 330 3386880
329:4  329 330 1505280
329:11  329 330 564480
335:0  335 336 6021120
335:1  335 336 1505280
335:2  335 336 16384
335:3  335 336 1128960
338:0  338 339 6021120
338:1  338 339 147456
338:2  338 339 13547520
338:3  338 339 12288
343:0  343 344 6021120
343:1  343 344 16384
343:2  343 344 1505280
343:3  343 344 12288
346:0  346 347 1505280
347:0  347 348 1505280
349:0  349 350 1505280
353:0  353 354 1505280
354:0  354 355 1505280
354:1  354 355 12042240
354:2  354 355 32768
354:3  354 355 1128960
356:0  356 357 1505280
357:0  357 358 1505280
357:1  357 358 32768
357:2  357 358 12042240
357:3  357 358 3072
363:0  363 364 12042240
407:0  407 408 48168960
411:0  411 412 48168960
412:0  412 413 24084480
412:1  412 413 54190080
412:2  412 413 147456
412:3  412 413 13547520
412:4  412 413 6021120
412:11  412 413 2257920
413:0  413 414 48168960
417:0  417 418 48168960
418:0  418 419 24084480
418:1  418 419 6021120
418:2  418 419 16384
418:3  418 419 4515840
420:0  420 421 48168960
421:0  421 422 24084480
421:1  421 422 147456
421:2  421 422 54190080
421:3  421 422 12288
425:0  425 426 48168960
426:0  426 427 24084480
426:1  426 427 16384
426:2  426 427 6021120
426:3  426 427 12288
429:0  429 430 6021120
430:0  430 431 6021120
432:0  432 433 6021120
436:0  436 437 6021120
437:0  437 438 6021120
437:1  437 438 24084480
437:2  437 438 16384
437:3  437 438 4515840
439:0  439 440 6021120
440:0  440 441 6021120
440:1  440 441 16384
440:2  440 441 24084480
440:3  440 441 3072
448:0  448 449 12042240
448:1  448 449 27095040
448:2  448 449 36864
448:3  448 449 4515840
454:0  454 455 12042240
454:1  454 455 3010560
454:2  454 455 4096
454:3  454 455 4515840
457:0  457 458 12042240
457:1  457 458 36864
457:2  457 458 27095040
457:3  457 458 6144
462:0  462 463 12042240
462:1  462 463 4096
462:2  462 463 3010560
462:3  462 463 6144
465:0  465 466 3010560
466:0  466 467 3010560
468:0  468 469 3010560
472:0  472 473 3010560
473:0  473 474 3010560
473:1  473 474 24084480
473:2  473 474 8192
473:3  473 474 4515840
475:0  475 476 3010560
476:0  476 477 3010560
476:1  476 477 8192
476:2  476 477 24084480
476:3  476 477 1536
484:0  484 485 12042240
484:1  484 485 27095040
484:2  484 485 36864
484:3  484 485 4515840
490:0  490 491 12042240
490:1  490 491 3010560
490:2  490 491 4096
490:3  490 491 4515840
493:0  493 494 12042240
493:1  493 494 36864
493:2  493 494 27095040
493:3  493 494 6144
498:0  498 499 12042240
498:1  498 499 4096
498:2  498 499 3010560
498:3  498 499 6144
501:0  501 502 3010560
502:0  502 503 3010560
504:0  504 505 3010560
508:0  508 509 3010560
509:0  509 510 3010560
509:1  509 510 18063360
509:2  509 510 6144
509:3  509 510 4515840
511:0  511 512 3010560
512:0  512 513 3010560
512:1  512 513 6144
512:2  512 513 18063360
512:3  512 513 1536
518:0  518 519 18063360
562:0  562 563 72253440
566:0  566 567 72253440
567:0  567 568 72253440
567:1  567 568 110638080
567:2  567 568 56448
567:3  567 568 18063360
0  0 2 9031680
1  1 3 12042240
2  2 568 110638080
3  3 5 56448
4  4 6 72253440
5  5 549 72253440
6  6 550 18063360
7  7 510 18063360
8  8 10 6144
9  9 11 3010560
10  10 15 3010560
11  11 491 3010560
12  12 14 4096
13  13 18 12042240
14  14 485 27095040
15  15 17 36864
16  16 18 12042240
17  17 19 24084480
18  18 474 24084480
19  19 21 8192
20  20 22 3010560
21  21 26 3010560
22  22 455 3010560
23  23 25 4096
24  24 29 12042240
25  25 449 27095040
26  26 28 36864
27  27 29 12042240
28  28 30 24084480
29  29 438 24084480
30  30 32 16384
31  31 33 6021120
32  32 37 6021120
33  33 419 6021120
34  34 36 16384
35  35 40 24084480
36  36 413 54190080
37  37 39 147456
38  38 40 24084480
39  39 394 48168960
40  40 395 12042240
41  41 355 12042240
42  42 44 32768
43  43 45 1505280
44  44 49 1505280
45  45 336 1505280
46  46 48 16384
47  47 52 6021120
48  48 330 13547520
49  49 51 147456
50  50 52 6021120
51  51 53 12042240
52  52 319 12042240
53  53 55 49152
54  54 56 2257920
55  55 60 2257920
56  56 300 2257920
57  57 59 36864
58  58 63 9031680
59  59 294 20321280
60  60 62 331776
61  61 63 9031680
62  62 64 18063360
63  63 283 18063360
64  64 66 73728
65  65 67 2257920
66  66 71 2257920
67  67 264 2257920
68  68 70 36864
69  69 74 9031680
70  70 258 20321280
71  71 73 331776
72  72 74 9031680
73  73 75 18063360
74  74 247 18063360
75  75 77 98304
76  76 78 3010560
77  77 82 3010560
78  78 228 3010560
79  79 81 65536
80  80 85 12042240
81  81 222 27095040
82  82 84 589824
83  83 85 12042240
84  84 203 24084480
85  85 204 6021120
86  86 164 6021120
87  87 89 131072
88  88 90 752640
89  89 94 752640
90  90 145 752640
91  91 93 65536
92  92 97 3010560
93  93 139 6773760
94  94 96 589824
95  95 97 3010560
96  96 98 6021120
97  97 128 1505280
98  98 100 20480
99  99 101 29440
100  100 102 35328
101  101 119 768
102  102 104 64
103  103 106 64
104  104 107 64
105  105 107 64
106  106 109 64
107  107 111 768
108  108 110 256
109  109 111 768
110  110 118 768
111  111 113 64
112  112 114 64
113  113 115 64
114  114 116 64
115  115 117 640
116  116 118 768
117  117 120 768
118  118 120 768
119  119 121 768
120  120 122 5762432
121  121 130 29440
122  122 124 29440
123  123 125 1984
124  124 126 1984
125  125 569 64
126  126 128 29440
127  127 570 20480
128  128 131 20480
129  129 131 29440
130  130 132 1505280
131  131 133 6021120
132  132 152 6021120
133  133 135 3010560
134  134 136 200704
135  135 137 200704
136  136 571 1024
137  137 139 3010560
138  138 572 589824
139  139 141 3010560
140  140 142 200704
141  141 143 200704
142  142 573 1024
143  143 145 3010560
144  144 574 65536
145  145 148 589824
146  146 148 3010560
147  147 149 6773760
148  148 150 6773760
149  149 156 752640
150  150 153 65536
151  151 153 3010560
152  152 154 752640
153  153 155 752640
154  154 157 752640
155  155 158 752640
156  156 158 752640
157  157 166 752640
158  158 160 752640
159  159 161 50176
160  160 162 50176
161  161 575 256
162  162 164 752640
163  163 576 131072
164  164 167 131072
165  165 167 752640
166  166 168 6021120
167  167 169 6021120
168  168 173 6021120
169  169 171 6021120
170  170 172 6021120
171  171 174 6021120
172  172 206 6021120
173  173 207 6021120
174  174 176 6021120
175  175 177 6021120
176  176 178 6021120
177  177 208 6021120
178  178 180 6021120
179  179 181 6021120
180  180 182 6021120
181  181 209 6021120
182  182 184 6021120
183  183 185 6021120
184  184 186 6021120
185  185 210 6021120
186  186 188 6021120
187  187 189 6021120
188  188 190 6021120
189  189 211 6021120
190  190 192 6021120
191  191 193 6021120
192  192 194 6021120
193  193 212 6021120
194  194 196 6021120
195  195 197 6021120
196  196 198 6021120
197  197 213 6021120
198  198 200 6021120
199  199 201 6021120
200  200 202 6021120
201  201 214 6021120
202  202 204 6021120
203  203 205 6021120
204  204 206 6021120
205  205 215 6021120
206  206 216 24084480
207  207 216 24084480
208  208 216 24084480
209  209 216 24084480
210  210 216 24084480
211  211 216 24084480
212  212 216 24084480
213  213 216 24084480
214  214 216 24084480
215  215 235 24084480
216  216 218 12042240
217  217 219 802816
218  218 220 802816
219  219 577 1024
220  220 222 12042240
221  221 578 589824
222  222 224 12042240
223  223 225 802816
224  224 226 802816
225  225 579 1024
226  226 228 12042240
227  227 580 65536
228  228 231 589824
229  229 231 12042240
230  230 232 27095040
231  231 233 27095040
232  232 239 3010560
233  233 236 65536
234  234 236 12042240
235  235 237 3010560
236  236 238 3010560
237  237 240 3010560
238  238 241 3010560
239  239 241 3010560
240  240 249 3010560
241  241 243 3010560
242  242 244 200704
243  243 245 200704
244  244 581 256
245  245 247 3010560
246  246 582 98304
247  247 250 98304
248  248 250 3010560
249  249 251 18063360
250  250 252 18063360
251  251 271 18063360
252  252 254 9031680
253  253 255 602112
254  254 256 602112
255  255 583 768
256  256 258 9031680
257  257 584 331776
258  258 260 9031680
259  259 261 602112
260  260 262 602112
261  261 585 768
262  262 264 9031680
263  263 586 36864
264  264 267 331776
265  265 267 9031680
266  266 268 20321280
267  267 269 20321280
268  268 275 2257920
269  269 272 36864
270  270 272 9031680
271  271 273 2257920
272  272 274 2257920
273  273 276 2257920
274  274 277 2257920
275  275 277 2257920
276  276 285 2257920
277  277 279 2257920
278  278 280 150528
279  279 281 150528
280  280 587 192
281  281 283 2257920
282  282 588 73728
283  283 286 73728
284  284 286 2257920
285  285 287 18063360
286  286 288 18063360
287  287 307 18063360
288  288 290 9031680
289  289 291 602112
290  290 292 602112
291  291 589 768
292  292 294 9031680
293  293 590 331776
294  294 296 9031680
295  295 297 602112
296  296 298 602112
297  297 591 768
298  298 300 9031680
299  299 592 36864
300  300 303 331776
301  301 303 9031680
302  302 304 20321280
303  303 305 20321280
304  304 311 2257920
305  305 308 36864
306  306 308 9031680
307  307 309 2257920
308  308 310 2257920
309  309 312 2257920
310  310 313 2257920
311  311 313 2257920
312  312 321 2257920
313  313 315 2257920
314  314 316 150528
315  315 317 150528
316  316 593 192
317  317 319 2257920
318  318 594 49152
319  319 322 49152
320  320 322 2257920
321  321 323 12042240
322  322 324 12042240
323  323 343 12042240
324  324 326 6021120
325  325 327 401408
326  326 328 401408
327  327 595 512
328  328 330 6021120
329  329 596 147456
330  330 332 6021120
331  331 333 401408
332  332 334 401408
333  333 597 512
334  334 336 6021120
335  335 598 16384
336  336 339 147456
337  337 339 6021120
338  338 340 13547520
339  339 341 13547520
340  340 347 1505280
341  341 344 16384
342  342 344 6021120
343  343 345 1505280
344  344 346 1505280
345  345 348 1505280
346  346 349 1505280
347  347 349 1505280
348  348 357 1505280
349  349 351 1505280
350  350 352 100352
351  351 353 100352
352  352 599 128
353  353 355 1505280
354  354 600 32768
355  355 358 32768
356  356 358 1505280
357  357 359 12042240
358  358 360 12042240
359  359 364 12042240
360  360 362 12042240
361  361 363 12042240
362  362 365 12042240
363  363 397 12042240
364  364 398 12042240
365  365 367 12042240
366  366 368 12042240
367  367 369 12042240
368  368 399 12042240
369  369 371 12042240
370  370 372 12042240
371  371 373 12042240
372  372 400 12042240
373  373 375 12042240
374  374 376 12042240
375  375 377 12042240
376  376 401 12042240
377  377 379 12042240
378  378 380 12042240
379  379 381 12042240
380  380 402 12042240
381  381 383 12042240
382  382 384 12042240
383  383 385 12042240
384  384 403 12042240
385  385 387 12042240
386  386 388 12042240
387  387 389 12042240
388  388 404 12042240
389  389 391 12042240
390  390 392 12042240
391  391 393 12042240
392  392 405 12042240
393  393 395 12042240
394  394 396 12042240
395  395 397 12042240
396  396 406 12042240
397  397 407 48168960
398  398 407 48168960
399  399 407 48168960
400  400 407 48168960
401  401 407 48168960
402  402 407 48168960
403  403 407 48168960
404  404 407 48168960
405  405 407 48168960
406  406 426 48168960
407  407 409 24084480
408  408 410 1605632
409  409 411 1605632
410  410 601 512
411  411 413 24084480
412  412 602 147456
413  413 415 24084480
414  414 416 1605632
415  415 417 1605632
416  416 603 512
417  417 419 24084480
418  418 604 16384
419  419 422 147456
420  420 422 24084480
421  421 423 54190080
422  422 424 54190080
423  423 430 6021120
424  424 427 16384
425  425 427 24084480
426  426 428 6021120
427  427 429 6021120
428  428 431 6021120
429  429 432 6021120
430  430 432 6021120
431  431 440 6021120
432  432 434 6021120
433  433 435 401408
434  434 436 401408
435  435 605 128
436  436 438 6021120
437  437 606 16384
438  438 441 16384
439  439 441 6021120
440  440 442 24084480
441  441 443 24084480
442  442 462 24084480
443  443 445 12042240
444  444 446 802816
445  445 447 802816
446  446 607 256
447  447 449 12042240
448  448 608 36864
449  449 451 12042240
450  450 452 802816
451  451 453 802816
452  452 609 256
453  453 455 12042240
454  454 610 4096
455  455 458 36864
456  456 458 12042240
457  457 459 27095040
458  458 460 27095040
459  459 466 3010560
460  460 463 4096
461  461 463 12042240
462  462 464 3010560
463  463 465 3010560
464  464 467 3010560
465  465 468 3010560
466  466 468 3010560
467  467 476 3010560
468  468 470 3010560
469  469 471 200704
470  470 472 200704
471  471 611 64
472  472 474 3010560
473  473 612 8192
474  474 477 8192
475  475 477 3010560
476  476 478 24084480
477  477 479 24084480
478  478 498 24084480
479  479 481 12042240
480  480 482 802816
481  481 483 802816
482  482 613 256
483  483 485 12042240
484  484 614 36864
485  485 487 12042240
486  486 488 802816
487  487 489 802816
488  488 615 256
489  489 491 12042240
490  490 616 4096
491  491 494 36864
492  492 494 12042240
493  493 495 27095040
494  494 496 27095040
495  495 502 3010560
496  496 499 4096
497  497 499 12042240
498  498 500 3010560
499  499 501 3010560
500  500 503 3010560
501  501 504 3010560
502  502 504 3010560
503  503 512 3010560
504  504 506 3010560
505  505 507 200704
506  506 508 200704
507  507 617 64
508  508 510 3010560
509  509 618 6144
510  510 513 6144
511  511 513 3010560
512  512 514 18063360
513  513 515 18063360
514  514 519 18063360
515  515 517 18063360
516  516 518 18063360
517  517 520 18063360
518  518 552 18063360
519  519 553 18063360
520  520 522 18063360
521  521 523 18063360
522  522 524 18063360
523  523 554 18063360
524  524 526 18063360
525  525 527 18063360
526  526 528 18063360
527  527 555 18063360
528  528 530 18063360
529  529 531 18063360
530  530 532 18063360
531  531 556 18063360
532  532 534 18063360
533  533 535 18063360
534  534 536 18063360
535  535 557 18063360
536  536 538 18063360
537  537 539 18063360
538  538 540 18063360
539  539 558 18063360
540  540 542 18063360
541  541 543 18063360
542  542 544 18063360
543  543 559 18063360
544  544 546 18063360
545  545 547 18063360
546  546 548 18063360
547  547 560 18063360
548  548 550 18063360
549  549 551 18063360
550  550 552 18063360
551  551 561 18063360
552  552 562 72253440
553  553 562 72253440
554  554 562 72253440
555  555 562 72253440
556  556 562 72253440
557  557 562 72253440
558  558 562 72253440
559  559 562 72253440
560  560 562 72253440
561  561 567 72253440
562  562 564 72253440
563  563 565 4816896
564  564 566 4816896
565  565 619 384
566  566 568 72253440
567  567 620 56448
568  568 620 64
569  569 620 20480
570  570 620 1024
571  571 620 589824
572  572 620 1024
573  573 620 65536
574  574 620 256
575  575 620 131072
576  576 620 1024
577  577 620 589824
578  578 620 1024
579  579 620 65536
580  580 620 256
581  581 620 98304
582  582 620 768
583  583 620 331776
584  584 620 768
585  585 620 36864
586  586 620 192
587  587 620 73728
588  588 620 768
589  589 620 331776
590  590 620 768
591  591 620 36864
592  592 620 192
593  593 620 49152
594  594 620 512
595  595 620 147456
596  596 620 512
597  597 620 16384
598  598 620 128
599  599 620 32768
600  600 620 512
601  601 620 147456
602  602 620 512
603  603 620 16384
604  604 620 128
605  605 620 16384
606  606 620 256
607  607 620 36864
608  608 620 256
609  609 620 4096
610  610 620 64
611  611 620 8192
612  612 620 256
613  613 620 36864
614  614 620 256
615  615 620 4096
616  616 620 64
617  617 620 6144
618  618 620 384
619  619 620 56448
