2:0  2 3 7225344
4:0  4 5 56448
4:1  4 5 89112576
4:2  4 5 57802752
4:3  4 5 14144
5:0  5 6 57802752
7:0  7 8 14450688
9:0  9 10 6144
9:1  9 10 14450688
9:2  9 10 2408448
9:3  9 10 9216
10:0  10 11 2408448
11:0  11 12 2408448
13:0  13 14 4096
13:1  13 14 2408448
13:2  13 14 9633792
13:3  13 14 1536
14:0  14 15 2408448
16:0  16 17 36864
16:1  16 17 21676032
16:2  16 17 9633792
16:3  16 17 13824
17:0  17 18 19267584
18:0  18 19 19267584
20:0  20 21 8192
20:1  20 21 19267584
20:2  20 21 2408448
20:3  20 21 12288
21:0  21 22 2408448
22:0  22 23 2408448
24:0  24 25 4096
24:1  24 25 2408448
24:2  24 25 9633792
24:3  24 25 1536
25:0  25 26 2408448
27:0  27 28 36864
27:1  27 28 21676032
27:2  27 28 9633792
27:3  27 28 13824
28:0  28 29 19267584
29:0  29 30 19267584
31:0  31 32 16384
31:1  31 32 19267584
31:2  31 32 4816896
31:3  31 32 12288
32:0  32 33 4816896
33:0  33 34 4816896
35:0  35 36 16384
35:1  35 36 4816896
35:2  35 36 19267584
35:3  35 36 3072
36:0  36 37 4816896
38:0  38 39 147456
38:1  38 39 43352064
38:2  38 39 19267584
38:3  38 39 10838016
38:4  38 39 36864
38:11  38 39 13824
39:0  39 40 38535168
41:0  41 42 9633792
43:0  43 44 32768
43:1  43 44 9633792
43:2  43 44 1204224
43:3  43 44 24576
44:0  44 45 1204224
45:0  45 46 1204224
47:0  47 48 16384
47:1  47 48 1204224
47:2  47 48 4816896
47:3  47 48 3072
48:0  48 49 1204224
50:0  50 51 147456
50:1  50 51 10838016
50:2  50 51 4816896
50:3  50 51 2709504
50:4  50 51 36864
50:11  50 51 13824
51:0  51 52 9633792
52:0  52 53 9633792
54:0  54 55 49152
54:1  54 55 9633792
54:2  54 55 1806336
54:3  54 55 24576
55:0  55 56 1806336
56:0  56 57 1806336
58:0  58 59 36864
58:1  58 59 1806336
58:2  58 59 7225344
58:3  58 59 4608
59:0  59 60 1806336
61:0  61 62 331776
61:1  61 62 16257024
61:2  61 62 7225344
61:3  61 62 4064256
61:4  61 62 82944
61:59  61 62 1016064
61:60  61 62 20736
61:67  61 62 10368
62:0  62 63 14450688
63:0  63 64 14450688
65:0  65 66 73728
65:1  65 66 14450688
65:2  65 66 1806336
65:3  65 66 36864
66:0  66 67 1806336
67:0  67 68 1806336
69:0  69 70 36864
69:1  69 70 1806336
69:2  69 70 7225344
69:3  69 70 4608
70:0  70 71 1806336
72:0  72 73 331776
72:1  72 73 16257024
72:2  72 73 7225344
72:3  72 73 4064256
72:4  72 73 82944
72:59  72 73 1016064
72:60  72 73 20736
72:67  72 73 10368
73:0  73 74 14450688
74:0  74 75 14450688
76:0  76 77 98304
76:1  76 77 14450688
76:2  76 77 2408448
76:3  76 77 36864
77:0  77 78 2408448
78:0  78 79 2408448
80:0  80 81 65536
80:1  80 81 2408448
80:2  80 81 9633792
80:3  80 81 6144
81:0  81 82 2408448
83:0  83 84 589824
83:1  83 84 21676032
83:2  83 84 9633792
83:3  83 84 5419008
83:4  83 84 147456
83:59  83 84 1354752
83:60  83 84 36864
83:67  83 84 13824
84:0  84 85 19267584
86:0  86 87 4816896
88:0  88 89 131072
88:1  88 89 4816896
88:2  88 89 602112
88:3  88 89 1204224
88:4  88 89 32768
88:11  88 89 24576
89:0  89 90 602112
90:0  90 91 602112
92:0  92 93 65536
92:1  92 93 602112
92:2  92 93 2408448
92:3  92 93 6144
93:0  93 94 602112
95:0  95 96 589824
95:1  95 96 5419008
95:2  95 96 2408448
95:3  95 96 1354752
95:4  95 96 147456
95:59  95 96 338688
95:60  95 96 36864
95:67  95 96 13824
96:0  96 97 4816896
97:0  97 98 4816896
99:0  99 100 24576
99:1  99 100 1204224
99:2  99 100 28224
99:3  99 620 64
99:4  99 100 49152
100:0  100 101 23552
109:0  109 110 512
109:1  109 110 64
120:0  120 121 512
127:0  127 128 28224
127:1  127 128 1204224
127:2  127 128 24576
127:3  127 128 56448
130:0  130 131 23552
130:1  130 131 24576
130:2  130 131 1204224
130:3  130 131 960
138:0  138 139 2408448
138:1  138 139 5419008
138:2  138 139 589824
138:3  138 139 1354752
138:4  138 139 602112
138:59  138 139 338688
138:60  138 139 150528
138:67  138 139 56448
144:0  144 145 2408448
144:1  144 145 602112
144:2  144 145 65536
144:3  144 145 225792
147:0  147 148 2408448
147:1  147 148 589824
147:2  147 148 5419008
147:3  147 148 1354752
147:4  147 148 602112
147:11  147 148 12288
152:0  152 153 2408448
152:1  152 153 65536
152:2  152 153 602112
152:3  152 153 24576
155:0  155 156 602112
156:0  156 157 602112
158:0  158 159 602112
162:0  162 163 602112
163:0  163 164 602112
163:1  163 164 4816896
163:2  163 164 131072
163:3  163 164 1185408
163:4  163 164 150528
163:11  163 164 112896
163:12  163 164 225792
165:0  165 166 602112
166:0  166 167 602112
166:1  166 167 131072
166:2  166 167 4816896
166:3  166 167 6144
172:0  172 173 4816896
216:0  216 217 19267584
220:0  220 221 19267584
221:0  221 222 9633792
221:1  221 222 21676032
221:2  221 222 589824
221:3  221 222 5419008
221:4  221 222 2408448
221:59  221 222 1354752
221:60  221 222 602112
221:67  221 222 225792
222:0  222 223 19267584
226:0  226 227 19267584
227:0  227 228 9633792
227:1  227 228 2408448
227:2  227 228 65536
227:3  227 228 903168
229:0  229 230 19267584
230:0  230 231 9633792
230:1  230 231 589824
230:2  230 231 21676032
230:3  230 231 5419008
230:4  230 231 2408448
230:11  230 231 12288
234:0  234 235 19267584
235:0  235 236 9633792
235:1  235 236 65536
235:2  235 236 2408448
235:3  235 236 24576
238:0  238 239 2408448
239:0  239 240 2408448
241:0  241 242 2408448
245:0  245 246 2408448
246:0  246 247 2408448
246:1  246 247 14450688
246:2  246 247 98304
246:3  246 247 3612672
246:4  246 247 602112
246:11  246 247 451584
248:0  248 249 2408448
249:0  249 250 2408448
249:1  249 250 98304
249:2  249 250 14450688
249:3  249 250 6144
257:0  257 258 7225344
257:1  257 258 16257024
257:2  257 258 331776
257:3  257 258 4064256
257:4  257 258 1806336
257:59  257 258 1016064
257:60  257 258 451584
257:67  257 258 225792
263:0  263 264 7225344
263:1  263 264 1806336
263:2  263 264 36864
263:3  263 264 903168
266:0  266 267 7225344
266:1  266 267 331776
266:2  266 267 16257024
266:3  266 267 4064256
266:4  266 267 1806336
266:11  266 267 9216
271:0  271 272 7225344
271:1  271 272 36864
271:2  271 272 1806336
271:3  271 272 18432
274:0  274 275 1806336
275:0  275 276 1806336
277:0  277 278 1806336
281:0  281 282 1806336
282:0  282 283 1806336
282:1  282 283 14450688
282:2  282 283 73728
282:3  282 283 903168
284:0  284 285 1806336
285:0  285 286 1806336
285:1  285 286 73728
285:2  285 286 14450688
285:3  285 286 4608
293:0  293 294 7225344
293:1  293 294 16257024
293:2  293 294 331776
293:3  293 294 4064256
293:4  293 294 1806336
293:59  293 294 1016064
293:60  293 294 451584
293:67  293 294 225792
299:0  299 300 7225344
299:1  299 300 1806336
299:2  299 300 36864
299:3  299 300 903168
302:0  302 303 7225344
302:1  302 303 331776
302:2  302 303 16257024
302:3  302 303 4064256
302:4  302 303 1806336
302:11  302 303 9216
307:0  307 308 7225344
307:1  307 308 36864
307:2  307 308 1806336
307:3  307 308 18432
310:0  310 311 1806336
311:0  311 312 1806336
313:0  313 314 1806336
317:0  317 318 1806336
318:0  318 319 1806336
318:1  318 319 9633792
318:2  318 319 49152
318:3  318 319 903168
320:0  320 321 1806336
321:0  321 322 1806336
321:1  321 322 49152
321:2  321 322 9633792
321:3  321 322 4608
329:0  329 330 4816896
329:1  329 330 10838016
329:2  329 330 147456
329:3  329 330 2709504
329:4  329 330 1204224
329:11  329 330 451584
335:0  335 336 4816896
335:1  335 336 1204224
335:2  335 336 16384
335:3  335 336 903168
338:0  338 339 4816896
338:1  338 339 147456
338:2  338 339 10838016
338:3  338 339 12288
343:0  343 344 4816896
343:1  343 344 16384
343:2  343 344 1204224
343:3  343 344 12288
346:0  346 347 1204224
347:0  347 348 1204224
349:0  349 350 1204224
353:0  353 354 1204224
354:0  354 355 1204224
354:1  354 355 9633792
354:2  354 355 32768
354:3  354 355 903168
356:0  356 357 1204224
357:0  357 358 1204224
357:1  357 358 32768
357:2  357 358 9633792
357:3  357 358 3072
363:0  363 364 9633792
407:0  407 408 38535168
411:0  411 412 38535168
412:0  412 413 19267584
412:1  412 413 43352064
412:2  412 413 147456
412:3  412 413 10838016
412:4  412 413 4816896
412:11  412 413 1806336
413:0  413 414 38535168
417:0  417 418 38535168
418:0  418 419 19267584
418:1  418 419 4816896
418:2  418 419 16384
418:3  418 419 3612672
420:0  420 421 38535168
421:0  421 422 19267584
421:1  421 422 147456
421:2  421 422 43352064
421:3  421 422 12288
425:0  425 426 38535168
426:0  426 427 19267584
426:1  426 427 16384
426:2  426 427 4816896
426:3  426 427 12288
429:0  429 430 4816896
430:0  430 431 4816896
432:0  432 433 4816896
436:0  436 437 4816896
437:0  437 438 4816896
437:1  437 438 19267584
437:2  437 438 16384
437:3  437 438 3612672
439:0  439 440 4816896
440:0  440 441 4816896
440:1  440 441 16384
440:2  440 441 19267584
440:3  440 441 3072
448:0  448 449 9633792
448:1  448 449 21676032
448:2  448 449 36864
448:3  448 449 3612672
454:0  454 455 9633792
454:1  454 455 2408448
454:2  454 455 4096
454:3  454 455 3612672
457:0  457 458 9633792
457:1  457 458 36864
457:2  457 458 21676032
457:3  457 458 6144
462:0  462 463 9633792
462:1  462 463 4096
462:2  462 463 2408448
462:3  462 463 6144
465:0  465 466 2408448
466:0  466 467 2408448
468:0  468 469 2408448
472:0  472 473 2408448
473:0  473 474 2408448
473:1  473 474 19267584
473:2  473 474 8192
473:3  473 474 3612672
475:0  475 476 2408448
476:0  476 477 2408448
476:1  476 477 8192
476:2  476 477 19267584
476:3  476 477 1536
484:0  484 485 9633792
484:1  484 485 21676032
484:2  484 485 36864
484:3  484 485 3612672
490:0  490 491 9633792
490:1  490 491 2408448
490:2  490 491 4096
490:3  490 491 3612672
493:0  493 494 9633792
493:1  493 494 36864
493:2  493 494 21676032
493:3  493 494 6144
498:0  498 499 9633792
498:1  498 499 4096
498:2  498 499 2408448
498:3  498 499 6144
501:0  501 502 2408448
502:0  502 503 2408448
504:0  504 505 2408448
508:0  508 509 2408448
509:0  509 510 2408448
509:1  509 510 14450688
509:2  509 510 6144
509:3  509 510 3612672
511:0  511 512 2408448
512:0  512 513 2408448
512:1  512 513 6144
512:2  512 513 14450688
512:3  512 513 1536
518:0  518 519 14450688
562:0  562 563 57802752
566:0  566 567 57802752
567:0  567 568 57802752
567:1  567 568 88510464
567:2  567 568 56448
567:3  567 568 14450688
0  0 2 7225344
1  1 3 9633792
2  2 568 88510464
3  3 5 56448
4  4 6 57802752
5  5 549 57802752
6  6 550 14450688
7  7 510 14450688
8  8 10 6144
9  9 11 2408448
10  10 15 2408448
11  11 491 2408448
12  12 14 4096
13  13 18 9633792
14  14 485 21676032
15  15 17 36864
16  16 18 9633792
17  17 19 19267584
18  18 474 19267584
19  19 21 8192
20  20 22 2408448
21  21 26 2408448
22  22 455 2408448
23  23 25 4096
24  24 29 9633792
25  25 449 21676032
26  26 28 36864
27  27 29 9633792
28  28 30 19267584
29  29 438 19267584
30  30 32 16384
31  31 33 4816896
32  32 37 4816896
33  33 419 4816896
34  34 36 16384
35  35 40 19267584
36  36 413 43352064
37  37 39 147456
38  38 40 19267584
39  39 394 38535168
40  40 395 9633792
41  41 355 9633792
42  42 44 32768
43  43 45 1204224
44  44 49 1204224
45  45 336 1204224
46  46 48 16384
47  47 52 4816896
48  48 330 10838016
49  49 51 147456
50  50 52 4816896
51  51 53 9633792
52  52 319 9633792
53  53 55 49152
54  54 56 1806336
55  55 60 1806336
56  56 300 1806336
57  57 59 36864
58  58 63 7225344
59  59 294 16257024
60  60 62 331776
61  61 63 7225344
62  62 64 14450688
63  63 283 14450688
64  64 66 73728
65  65 67 1806336
66  66 71 1806336
67  67 264 1806336
68  68 70 36864
69  69 74 7225344
70  70 258 16257024
71  71 73 331776
72  72 74 7225344
73  73 75 14450688
74  74 247 14450688
75  75 77 98304
76  76 78 2408448
77  77 82 2408448
78  78 228 2408448
79  79 81 65536
80  80 85 9633792
81  81 222 21676032
82  82 84 589824
83  83 85 9633792
84  84 203 19267584
85  85 204 4816896
86  86 164 4816896
87  87 89 131072
88  88 90 602112
89  89 94 602112
90  90 145 602112
91  91 93 65536
92  92 97 2408448
93  93 139 5419008
94  94 96 589824
95  95 97 2408448
96  96 98 4816896
97  97 128 1204224
98  98 100 20480
99  99 101 23552
100  100 102 28224
101  101 119 576
102  102 104 64
103  103 106 64
104  104 107 64
105  105 107 64
106  106 109 64
107  107 111 576
108  108 110 192
109  109 111 576
110  110 118 576
111  111 113 64
112  112 114 64
113  113 115 64
114  114 116 64
115  115 117 512
116  116 118 576
117  117 120 576
118  118 120 576
119  119 121 576
120  120 122 4609920
121  121 130 23552
122  122 124 23552
123  123 125 1984
124  124 126 1984
125  125 569 64
126  126 128 23552
127  127 570 20480
128  128 131 20480
129  129 131 23552
130  130 132 1204224
131  131 133 4816896
132  132 152 4816896
133  133 135 2408448
134  134 136 200704
135  135 137 200704
136  136 571 1024
137  137 139 2408448
138  138 572 589824
139  139 141 2408448
140  140 142 200704
141  141 143 200704
142  142 573 1024
143  143 145 2408448
144  144 574 65536
145  145 148 589824
146  146 148 2408448
147  147 149 5419008
148  148 150 5419008
149  149 156 602112
150  150 153 65536
151  151 153 2408448
152  152 154 602112
153  153 155 602112
154  154 157 602112
155  155 158 602112
156  156 158 602112
157  157 166 602112
158  158 160 602112
159  159 161 50176
160  160 162 50176
161  161 575 256
162  162 164 602112
163  163 576 131072
164  164 167 131072
165  165 167 602112
166  166 168 4816896
167  167 169 4816896
168  168 173 4816896
169  169 171 4816896
170  170 172 4816896
171  171 174 4816896
172  172 206 4816896
173  173 207 4816896
174  174 176 4816896
175  175 177 4816896
176  176 178 4816896
177  177 208 4816896
178  178 180 4816896
179  179 181 4816896
180  180 182 4816896
181  181 209 4816896
182  182 184 4816896
183  183 185 4816896
184  184 186 4816896
185  185 210 4816896
186  186 188 4816896
187  187 189 4816896
188  188 190 4816896
189  189 211 4816896
190  190 192 4816896
191  191 193 4816896
192  192 194 4816896
193  193 212 4816896
194  194 196 4816896
195  195 197 4816896
196  196 198 4816896
197  197 213 4816896
198  198 200 4816896
199  199 201 4816896
200  200 202 4816896
201  201 214 4816896
202  202 204 4816896
203  203 205 4816896
204  204 206 4816896
205  205 215 4816896
206  206 216 19267584
207  207 216 19267584
208  208 216 19267584
209  209 216 19267584
210  210 216 19267584
211  211 216 19267584
212  212 216 19267584
213  213 216 19267584
214  214 216 19267584
215  215 235 19267584
216  216 218 9633792
217  217 219 802816
218  218 220 802816
219  219 577 1024
220  220 222 9633792
221  221 578 589824
222  222 224 9633792
223  223 225 802816
224  224 226 802816
225  225 579 1024
226  226 228 9633792
227  227 580 65536
228  228 231 589824
229  229 231 9633792
230  230 232 21676032
231  231 233 21676032
232  232 239 2408448
233  233 236 65536
234  234 236 9633792
235  235 237 2408448
236  236 238 2408448
237  237 240 2408448
238  238 241 2408448
239  239 241 2408448
240  240 249 2408448
241  241 243 2408448
242  242 244 200704
243  243 245 200704
244  244 581 256
245  245 247 2408448
246  246 582 98304
247  247 250 98304
248  248 250 2408448
249  249 251 14450688
250  250 252 14450688
251  251 271 14450688
252  252 254 7225344
253  253 255 602112
254  254 256 602112
255  255 583 768
256  256 258 7225344
257  257 584 331776
258  258 260 7225344
259  259 261 602112
260  260 262 602112
261  261 585 768
262  262 264 7225344
263  263 586 36864
264  264 267 331776
265  265 267 7225344
266  266 268 16257024
267  267 269 16257024
268  268 275 1806336
269  269 272 36864
270  270 272 7225344
271  271 273 1806336
272  272 274 1806336
273  273 276 1806336
274  274 277 1806336
275  275 277 1806336
276  276 285 1806336
277  277 279 1806336
278  278 280 150528
279  279 281 150528
280  280 587 192
281  281 283 1806336
282  282 588 73728
283  283 286 73728
284  284 286 1806336
285  285 287 14450688
286  286 288 14450688
287  287 307 14450688
288  288 290 7225344
289  289 291 602112
290  290 292 602112
291  291 589 768
292  292 294 7225344
293  293 590 331776
294  294 296 7225344
295  295 297 602112
296  296 298 602112
297  297 591 768
298  298 300 7225344
299  299 592 36864
300  300 303 331776
301  301 303 7225344
302  302 304 16257024
303  303 305 16257024
304  304 311 1806336
305  305 308 36864
306  306 308 7225344
307  307 309 1806336
308  308 310 1806336
309  309 312 1806336
310  310 313 1806336
311  311 313 1806336
312  312 321 1806336
313  313 315 1806336
314  314 316 150528
315  315 317 150528
316  316 593 192
317  317 319 1806336
318  318 594 49152
319  319 322 49152
320  320 322 1806336
321  321 323 9633792
322  322 324 9633792
323  323 343 9633792
324  324 326 4816896
325  325 327 401408
326  326 328 401408
327  327 595 512
328  328 330 4816896
329  329 596 147456
330  330 332 4816896
331  331 333 401408
332  332 334 401408
333  333 597 512
334  334 336 4816896
335  335 598 16384
336  336 339 147456
337  337 339 4816896
338  338 340 10838016
339  339 341 10838016
340  340 347 1204224
341  341 344 16384
342  342 344 4816896
343  343 345 1204224
344  344 346 1204224
345  345 348 1204224
346  346 349 1204224
347  347 349 1204224
348  348 357 1204224
349  349 351 1204224
350  350 352 100352
351  351 353 100352
352  352 599 128
353  353 355 1204224
354  354 600 32768
355  355 358 32768
356  356 358 1204224
357  357 359 9633792
358  358 360 9633792
359  359 364 9633792
360  360 362 9633792
361  361 363 9633792
362  362 365 9633792
363  363 397 9633792
364  364 398 9633792
365  365 367 9633792
366  366 368 9633792
367  367 369 9633792
368  368 399 9633792
369  369 371 9633792
370  370 372 9633792
371  371 373 9633792
372  372 400 9633792
373  373 375 9633792
374  374 376 9633792
375  375 377 9633792
376  376 401 9633792
377  377 379 9633792
378  378 380 9633792
379  379 381 9633792
380  380 402 9633792
381  381 383 9633792
382  382 384 9633792
383  383 385 9633792
384  384 403 9633792
385  385 387 9633792
386  386 388 9633792
387  387 389 9633792
388  388 404 9633792
389  389 391 9633792
390  390 392 9633792
391  391 393 9633792
392  392 405 9633792
393  393 395 9633792
394  394 396 9633792
395  395 397 9633792
396  396 406 9633792
397  397 407 38535168
398  398 407 38535168
399  399 407 38535168
400  400 407 38535168
401  401 407 38535168
402  402 407 38535168
403  403 407 38535168
404  404 407 38535168
405  405 407 38535168
406  406 426 38535168
407  407 409 19267584
408  408 410 1605632
409  409 411 1605632
410  410 601 512
411  411 413 19267584
412  412 602 147456
413  413 415 19267584
414  414 416 1605632
415  415 417 1605632
416  416 603 512
417  417 419 19267584
418  418 604 16384
419  419 422 147456
420  420 422 19267584
421  421 423 43352064
422  422 424 43352064
423  423 430 4816896
424  424 427 16384
425  425 427 19267584
426  426 428 4816896
427  427 429 4816896
428  428 431 4816896
429  429 432 4816896
430  430 432 4816896
431  431 440 4816896
432  432 434 4816896
433  433 435 401408
434  434 436 401408
435  435 605 128
436  436 438 4816896
437  437 606 16384
438  438 441 16384
439  439 441 4816896
440  440 442 19267584
441  441 443 19267584
442  442 462 19267584
443  443 445 9633792
444  444 446 802816
445  445 447 802816
446  446 607 256
447  447 449 9633792
448  448 608 36864
449  449 451 9633792
450  450 452 802816
451  451 453 802816
452  452 609 256
453  453 455 9633792
454  454 610 4096
455  455 458 36864
456  456 458 9633792
457  457 459 21676032
458  458 460 21676032
459  459 466 2408448
460  460 463 4096
461  461 463 9633792
462  462 464 2408448
463  463 465 2408448
464  464 467 2408448
465  465 468 2408448
466  466 468 2408448
467  467 476 2408448
468  468 470 2408448
469  469 471 200704
470  470 472 200704
471  471 611 64
472  472 474 2408448
473  473 612 8192
474  474 477 8192
475  475 477 2408448
476  476 478 19267584
477  477 479 19267584
478  478 498 19267584
479  479 481 9633792
480  480 482 802816
481  481 483 802816
482  482 613 256
483  483 485 9633792
484  484 614 36864
485  485 487 9633792
486  486 488 802816
487  487 489 802816
488  488 615 256
489  489 491 9633792
490  490 616 4096
491  491 494 36864
492  492 494 9633792
493  493 495 21676032
494  494 496 21676032
495  495 502 2408448
496  496 499 4096
497  497 499 9633792
498  498 500 2408448
499  499 501 2408448
500  500 503 2408448
501  501 504 2408448
502  502 504 2408448
503  503 512 2408448
504  504 506 2408448
505  505 507 200704
506  506 508 200704
507  507 617 64
508  508 510 2408448
509  509 618 6144
510  510 513 6144
511  511 513 2408448
512  512 514 14450688
513  513 515 14450688
514  514 519 14450688
515  515 517 14450688
516  516 518 14450688
517  517 520 14450688
518  518 552 14450688
519  519 553 14450688
520  520 522 14450688
521  521 523 14450688
522  522 524 14450688
523  523 554 14450688
524  524 526 14450688
525  525 527 14450688
526  526 528 14450688
527  527 555 14450688
528  528 530 14450688
529  529 531 14450688
530  530 532 14450688
531  531 556 14450688
532  532 534 14450688
533  533 535 14450688
534  534 536 14450688
535  535 557 14450688
536  536 538 14450688
537  537 539 14450688
538  538 540 14450688
539  539 558 14450688
540  540 542 14450688
541  541 543 14450688
542  542 544 14450688
543  543 559 14450688
544  544 546 14450688
545  545 547 14450688
546  546 548 14450688
547  547 560 14450688
548  548 550 14450688
549  549 551 14450688
550  550 552 14450688
551  551 561 14450688
552  552 562 57802752
553  553 562 57802752
554  554 562 57802752
555  555 562 57802752
556  556 562 57802752
557  557 562 57802752
558  558 562 57802752
559  559 562 57802752
560  560 562 57802752
561  561 567 57802752
562  562 564 57802752
563  563 565 4816896
564  564 566 4816896
565  565 619 384
566  566 568 57802752
567  567 620 56448
568  568 620 64
569  569 620 20480
570  570 620 1024
571  571 620 589824
572  572 620 1024
573  573 620 65536
574  574 620 256
575  575 620 131072
576  576 620 1024
577  577 620 589824
578  578 620 1024
579  579 620 65536
580  580 620 256
581  581 620 98304
582  582 620 768
583  583 620 331776
584  584 620 768
585  585 620 36864
586  586 620 192
587  587 620 73728
588  588 620 768
589  589 620 331776
590  590 620 768
591  591 620 36864
592  592 620 192
593  593 620 49152
594  594 620 512
595  595 620 147456
596  596 620 512
597  597 620 16384
598  598 620 128
599  599 620 32768
600  600 620 512
601  601 620 147456
602  602 620 512
603  603 620 16384
604  604 620 128
605  605 620 16384
606  606 620 256
607  607 620 36864
608  608 620 256
609  609 620 4096
610  610 620 64
611  611 620 8192
612  612 620 256
613  613 620 36864
614  614 620 256
615  615 620 4096
616  616 620 64
617  617 620 6144
618  618 620 384
619  619 620 56448
