2:0  2 3 4214784
4:0  4 5 56448
4:1  4 5 51982336
4:2  4 5 33718272
4:3  4 5 14144
5:0  5 6 33718272
7:0  7 8 8429568
9:0  9 10 6144
9:1  9 10 8429568
9:2  9 10 1404928
9:3  9 10 9216
10:0  10 11 1404928
11:0  11 12 1404928
13:0  13 14 4096
13:1  13 14 1404928
13:2  13 14 5619712
13:3  13 14 1536
14:0  14 15 1404928
16:0  16 17 36864
16:1  16 17 12644352
16:2  16 17 5619712
16:3  16 17 13824
17:0  17 18 11239424
18:0  18 19 11239424
20:0  20 21 8192
20:1  20 21 11239424
20:2  20 21 1404928
20:3  20 21 12288
21:0  21 22 1404928
22:0  22 23 1404928
24:0  24 25 4096
24:1  24 25 1404928
24:2  24 25 5619712
24:3  24 25 1536
25:0  25 26 1404928
27:0  27 28 36864
27:1  27 28 12644352
27:2  27 28 5619712
27:3  27 28 13824
28:0  28 29 11239424
29:0  29 30 11239424
31:0  31 32 16384
31:1  31 32 11239424
31:2  31 32 2809856
31:3  31 32 12288
32:0  32 33 2809856
33:0  33 34 2809856
35:0  35 36 16384
35:1  35 36 2809856
35:2  35 36 11239424
35:3  35 36 3072
36:0  36 37 2809856
38:0  38 39 147456
38:1  38 39 25288704
38:2  38 39 11239424
38:3  38 39 6317568
38:4  38 39 36864
38:11  38 39 13824
38:12  38 39 27648
39:0  39 40 22478848
41:0  41 42 5619712
43:0  43 44 32768
43:1  43 44 5619712
43:2  43 44 702464
43:3  43 44 24576
44:0  44 45 702464
45:0  45 46 702464
47:0  47 48 16384
47:1  47 48 702464
47:2  47 48 2809856
47:3  47 48 3072
48:0  48 49 702464
50:0  50 51 147456
50:1  50 51 6322176
50:2  50 51 2809856
50:3  50 51 1575936
50:4  50 51 36864
50:11  50 51 13824
50:12  50 51 27648
51:0  51 52 5619712
52:0  52 53 5619712
54:0  54 55 49152
54:1  54 55 5619712
54:2  54 55 1053696
54:3  54 55 24576
55:0  55 56 1053696
56:0  56 57 1053696
58:0  58 59 36864
58:1  58 59 1053696
58:2  58 59 4214784
58:3  58 59 4608
59:0  59 60 1053696
61:0  61 62 331776
61:1  61 62 9483264
61:2  61 62 4214784
61:3  61 62 2363904
61:4  61 62 82944
61:59  61 62 590976
61:60  61 62 20736
61:67  61 62 10368
61:68  61 62 41472
62:0  62 63 8429568
63:0  63 64 8429568
65:0  65 66 73728
65:1  65 66 8429568
65:2  65 66 1053696
65:3  65 66 36864
66:0  66 67 1053696
67:0  67 68 1053696
69:0  69 70 36864
69:1  69 70 1053696
69:2  69 70 4214784
69:3  69 70 4608
70:0  70 71 1053696
72:0  72 73 331776
72:1  72 73 9483264
72:2  72 73 4214784
72:3  72 73 2363904
72:4  72 73 82944
72:59  72 73 590976
72:60  72 73 20736
72:67  72 73 10368
72:68  72 73 41472
73:0  73 74 8429568
74:0  74 75 8429568
76:0  76 77 98304
76:1  76 77 8429568
76:2  76 77 1404928
76:3  76 77 36864
77:0  77 78 1404928
78:0  78 79 1404928
80:0  80 81 65536
80:1  80 81 1404928
80:2  80 81 5619712
80:3  80 81 6144
81:0  81 82 1404928
83:0  83 84 589824
83:1  83 84 12644352
83:2  83 84 5619712
83:3  83 84 3151872
83:4  83 84 147456
83:59  83 84 787968
83:60  83 84 36864
83:67  83 84 13824
83:68  83 84 55296
84:0  84 85 11239424
86:0  86 87 2809856
88:0  88 89 131072
88:1  88 89 2809856
88:2  88 89 351232
88:3  88 89 49152
89:0  89 90 351232
90:0  90 91 351232
92:0  92 93 65536
92:1  92 93 351232
92:2  92 93 1404928
92:3  92 93 6144
93:0  93 94 351232
95:0  95 96 589824
95:1  95 96 3161088
95:2  95 96 1404928
95:3  95 96 787968
95:4  95 96 147456
95:65  95 96 193536
95:66  95 96 36864
95:73  95 96 13824
95:74  95 96 27648
95:75  95 96 55296
96:0  96 97 2809856
97:0  97 98 2809856
99:0  99 100 24576
99:1  99 100 702464
99:2  99 100 16512
99:3  99 620 64
99:4  99 100 49152
100:0  100 101 13760
109:0  109 110 320
109:1  109 110 64
120:0  120 121 320
127:0  127 128 16512
127:1  127 128 704512
127:2  127 128 24576
127:3  127 128 32960
130:0  130 131 13760
130:1  130 131 24576
130:2  130 131 704512
130:3  130 131 960
138:0  138 139 1404928
138:1  138 139 3161088
138:2  138 139 589824
138:3  138 139 131712
144:0  144 145 1404928
144:1  144 145 351232
144:2  144 145 65536
144:3  144 145 131712
147:0  147 148 1404928
147:1  147 148 589824
147:2  147 148 3161088
147:3  147 148 787968
147:4  147 148 350208
147:11  147 148 12288
147:12  147 148 24576
152:0  152 153 1404928
152:1  152 153 65536
152:2  152 153 351232
152:3  152 153 24576
155:0  155 156 351232
156:0  156 157 351232
158:0  158 159 351232
162:0  162 163 351232
163:0  163 164 351232
163:1  163 164 2809856
163:2  163 164 131072
163:3  163 164 131712
165:0  165 166 351232
166:0  166 167 351232
166:1  166 167 131072
166:2  166 167 2809856
166:3  166 167 6144
172:0  172 173 2809856
216:0  216 217 11239424
220:0  220 221 11239424
221:0  221 222 5619712
221:1  221 222 12644352
221:2  221 222 589824
221:3  221 222 3161088
221:4  221 222 1404928
221:59  221 222 790272
221:60  221 222 351232
221:67  221 222 131712
222:0  222 223 11239424
226:0  226 227 11239424
227:0  227 228 5619712
227:1  227 228 1404928
227:2  227 228 65536
227:3  227 228 526848
229:0  229 230 11239424
230:0  230 231 5619712
230:1  230 231 589824
230:2  230 231 12644352
230:3  230 231 3161088
230:4  230 231 1404928
230:11  230 231 12288
234:0  234 235 11239424
235:0  235 236 5619712
235:1  235 236 65536
235:2  235 236 1404928
235:3  235 236 24576
238:0  238 239 1404928
239:0  239 240 1404928
241:0  241 242 1404928
245:0  245 246 1404928
246:0  246 247 1404928
246:1  246 247 8429568
246:2  246 247 98304
246:3  246 247 2107392
246:4  246 247 351232
246:11  246 247 263424
248:0  248 249 1404928
249:0  249 250 1404928
249:1  249 250 98304
249:2  249 250 8429568
249:3  249 250 6144
257:0  257 258 4214784
257:1  257 258 9483264
257:2  257 258 331776
257:3  257 258 2370816
257:4  257 258 1053696
257:59  257 258 592704
257:60  257 258 263424
257:67  257 258 131712
263:0  263 264 4214784
263:1  263 264 1053696
263:2  263 264 36864
263:3  263 264 526848
266:0  266 267 4214784
266:1  266 267 331776
266:2  266 267 9483264
266:3  266 267 2370816
266:4  266 267 1053696
266:11  266 267 9216
271:0  271 272 4214784
271:1  271 272 36864
271:2  271 272 1053696
271:3  271 272 18432
274:0  274 275 1053696
275:0  275 276 1053696
277:0  277 278 1053696
281:0  281 282 1053696
282:0  282 283 1053696
282:1  282 283 8429568
282:2  282 283 73728
282:3  282 283 526848
284:0  284 285 1053696
285:0  285 286 1053696
285:1  285 286 73728
285:2  285 286 8429568
285:3  285 286 4608
293:0  293 294 4214784
293:1  293 294 9483264
293:2  293 294 331776
293:3  293 294 2370816
293:4  293 294 1053696
293:59  293 294 592704
293:60  293 294 263424
293:67  293 294 131712
299:0  299 300 4214784
299:1  299 300 1053696
299:2  299 300 36864
299:3  299 300 526848
302:0  302 303 4214784
302:1  302 303 331776
302:2  302 303 9483264
302:3  302 303 2370816
302:4  302 303 1053696
302:11  302 303 9216
307:0  307 308 4214784
307:1  307 308 36864
307:2  307 308 1053696
307:3  307 308 18432
310:0  310 311 1053696
311:0  311 312 1053696
313:0  313 314 1053696
317:0  317 318 1053696
318:0  318 319 1053696
318:1  318 319 5619712
318:2  318 319 49152
318:3  318 319 526848
320:0  320 321 1053696
321:0  321 322 1053696
321:1  321 322 49152
321:2  321 322 5619712
321:3  321 322 4608
329:0  329 330 2809856
329:1  329 330 6322176
329:2  329 330 147456
329:3  329 330 1580544
329:4  329 330 702464
329:11  329 330 263424
335:0  335 336 2809856
335:1  335 336 702464
335:2  335 336 16384
335:3  335 336 526848
338:0  338 339 2809856
338:1  338 339 147456
338:2  338 339 6322176
338:3  338 339 12288
343:0  343 344 2809856
343:1  343 344 16384
343:2  343 344 702464
343:3  343 344 12288
346:0  346 347 702464
347:0  347 348 702464
349:0  349 350 702464
353:0  353 354 702464
354:0  354 355 702464
354:1  354 355 5619712
354:2  354 355 32768
354:3  354 355 526848
356:0  356 357 702464
357:0  357 358 702464
357:1  357 358 32768
357:2  357 358 5619712
357:3  357 358 3072
363:0  363 364 5619712
407:0  407 408 22478848
411:0  411 412 22478848
412:0  412 413 11239424
412:1  412 413 25288704
412:2  412 413 147456
412:3  412 413 6322176
412:4  412 413 2809856
412:11  412 413 1053696
413:0  413 414 22478848
417:0  417 418 22478848
418:0  418 419 11239424
418:1  418 419 2809856
418:2  418 419 16384
418:3  418 419 2107392
420:0  420 421 22478848
421:0  421 422 11239424
421:1  421 422 147456
421:2  421 422 25288704
421:3  421 422 12288
425:0  425 426 22478848
426:0  426 427 11239424
426:1  426 427 16384
426:2  426 427 2809856
426:3  426 427 12288
429:0  429 430 2809856
430:0  430 431 2809856
432:0  432 433 2809856
436:0  436 437 2809856
437:0  437 438 2809856
437:1  437 438 11239424
437:2  437 438 16384
437:3  437 438 2107392
439:0  439 440 2809856
440:0  440 441 2809856
440:1  440 441 16384
440:2  440 441 11239424
440:3  440 441 3072
448:0  448 449 5619712
448:1  448 449 12644352
448:2  448 449 36864
448:3  448 449 2107392
454:0  454 455 5619712
454:1  454 455 1404928
454:2  454 455 4096
454:3  454 455 2107392
457:0  457 458 5619712
457:1  457 458 36864
457:2  457 458 12644352
457:3  457 458 6144
462:0  462 463 5619712
462:1  462 463 4096
462:2  462 463 1404928
462:3  462 463 6144
465:0  465 466 1404928
466:0  466 467 1404928
468:0  468 469 1404928
472:0  472 473 1404928
473:0  473 474 1404928
473:1  473 474 11239424
473:2  473 474 8192
473:3  473 474 2107392
475:0  475 476 1404928
476:0  476 477 1404928
476:1  476 477 8192
476:2  476 477 11239424
476:3  476 477 1536
484:0  484 485 5619712
484:1  484 485 12644352
484:2  484 485 36864
484:3  484 485 2107392
490:0  490 491 5619712
490:1  490 491 1404928
490:2  490 491 4096
490:3  490 491 2107392
493:0  493 494 5619712
493:1  493 494 36864
493:2  493 494 12644352
493:3  493 494 6144
498:0  498 499 5619712
498:1  498 499 4096
498:2  498 499 1404928
498:3  498 499 6144
501:0  501 502 1404928
502:0  502 503 1404928
504:0  504 505 1404928
508:0  508 509 1404928
509:0  509 510 1404928
509:1  509 510 8429568
509:2  509 510 6144
509:3  509 510 2107392
511:0  511 512 1404928
512:0  512 513 1404928
512:1  512 513 6144
512:2  512 513 8429568
512:3  512 513 1536
518:0  518 519 8429568
562:0  562 563 33718272
566:0  566 567 33718272
567:0  567 568 33718272
567:1  567 568 51631104
567:2  567 568 56448
567:3  567 568 8429568
0  0 2 4214784
1  1 3 5619712
2  2 568 51631104
3  3 5 56448
4  4 6 33718272
5  5 549 33718272
6  6 550 8429568
7  7 510 8429568
8  8 10 6144
9  9 11 1404928
10  10 15 1404928
11  11 491 1404928
12  12 14 4096
13  13 18 5619712
14  14 485 12644352
15  15 17 36864
16  16 18 5619712
17  17 19 11239424
18  18 474 11239424
19  19 21 8192
20  20 22 1404928
21  21 26 1404928
22  22 455 1404928
23  23 25 4096
24  24 29 5619712
25  25 449 12644352
26  26 28 36864
27  27 29 5619712
28  28 30 11239424
29  29 438 11239424
30  30 32 16384
31  31 33 2809856
32  32 37 2809856
33  33 419 2809856
34  34 36 16384
35  35 40 11239424
36  36 413 25288704
37  37 39 147456
38  38 40 11239424
39  39 394 22478848
40  40 395 5619712
41  41 355 5619712
42  42 44 32768
43  43 45 702464
44  44 49 702464
45  45 336 702464
46  46 48 16384
47  47 52 2809856
48  48 330 6322176
49  49 51 147456
50  50 52 2809856
51  51 53 5619712
52  52 319 5619712
53  53 55 49152
54  54 56 1053696
55  55 60 1053696
56  56 300 1053696
57  57 59 36864
58  58 63 4214784
59  59 294 9483264
60  60 62 331776
61  61 63 4214784
62  62 64 8429568
63  63 283 8429568
64  64 66 73728
65  65 67 1053696
66  66 71 1053696
67  67 264 1053696
68  68 70 36864
69  69 74 4214784
70  70 258 9483264
71  71 73 331776
72  72 74 4214784
73  73 75 8429568
74  74 247 8429568
75  75 77 98304
76  76 78 1404928
77  77 82 1404928
78  78 228 1404928
79  79 81 65536
80  80 85 5619712
81  81 222 12644352
82  82 84 589824
83  83 85 5619712
84  84 203 11239424
85  85 204 2809856
86  86 164 2809856
87  87 89 131072
88  88 90 351232
89  89 94 351232
90  90 145 351232
91  91 93 65536
92  92 97 1404928
93  93 139 3161088
94  94 96 589824
95  95 97 1404928
96  96 98 2809856
97  97 128 702464
98  98 100 20480
99  99 101 13760
100  100 102 16512
101  101 119 384
102  102 104 64
103  103 106 64
104  104 107 64
105  105 107 64
106  106 109 64
107  107 111 384
108  108 110 128
109  109 111 384
110  110 118 384
111  111 113 64
112  112 114 64
113  113 115 64
114  114 116 64
115  115 117 320
116  116 118 384
117  117 120 384
118  118 120 384
119  119 121 384
120  120 122 2689152
121  121 130 13760
122  122 124 13760
123  123 125 1984
124  124 126 1984
125  125 569 64
126  126 128 13760
127  127 570 20480
128  128 131 20480
129  129 131 13760
130  130 132 702464
131  131 133 2809856
132  132 152 2809856
133  133 135 1404928
134  134 136 200704
135  135 137 200704
136  136 571 1024
137  137 139 1404928
138  138 572 589824
139  139 141 1404928
140  140 142 200704
141  141 143 200704
142  142 573 1024
143  143 145 1404928
144  144 574 65536
145  145 148 589824
146  146 148 1404928
147  147 149 3161088
148  148 150 3161088
149  149 156 351232
150  150 153 65536
151  151 153 1404928
152  152 154 351232
153  153 155 351232
154  154 157 351232
155  155 158 351232
156  156 158 351232
157  157 166 351232
158  158 160 351232
159  159 161 50176
160  160 162 50176
161  161 575 256
162  162 164 351232
163  163 576 131072
164  164 167 131072
165  165 167 351232
166  166 168 2809856
167  167 169 2809856
168  168 173 2809856
169  169 171 2809856
170  170 172 2809856
171  171 174 2809856
172  172 206 2809856
173  173 207 2809856
174  174 176 2809856
175  175 177 2809856
176  176 178 2809856
177  177 208 2809856
178  178 180 2809856
179  179 181 2809856
180  180 182 2809856
181  181 209 2809856
182  182 184 2809856
183  183 185 2809856
184  184 186 2809856
185  185 210 2809856
186  186 188 2809856
187  187 189 2809856
188  188 190 2809856
189  189 211 2809856
190  190 192 2809856
191  191 193 2809856
192  192 194 2809856
193  193 212 2809856
194  194 196 2809856
195  195 197 2809856
196  196 198 2809856
197  197 213 2809856
198  198 200 2809856
199  199 201 2809856
200  200 202 2809856
201  201 214 2809856
202  202 204 2809856
203  203 205 2809856
204  204 206 2809856
205  205 215 2809856
206  206 216 11239424
207  207 216 11239424
208  208 216 11239424
209  209 216 11239424
210  210 216 11239424
211  211 216 11239424
212  212 216 11239424
213  213 216 11239424
214  214 216 11239424
215  215 235 11239424
216  216 218 5619712
217  217 219 802816
218  218 220 802816
219  219 577 1024
220  220 222 5619712
221  221 578 589824
222  222 224 5619712
223  223 225 802816
224  224 226 802816
225  225 579 1024
226  226 228 5619712
227  227 580 65536
228  228 231 589824
229  229 231 5619712
230  230 232 12644352
231  231 233 12644352
232  232 239 1404928
233  233 236 65536
234  234 236 5619712
235  235 237 1404928
236  236 238 1404928
237  237 240 1404928
238  238 241 1404928
239  239 241 1404928
240  240 249 1404928
241  241 243 1404928
242  242 244 200704
243  243 245 200704
244  244 581 256
245  245 247 1404928
246  246 582 98304
247  247 250 98304
248  248 250 1404928
249  249 251 8429568
250  250 252 8429568
251  251 271 8429568
252  252 254 4214784
253  253 255 602112
254  254 256 602112
255  255 583 768
256  256 258 4214784
257  257 584 331776
258  258 260 4214784
259  259 261 602112
260  260 262 602112
261  261 585 768
262  262 264 4214784
263  263 586 36864
264  264 267 331776
265  265 267 4214784
266  266 268 9483264
267  267 269 9483264
268  268 275 1053696
269  269 272 36864
270  270 272 4214784
271  271 273 1053696
272  272 274 1053696
273  273 276 1053696
274  274 277 1053696
275  275 277 1053696
276  276 285 1053696
277  277 279 1053696
278  278 280 150528
279  279 281 150528
280  280 587 192
281  281 283 1053696
282  282 588 73728
283  283 286 73728
284  284 286 1053696
285  285 287 8429568
286  286 288 8429568
287  287 307 8429568
288  288 290 4214784
289  289 291 602112
290  290 292 602112
291  291 589 768
292  292 294 4214784
293  293 590 331776
294  294 296 4214784
295  295 297 602112
296  296 298 602112
297  297 591 768
298  298 300 4214784
299  299 592 36864
300  300 303 331776
301  301 303 4214784
302  302 304 9483264
303  303 305 9483264
304  304 311 1053696
305  305 308 36864
306  306 308 4214784
307  307 309 1053696
308  308 310 1053696
309  309 312 1053696
310  310 313 1053696
311  311 313 1053696
312  312 321 1053696
313  313 315 1053696
314  314 316 150528
315  315 317 150528
316  316 593 192
317  317 319 1053696
318  318 594 49152
319  319 322 49152
320  320 322 1053696
321  321 323 5619712
322  322 324 5619712
323  323 343 5619712
324  324 326 2809856
325  325 327 401408
326  326 328 401408
327  327 595 512
328  328 330 2809856
329  329 596 147456
330  330 332 2809856
331  331 333 401408
332  332 334 401408
333  333 597 512
334  334 336 2809856
335  335 598 16384
336  336 339 147456
337  337 339 2809856
338  338 340 6322176
339  339 341 6322176
340  340 347 702464
341  341 344 16384
342  342 344 2809856
343  343 345 702464
344  344 346 702464
345  345 348 702464
346  346 349 702464
347  347 349 702464
348  348 357 702464
349  349 351 702464
350  350 352 100352
351  351 353 100352
352  352 599 128
353  353 355 702464
354  354 600 32768
355  355 358 32768
356  356 358 702464
357  357 359 5619712
358  358 360 5619712
359  359 364 5619712
360  360 362 5619712
361  361 363 5619712
362  362 365 5619712
363  363 397 5619712
364  364 398 5619712
365  365 367 5619712
366  366 368 5619712
367  367 369 5619712
368  368 399 5619712
369  369 371 5619712
370  370 372 5619712
371  371 373 5619712
372  372 400 5619712
373  373 375 5619712
374  374 376 5619712
375  375 377 5619712
376  376 401 5619712
377  377 379 5619712
378  378 380 5619712
379  379 381 5619712
380  380 402 5619712
381  381 383 5619712
382  382 384 5619712
383  383 385 5619712
384  384 403 5619712
385  385 387 5619712
386  386 388 5619712
387  387 389 5619712
388  388 404 5619712
389  389 391 5619712
390  390 392 5619712
391  391 393 5619712
392  392 405 5619712
393  393 395 5619712
394  394 396 5619712
395  395 397 5619712
396  396 406 5619712
397  397 407 22478848
398  398 407 22478848
399  399 407 22478848
400  400 407 22478848
401  401 407 22478848
402  402 407 22478848
403  403 407 22478848
404  404 407 22478848
405  405 407 22478848
406  406 426 22478848
407  407 409 11239424
408  408 410 1605632
409  409 411 1605632
410  410 601 512
411  411 413 11239424
412  412 602 147456
413  413 415 11239424
414  414 416 1605632
415  415 417 1605632
416  416 603 512
417  417 419 11239424
418  418 604 16384
419  419 422 147456
420  420 422 11239424
421  421 423 25288704
422  422 424 25288704
423  423 430 2809856
424  424 427 16384
425  425 427 11239424
426  426 428 2809856
427  427 429 2809856
428  428 431 2809856
429  429 432 2809856
430  430 432 2809856
431  431 440 2809856
432  432 434 2809856
433  433 435 401408
434  434 436 401408
435  435 605 128
436  436 438 2809856
437  437 606 16384
438  438 441 16384
439  439 441 2809856
440  440 442 11239424
441  441 443 11239424
442  442 462 11239424
443  443 445 5619712
444  444 446 802816
445  445 447 802816
446  446 607 256
447  447 449 5619712
448  448 608 36864
449  449 451 5619712
450  450 452 802816
451  451 453 802816
452  452 609 256
453  453 455 5619712
454  454 610 4096
455  455 458 36864
456  456 458 5619712
457  457 459 12644352
458  458 460 12644352
459  459 466 1404928
460  460 463 4096
461  461 463 5619712
462  462 464 1404928
463  463 465 1404928
464  464 467 1404928
465  465 468 1404928
466  466 468 1404928
467  467 476 1404928
468  468 470 1404928
469  469 471 200704
470  470 472 200704
471  471 611 64
472  472 474 1404928
473  473 612 8192
474  474 477 8192
475  475 477 1404928
476  476 478 11239424
477  477 479 11239424
478  478 498 11239424
479  479 481 5619712
480  480 482 802816
481  481 483 802816
482  482 613 256
483  483 485 5619712
484  484 614 36864
485  485 487 5619712
486  486 488 802816
487  487 489 802816
488  488 615 256
489  489 491 5619712
490  490 616 4096
491  491 494 36864
492  492 494 5619712
493  493 495 12644352
494  494 496 12644352
495  495 502 1404928
496  496 499 4096
497  497 499 5619712
498  498 500 1404928
499  499 501 1404928
500  500 503 1404928
501  501 504 1404928
502  502 504 1404928
503  503 512 1404928
504  504 506 1404928
505  505 507 200704
506  506 508 200704
507  507 617 64
508  508 510 1404928
509  509 618 6144
510  510 513 6144
511  511 513 1404928
512  512 514 8429568
513  513 515 8429568
514  514 519 8429568
515  515 517 8429568
516  516 518 8429568
517  517 520 8429568
518  518 552 8429568
519  519 553 8429568
520  520 522 8429568
521  521 523 8429568
522  522 524 8429568
523  523 554 8429568
524  524 526 8429568
525  525 527 8429568
526  526 528 8429568
527  527 555 8429568
528  528 530 8429568
529  529 531 8429568
530  530 532 8429568
531  531 556 8429568
532  532 534 8429568
533  533 535 8429568
534  534 536 8429568
535  535 557 8429568
536  536 538 8429568
537  537 539 8429568
538  538 540 8429568
539  539 558 8429568
540  540 542 8429568
541  541 543 8429568
542  542 544 8429568
543  543 559 8429568
544  544 546 8429568
545  545 547 8429568
546  546 548 8429568
547  547 560 8429568
548  548 550 8429568
549  549 551 8429568
550  550 552 8429568
551  551 561 8429568
552  552 562 33718272
553  553 562 33718272
554  554 562 33718272
555  555 562 33718272
556  556 562 33718272
557  557 562 33718272
558  558 562 33718272
559  559 562 33718272
560  560 562 33718272
561  561 567 33718272
562  562 564 33718272
563  563 565 4816896
564  564 566 4816896
565  565 619 384
566  566 568 33718272
567  567 620 56448
568  568 620 64
569  569 620 20480
570  570 620 1024
571  571 620 589824
572  572 620 1024
573  573 620 65536
574  574 620 256
575  575 620 131072
576  576 620 1024
577  577 620 589824
578  578 620 1024
579  579 620 65536
580  580 620 256
581  581 620 98304
582  582 620 768
583  583 620 331776
584  584 620 768
585  585 620 36864
586  586 620 192
587  587 620 73728
588  588 620 768
589  589 620 331776
590  590 620 768
591  591 620 36864
592  592 620 192
593  593 620 49152
594  594 620 512
595  595 620 147456
596  596 620 512
597  597 620 16384
598  598 620 128
599  599 620 32768
600  600 620 512
601  601 620 147456
602  602 620 512
603  603 620 16384
604  604 620 128
605  605 620 16384
606  606 620 256
607  607 620 36864
608  608 620 256
609  609 620 4096
610  610 620 64
611  611 620 8192
612  612 620 256
613  613 620 36864
614  614 620 256
615  615 620 4096
616  616 620 64
617  617 620 6144
618  618 620 384
619  619 620 56448
