2:0  2 3 4816896
4:0  4 5 56448
4:1  4 5 59408384
4:2  4 5 38535168
4:3  4 5 14144
5:0  5 6 38535168
7:0  7 8 9633792
9:0  9 10 6144
9:1  9 10 9633792
9:2  9 10 1605632
9:3  9 10 9216
10:0  10 11 1605632
11:0  11 12 1605632
13:0  13 14 4096
13:1  13 14 1605632
13:2  13 14 6422528
13:3  13 14 1536
14:0  14 15 1605632
16:0  16 17 36864
16:1  16 17 14450688
16:2  16 17 6422528
16:3  16 17 13824
17:0  17 18 12845056
18:0  18 19 12845056
20:0  20 21 8192
20:1  20 21 12845056
20:2  20 21 1605632
20:3  20 21 12288
21:0  21 22 1605632
22:0  22 23 1605632
24:0  24 25 4096
24:1  24 25 1605632
24:2  24 25 6422528
24:3  24 25 1536
25:0  25 26 1605632
27:0  27 28 36864
27:1  27 28 14450688
27:2  27 28 6422528
27:3  27 28 13824
28:0  28 29 12845056
29:0  29 30 12845056
31:0  31 32 16384
31:1  31 32 12845056
31:2  31 32 3211264
31:3  31 32 12288
32:0  32 33 3211264
33:0  33 34 3211264
35:0  35 36 16384
35:1  35 36 3211264
35:2  35 36 12845056
35:3  35 36 3072
36:0  36 37 3211264
38:0  38 39 147456
38:1  38 39 28901376
38:2  38 39 12845056
38:3  38 39 7223040
38:4  38 39 36864
38:11  38 39 13824
38:12  38 39 27648
39:0  39 40 25690112
41:0  41 42 6422528
43:0  43 44 32768
43:1  43 44 6422528
43:2  43 44 802816
43:3  43 44 24576
44:0  44 45 802816
45:0  45 46 802816
47:0  47 48 16384
47:1  47 48 802816
47:2  47 48 3211264
47:3  47 48 3072
48:0  48 49 802816
50:0  50 51 147456
50:1  50 51 7225344
50:2  50 51 3211264
50:3  50 51 1804032
50:4  50 51 36864
50:11  50 51 13824
50:12  50 51 27648
51:0  51 52 6422528
52:0  52 53 6422528
54:0  54 55 49152
54:1  54 55 6422528
54:2  54 55 1204224
54:3  54 55 24576
55:0  55 56 1204224
56:0  56 57 1204224
58:0  58 59 36864
58:1  58 59 1204224
58:2  58 59 4816896
58:3  58 59 4608
59:0  59 60 1204224
61:0  61 62 331776
61:1  61 62 10838016
61:2  61 62 4816896
61:3  61 62 2706048
61:4  61 62 82944
61:65  61 62 673920
61:66  61 62 20736
61:73  61 62 10368
61:74  61 62 20736
61:75  61 62 41472
62:0  62 63 9633792
63:0  63 64 9633792
65:0  65 66 73728
65:1  65 66 9633792
65:2  65 66 1204224
65:3  65 66 36864
66:0  66 67 1204224
67:0  67 68 1204224
69:0  69 70 36864
69:1  69 70 1204224
69:2  69 70 4816896
69:3  69 70 4608
70:0  70 71 1204224
72:0  72 73 331776
72:1  72 73 10838016
72:2  72 73 4816896
72:3  72 73 2706048
72:4  72 73 82944
72:65  72 73 673920
72:66  72 73 20736
72:73  72 73 10368
72:74  72 73 20736
72:75  72 73 41472
73:0  73 74 9633792
74:0  74 75 9633792
76:0  76 77 98304
76:1  76 77 9633792
76:2  76 77 1605632
76:3  76 77 36864
77:0  77 78 1605632
78:0  78 79 1605632
80:0  80 81 65536
80:1  80 81 1605632
80:2  80 81 6422528
80:3  80 81 6144
81:0  81 82 1605632
83:0  83 84 589824
83:1  83 84 14450688
83:2  83 84 6422528
83:3  83 84 3608064
83:4  83 84 147456
83:65  83 84 898560
83:66  83 84 36864
83:73  83 84 13824
83:74  83 84 27648
83:75  83 84 55296
84:0  84 85 12845056
86:0  86 87 3211264
88:0  88 89 131072
88:1  88 89 3211264
88:2  88 89 401408
88:3  88 89 798720
88:4  88 89 32768
88:11  88 89 24576
88:12  88 89 49152
89:0  89 90 401408
90:0  90 91 401408
92:0  92 93 65536
92:1  92 93 401408
92:2  92 93 1605632
92:3  92 93 6144
93:0  93 94 401408
95:0  95 96 589824
95:1  95 96 3612672
95:2  95 96 1605632
95:3  95 96 898560
95:4  95 96 147456
95:65  95 96 221184
95:66  95 96 36864
95:73  95 96 13824
95:74  95 96 27648
95:75  95 96 55296
96:0  96 97 3211264
97:0  97 98 3211264
99:0  99 100 24576
99:1  99 100 802816
99:2  99 100 18816
99:3  99 620 64
99:4  99 100 49152
100:0  100 101 15680
109:0  109 110 320
109:1  109 110 64
120:0  120 121 320
127:0  127 128 18816
127:1  127 128 802816
127:2  127 128 24576
127:3  127 128 37632
130:0  130 131 15680
130:1  130 131 24576
130:2  130 131 802816
130:3  130 131 960
138:0  138 139 1605632
138:1  138 139 3612672
138:2  138 139 589824
138:3  138 139 903168
138:4  138 139 401408
138:59  138 139 225792
138:60  138 139 100352
138:67  138 139 37632
144:0  144 145 1605632
144:1  144 145 401408
144:2  144 145 65536
144:3  144 145 150528
147:0  147 148 1605632
147:1  147 148 589824
147:2  147 148 3612672
147:3  147 148 903168
147:4  147 148 401408
147:11  147 148 12288
152:0  152 153 1605632
152:1  152 153 65536
152:2  152 153 401408
152:3  152 153 24576
155:0  155 156 401408
156:0  156 157 401408
158:0  158 159 401408
162:0  162 163 401408
163:0  163 164 401408
163:1  163 164 3211264
163:2  163 164 131072
163:3  163 164 790272
163:4  163 164 100352
163:11  163 164 75264
163:12  163 164 150528
165:0  165 166 401408
166:0  166 167 401408
166:1  166 167 131072
166:2  166 167 3211264
166:3  166 167 6144
172:0  172 173 3211264
216:0  216 217 12845056
220:0  220 221 12845056
221:0  221 222 6422528
221:1  221 222 14450688
221:2  221 222 589824
221:3  221 222 3612672
221:4  221 222 1605632
221:59  221 222 903168
221:60  221 222 401408
221:67  221 222 150528
222:0  222 223 12845056
226:0  226 227 12845056
227:0  227 228 6422528
227:1  227 228 1605632
227:2  227 228 65536
227:3  227 228 602112
229:0  229 230 12845056
230:0  230 231 6422528
230:1  230 231 589824
230:2  230 231 14450688
230:3  230 231 3612672
230:4  230 231 1605632
230:11  230 231 12288
234:0  234 235 12845056
235:0  235 236 6422528
235:1  235 236 65536
235:2  235 236 1605632
235:3  235 236 24576
238:0  238 239 1605632
239:0  239 240 1605632
241:0  241 242 1605632
245:0  245 246 1605632
246:0  246 247 1605632
246:1  246 247 9633792
246:2  246 247 98304
246:3  246 247 2408448
246:4  246 247 401408
246:11  246 247 301056
248:0  248 249 1605632
249:0  249 250 1605632
249:1  249 250 98304
249:2  249 250 9633792
249:3  249 250 6144
257:0  257 258 4816896
257:1  257 258 10838016
257:2  257 258 331776
257:3  257 258 2709504
257:4  257 258 1204224
257:59  257 258 677376
257:60  257 258 301056
257:67  257 258 150528
263:0  263 264 4816896
263:1  263 264 1204224
263:2  263 264 36864
263:3  263 264 602112
266:0  266 267 4816896
266:1  266 267 331776
266:2  266 267 10838016
266:3  266 267 2709504
266:4  266 267 1204224
266:11  266 267 9216
271:0  271 272 4816896
271:1  271 272 36864
271:2  271 272 1204224
271:3  271 272 18432
274:0  274 275 1204224
275:0  275 276 1204224
277:0  277 278 1204224
281:0  281 282 1204224
282:0  282 283 1204224
282:1  282 283 9633792
282:2  282 283 73728
282:3  282 283 602112
284:0  284 285 1204224
285:0  285 286 1204224
285:1  285 286 73728
285:2  285 286 9633792
285:3  285 286 4608
293:0  293 294 4816896
293:1  293 294 10838016
293:2  293 294 331776
293:3  293 294 2709504
293:4  293 294 1204224
293:59  293 294 677376
293:60  293 294 301056
293:67  293 294 150528
299:0  299 300 4816896
299:1  299 300 1204224
299:2  299 300 36864
299:3  299 300 602112
302:0  302 303 4816896
302:1  302 303 331776
302:2  302 303 10838016
302:3  302 303 2709504
302:4  302 303 1204224
302:11  302 303 9216
307:0  307 308 4816896
307:1  307 308 36864
307:2  307 308 1204224
307:3  307 308 18432
310:0  310 311 1204224
311:0  311 312 1204224
313:0  313 314 1204224
317:0  317 318 1204224
318:0  318 319 1204224
318:1  318 319 6422528
318:2  318 319 49152
318:3  318 319 602112
320:0  320 321 1204224
321:0  321 322 1204224
321:1  321 322 49152
321:2  321 322 6422528
321:3  321 322 4608
329:0  329 330 3211264
329:1  329 330 7225344
329:2  329 330 147456
329:3  329 330 1806336
329:4  329 330 802816
329:11  329 330 301056
335:0  335 336 3211264
335:1  335 336 802816
335:2  335 336 16384
335:3  335 336 602112
338:0  338 339 3211264
338:1  338 339 147456
338:2  338 339 7225344
338:3  338 339 12288
343:0  343 344 3211264
343:1  343 344 16384
343:2  343 344 802816
343:3  343 344 12288
346:0  346 347 802816
347:0  347 348 802816
349:0  349 350 802816
353:0  353 354 802816
354:0  354 355 802816
354:1  354 355 6422528
354:2  354 355 32768
354:3  354 355 602112
356:0  356 357 802816
357:0  357 358 802816
357:1  357 358 32768
357:2  357 358 6422528
357:3  357 358 3072
363:0  363 364 6422528
407:0  407 408 25690112
411:0  411 412 25690112
412:0  412 413 12845056
412:1  412 413 28901376
412:2  412 413 147456
412:3  412 413 7225344
412:4  412 413 3211264
412:11  412 413 1204224
413:0  413 414 25690112
417:0  417 418 25690112
418:0  418 419 12845056
418:1  418 419 3211264
418:2  418 419 16384
418:3  418 419 2408448
420:0  420 421 25690112
421:0  421 422 12845056
421:1  421 422 147456
421:2  421 422 28901376
421:3  421 422 12288
425:0  425 426 25690112
426:0  426 427 12845056
426:1  426 427 16384
426:2  426 427 3211264
426:3  426 427 12288
429:0  429 430 3211264
430:0  430 431 3211264
432:0  432 433 3211264
436:0  436 437 3211264
437:0  437 438 3211264
437:1  437 438 12845056
437:2  437 438 16384
437:3  437 438 2408448
439:0  439 440 3211264
440:0  440 441 3211264
440:1  440 441 16384
440:2  440 441 12845056
440:3  440 441 3072
448:0  448 449 6422528
448:1  448 449 14450688
448:2  448 449 36864
448:3  448 449 2408448
454:0  454 455 6422528
454:1  454 455 1605632
454:2  454 455 4096
454:3  454 455 2408448
457:0  457 458 6422528
457:1  457 458 36864
457:2  457 458 14450688
457:3  457 458 6144
462:0  462 463 6422528
462:1  462 463 4096
462:2  462 463 1605632
462:3  462 463 6144
465:0  465 466 1605632
466:0  466 467 1605632
468:0  468 469 1605632
472:0  472 473 1605632
473:0  473 474 1605632
473:1  473 474 12845056
473:2  473 474 8192
473:3  473 474 2408448
475:0  475 476 1605632
476:0  476 477 1605632
476:1  476 477 8192
476:2  476 477 12845056
476:3  476 477 1536
484:0  484 485 6422528
484:1  484 485 14450688
484:2  484 485 36864
484:3  484 485 2408448
490:0  490 491 6422528
490:1  490 491 1605632
490:2  490 491 4096
490:3  490 491 2408448
493:0  493 494 6422528
493:1  493 494 36864
493:2  493 494 14450688
493:3  493 494 6144
498:0  498 499 6422528
498:1  498 499 4096
498:2  498 499 1605632
498:3  498 499 6144
501:0  501 502 1605632
502:0  502 503 1605632
504:0  504 505 1605632
508:0  508 509 1605632
509:0  509 510 1605632
509:1  509 510 9633792
509:2  509 510 6144
509:3  509 510 2408448
511:0  511 512 1605632
512:0  512 513 1605632
512:1  512 513 6144
512:2  512 513 9633792
512:3  512 513 1536
518:0  518 519 9633792
562:0  562 563 38535168
566:0  566 567 38535168
567:0  567 568 38535168
567:1  567 568 59006976
567:2  567 568 56448
567:3  567 568 9633792
0  0 2 4816896
1  1 3 6422528
2  2 568 59006976
3  3 5 56448
4  4 6 38535168
5  5 549 38535168
6  6 550 9633792
7  7 510 9633792
8  8 10 6144
9  9 11 1605632
10  10 15 1605632
11  11 491 1605632
12  12 14 4096
13  13 18 6422528
14  14 485 14450688
15  15 17 36864
16  16 18 6422528
17  17 19 12845056
18  18 474 12845056
19  19 21 8192
20  20 22 1605632
21  21 26 1605632
22  22 455 1605632
23  23 25 4096
24  24 29 6422528
25  25 449 14450688
26  26 28 36864
27  27 29 6422528
28  28 30 12845056
29  29 438 12845056
30  30 32 16384
31  31 33 3211264
32  32 37 3211264
33  33 419 3211264
34  34 36 16384
35  35 40 12845056
36  36 413 28901376
37  37 39 147456
38  38 40 12845056
39  39 394 25690112
40  40 395 6422528
41  41 355 6422528
42  42 44 32768
43  43 45 802816
44  44 49 802816
45  45 336 802816
46  46 48 16384
47  47 52 3211264
48  48 330 7225344
49  49 51 147456
50  50 52 3211264
51  51 53 6422528
52  52 319 6422528
53  53 55 49152
54  54 56 1204224
55  55 60 1204224
56  56 300 1204224
57  57 59 36864
58  58 63 4816896
59  59 294 10838016
60  60 62 331776
61  61 63 4816896
62  62 64 9633792
63  63 283 9633792
64  64 66 73728
65  65 67 1204224
66  66 71 1204224
67  67 264 1204224
68  68 70 36864
69  69 74 4816896
70  70 258 10838016
71  71 73 331776
72  72 74 4816896
73  73 75 9633792
74  74 247 9633792
75  75 77 98304
76  76 78 1605632
77  77 82 1605632
78  78 228 1605632
79  79 81 65536
80  80 85 6422528
81  81 222 14450688
82  82 84 589824
83  83 85 6422528
84  84 203 12845056
85  85 204 3211264
86  86 164 3211264
87  87 89 131072
88  88 90 401408
89  89 94 401408
90  90 145 401408
91  91 93 65536
92  92 97 1605632
93  93 139 3612672
94  94 96 589824
95  95 97 1605632
96  96 98 3211264
97  97 128 802816
98  98 100 20480
99  99 101 15680
100  100 102 18816
101  101 119 384
102  102 104 64
103  103 106 64
104  104 107 64
105  105 107 64
106  106 109 64
107  107 111 384
108  108 110 128
109  109 111 384
110  110 118 384
111  111 113 64
112  112 114 64
113  113 115 64
114  114 116 64
115  115 117 320
116  116 118 384
117  117 120 384
118  118 120 384
119  119 121 384
120  120 122 3073280
121  121 130 15680
122  122 124 15680
123  123 125 1984
124  124 126 1984
125  125 569 64
126  126 128 15680
127  127 570 20480
128  128 131 20480
129  129 131 15680
130  130 132 802816
131  131 133 3211264
132  132 152 3211264
133  133 135 1605632
134  134 136 200704
135  135 137 200704
136  136 571 1024
137  137 139 1605632
138  138 572 589824
139  139 141 1605632
140  140 142 200704
141  141 143 200704
142  142 573 1024
143  143 145 1605632
144  144 574 65536
145  145 148 589824
146  146 148 1605632
147  147 149 3612672
148  148 150 3612672
149  149 156 401408
150  150 153 65536
151  151 153 1605632
152  152 154 401408
153  153 155 401408
154  154 157 401408
155  155 158 401408
156  156 158 401408
157  157 166 401408
158  158 160 401408
159  159 161 50176
160  160 162 50176
161  161 575 256
162  162 164 401408
163  163 576 131072
164  164 167 131072
165  165 167 401408
166  166 168 3211264
167  167 169 3211264
168  168 173 3211264
169  169 171 3211264
170  170 172 3211264
171  171 174 3211264
172  172 206 3211264
173  173 207 3211264
174  174 176 3211264
175  175 177 3211264
176  176 178 3211264
177  177 208 3211264
178  178 180 3211264
179  179 181 3211264
180  180 182 3211264
181  181 209 3211264
182  182 184 3211264
183  183 185 3211264
184  184 186 3211264
185  185 210 3211264
186  186 188 3211264
187  187 189 3211264
188  188 190 3211264
189  189 211 3211264
190  190 192 3211264
191  191 193 3211264
192  192 194 3211264
193  193 212 3211264
194  194 196 3211264
195  195 197 3211264
196  196 198 3211264
197  197 213 3211264
198  198 200 3211264
199  199 201 3211264
200  200 202 3211264
201  201 214 3211264
202  202 204 3211264
203  203 205 3211264
204  204 206 3211264
205  205 215 3211264
206  206 216 12845056
207  207 216 12845056
208  208 216 12845056
209  209 216 12845056
210  210 216 12845056
211  211 216 12845056
212  212 216 12845056
213  213 216 12845056
214  214 216 12845056
215  215 235 12845056
216  216 218 6422528
217  217 219 802816
218  218 220 802816
219  219 577 1024
220  220 222 6422528
221  221 578 589824
222  222 224 6422528
223  223 225 802816
224  224 226 802816
225  225 579 1024
226  226 228 6422528
227  227 580 65536
228  228 231 589824
229  229 231 6422528
230  230 232 14450688
231  231 233 14450688
232  232 239 1605632
233  233 236 65536
234  234 236 6422528
235  235 237 1605632
236  236 238 1605632
237  237 240 1605632
238  238 241 1605632
239  239 241 1605632
240  240 249 1605632
241  241 243 1605632
242  242 244 200704
243  243 245 200704
244  244 581 256
245  245 247 1605632
246  246 582 98304
247  247 250 98304
248  248 250 1605632
249  249 251 9633792
250  250 252 9633792
251  251 271 9633792
252  252 254 4816896
253  253 255 602112
254  254 256 602112
255  255 583 768
256  256 258 4816896
257  257 584 331776
258  258 260 4816896
259  259 261 602112
260  260 262 602112
261  261 585 768
262  262 264 4816896
263  263 586 36864
264  264 267 331776
265  265 267 4816896
266  266 268 10838016
267  267 269 10838016
268  268 275 1204224
269  269 272 36864
270  270 272 4816896
271  271 273 1204224
272  272 274 1204224
273  273 276 1204224
274  274 277 1204224
275  275 277 1204224
276  276 285 1204224
277  277 279 1204224
278  278 280 150528
279  279 281 150528
280  280 587 192
281  281 283 1204224
282  282 588 73728
283  283 286 73728
284  284 286 1204224
285  285 287 9633792
286  286 288 9633792
287  287 307 9633792
288  288 290 4816896
289  289 291 602112
290  290 292 602112
291  291 589 768
292  292 294 4816896
293  293 590 331776
294  294 296 4816896
295  295 297 602112
296  296 298 602112
297  297 591 768
298  298 300 4816896
299  299 592 36864
300  300 303 331776
301  301 303 4816896
302  302 304 10838016
303  303 305 10838016
304  304 311 1204224
305  305 308 36864
306  306 308 4816896
307  307 309 1204224
308  308 310 1204224
309  309 312 1204224
310  310 313 1204224
311  311 313 1204224
312  312 321 1204224
313  313 315 1204224
314  314 316 150528
315  315 317 150528
316  316 593 192
317  317 319 1204224
318  318 594 49152
319  319 322 49152
320  320 322 1204224
321  321 323 6422528
322  322 324 6422528
323  323 343 6422528
324  324 326 3211264
325  325 327 401408
326  326 328 401408
327  327 595 512
328  328 330 3211264
329  329 596 147456
330  330 332 3211264
331  331 333 401408
332  332 334 401408
333  333 597 512
334  334 336 3211264
335  335 598 16384
336  336 339 147456
337  337 339 3211264
338  338 340 7225344
339  339 341 7225344
340  340 347 802816
341  341 344 16384
342  342 344 3211264
343  343 345 802816
344  344 346 802816
345  345 348 802816
346  346 349 802816
347  347 349 802816
348  348 357 802816
349  349 351 802816
350  350 352 100352
351  351 353 100352
352  352 599 128
353  353 355 802816
354  354 600 32768
355  355 358 32768
356  356 358 802816
357  357 359 6422528
358  358 360 6422528
359  359 364 6422528
360  360 362 6422528
361  361 363 6422528
362  362 365 6422528
363  363 397 6422528
364  364 398 6422528
365  365 367 6422528
366  366 368 6422528
367  367 369 6422528
368  368 399 6422528
369  369 371 6422528
370  370 372 6422528
371  371 373 6422528
372  372 400 6422528
373  373 375 6422528
374  374 376 6422528
375  375 377 6422528
376  376 401 6422528
377  377 379 6422528
378  378 380 6422528
379  379 381 6422528
380  380 402 6422528
381  381 383 6422528
382  382 384 6422528
383  383 385 6422528
384  384 403 6422528
385  385 387 6422528
386  386 388 6422528
387  387 389 6422528
388  388 404 6422528
389  389 391 6422528
390  390 392 6422528
391  391 393 6422528
392  392 405 6422528
393  393 395 6422528
394  394 396 6422528
395  395 397 6422528
396  396 406 6422528
397  397 407 25690112
398  398 407 25690112
399  399 407 25690112
400  400 407 25690112
401  401 407 25690112
402  402 407 25690112
403  403 407 25690112
404  404 407 25690112
405  405 407 25690112
406  406 426 25690112
407  407 409 12845056
408  408 410 1605632
409  409 411 1605632
410  410 601 512
411  411 413 12845056
412  412 602 147456
413  413 415 12845056
414  414 416 1605632
415  415 417 1605632
416  416 603 512
417  417 419 12845056
418  418 604 16384
419  419 422 147456
420  420 422 12845056
421  421 423 28901376
422  422 424 28901376
423  423 430 3211264
424  424 427 16384
425  425 427 12845056
426  426 428 3211264
427  427 429 3211264
428  428 431 3211264
429  429 432 3211264
430  430 432 3211264
431  431 440 3211264
432  432 434 3211264
433  433 435 401408
434  434 436 401408
435  435 605 128
436  436 438 3211264
437  437 606 16384
438  438 441 16384
439  439 441 3211264
440  440 442 12845056
441  441 443 12845056
442  442 462 12845056
443  443 445 6422528
444  444 446 802816
445  445 447 802816
446  446 607 256
447  447 449 6422528
448  448 608 36864
449  449 451 6422528
450  450 452 802816
451  451 453 802816
452  452 609 256
453  453 455 6422528
454  454 610 4096
455  455 458 36864
456  456 458 6422528
457  457 459 14450688
458  458 460 14450688
459  459 466 1605632
460  460 463 4096
461  461 463 6422528
462  462 464 1605632
463  463 465 1605632
464  464 467 1605632
465  465 468 1605632
466  466 468 1605632
467  467 476 1605632
468  468 470 1605632
469  469 471 200704
470  470 472 200704
471  471 611 64
472  472 474 1605632
473  473 612 8192
474  474 477 8192
475  475 477 1605632
476  476 478 12845056
477  477 479 12845056
478  478 498 12845056
479  479 481 6422528
480  480 482 802816
481  481 483 802816
482  482 613 256
483  483 485 6422528
484  484 614 36864
485  485 487 6422528
486  486 488 802816
487  487 489 802816
488  488 615 256
489  489 491 6422528
490  490 616 4096
491  491 494 36864
492  492 494 6422528
493  493 495 14450688
494  494 496 14450688
495  495 502 1605632
496  496 499 4096
497  497 499 6422528
498  498 500 1605632
499  499 501 1605632
500  500 503 1605632
501  501 504 1605632
502  502 504 1605632
503  503 512 1605632
504  504 506 1605632
505  505 507 200704
506  506 508 200704
507  507 617 64
508  508 510 1605632
509  509 618 6144
510  510 513 6144
511  511 513 1605632
512  512 514 9633792
513  513 515 9633792
514  514 519 9633792
515  515 517 9633792
516  516 518 9633792
517  517 520 9633792
518  518 552 9633792
519  519 553 9633792
520  520 522 9633792
521  521 523 9633792
522  522 524 9633792
523  523 554 9633792
524  524 526 9633792
525  525 527 9633792
526  526 528 9633792
527  527 555 9633792
528  528 530 9633792
529  529 531 9633792
530  530 532 9633792
531  531 556 9633792
532  532 534 9633792
533  533 535 9633792
534  534 536 9633792
535  535 557 9633792
536  536 538 9633792
537  537 539 9633792
538  538 540 9633792
539  539 558 9633792
540  540 542 9633792
541  541 543 9633792
542  542 544 9633792
543  543 559 9633792
544  544 546 9633792
545  545 547 9633792
546  546 548 9633792
547  547 560 9633792
548  548 550 9633792
549  549 551 9633792
550  550 552 9633792
551  551 561 9633792
552  552 562 38535168
553  553 562 38535168
554  554 562 38535168
555  555 562 38535168
556  556 562 38535168
557  557 562 38535168
558  558 562 38535168
559  559 562 38535168
560  560 562 38535168
561  561 567 38535168
562  562 564 38535168
563  563 565 4816896
564  564 566 4816896
565  565 619 384
566  566 568 38535168
567  567 620 56448
568  568 620 64
569  569 620 20480
570  570 620 1024
571  571 620 589824
572  572 620 1024
573  573 620 65536
574  574 620 256
575  575 620 131072
576  576 620 1024
577  577 620 589824
578  578 620 1024
579  579 620 65536
580  580 620 256
581  581 620 98304
582  582 620 768
583  583 620 331776
584  584 620 768
585  585 620 36864
586  586 620 192
587  587 620 73728
588  588 620 768
589  589 620 331776
590  590 620 768
591  591 620 36864
592  592 620 192
593  593 620 49152
594  594 620 512
595  595 620 147456
596  596 620 512
597  597 620 16384
598  598 620 128
599  599 620 32768
600  600 620 512
601  601 620 147456
602  602 620 512
603  603 620 16384
604  604 620 128
605  605 620 16384
606  606 620 256
607  607 620 36864
608  608 620 256
609  609 620 4096
610  610 620 64
611  611 620 8192
612  612 620 256
613  613 620 36864
614  614 620 256
615  615 620 4096
616  616 620 64
617  617 620 6144
618  618 620 384
619  619 620 56448
