2:0  2 3 6623232
4:0  4 5 56448
4:1  4 5 81686528
4:2  4 5 52985856
4:3  4 5 14144
5:0  5 6 52985856
7:0  7 8 13246464
9:0  9 10 6144
9:1  9 10 13246464
9:2  9 10 2207744
9:3  9 10 9216
10:0  10 11 2207744
11:0  11 12 2207744
13:0  13 14 4096
13:1  13 14 2207744
13:2  13 14 8830976
13:3  13 14 1536
14:0  14 15 2207744
16:0  16 17 36864
16:1  16 17 19869696
16:2  16 17 8830976
16:3  16 17 13824
17:0  17 18 17661952
18:0  18 19 17661952
20:0  20 21 8192
20:1  20 21 17661952
20:2  20 21 2207744
20:3  20 21 12288
21:0  21 22 2207744
22:0  22 23 2207744
24:0  24 25 4096
24:1  24 25 2207744
24:2  24 25 8830976
24:3  24 25 1536
25:0  25 26 2207744
27:0  27 28 36864
27:1  27 28 19869696
27:2  27 28 8830976
27:3  27 28 13824
28:0  28 29 17661952
29:0  29 30 17661952
31:0  31 32 16384
31:1  31 32 17661952
31:2  31 32 4415488
31:3  31 32 12288
32:0  32 33 4415488
33:0  33 34 4415488
35:0  35 36 16384
35:1  35 36 4415488
35:2  35 36 17661952
35:3  35 36 3072
36:0  36 37 4415488
38:0  38 39 147456
38:1  38 39 39739392
38:2  38 39 17661952
38:3  38 39 9932544
38:4  38 39 36864
38:11  38 39 13824
38:12  38 39 27648
39:0  39 40 35323904
41:0  41 42 8830976
43:0  43 44 32768
43:1  43 44 8830976
43:2  43 44 1103872
43:3  43 44 24576
44:0  44 45 1103872
45:0  45 46 1103872
47:0  47 48 16384
47:1  47 48 1103872
47:2  47 48 4415488
47:3  47 48 3072
48:0  48 49 1103872
50:0  50 51 147456
50:1  50 51 9934848
50:2  50 51 4415488
50:3  50 51 2481408
50:4  50 51 36864
50:11  50 51 13824
50:12  50 51 27648
51:0  51 52 8830976
52:0  52 53 8830976
54:0  54 55 49152
54:1  54 55 8830976
54:2  54 55 1655808
54:3  54 55 24576
55:0  55 56 1655808
56:0  56 57 1655808
58:0  58 59 36864
58:1  58 59 1655808
58:2  58 59 6623232
58:3  58 59 4608
59:0  59 60 1655808
61:0  61 62 331776
61:1  61 62 14902272
61:2  61 62 6623232
61:3  61 62 3722112
61:4  61 62 82944
61:65  61 62 927936
61:66  61 62 20736
61:73  61 62 10368
61:74  61 62 20736
61:75  61 62 41472
62:0  62 63 13246464
63:0  63 64 13246464
65:0  65 66 73728
65:1  65 66 13246464
65:2  65 66 1655808
65:3  65 66 36864
66:0  66 67 1655808
67:0  67 68 1655808
69:0  69 70 36864
69:1  69 70 1655808
69:2  69 70 6623232
69:3  69 70 4608
70:0  70 71 1655808
72:0  72 73 331776
72:1  72 73 14902272
72:2  72 73 6623232
72:3  72 73 3722112
72:4  72 73 82944
72:65  72 73 927936
72:66  72 73 20736
72:73  72 73 10368
72:74  72 73 20736
72:75  72 73 41472
73:0  73 74 13246464
74:0  74 75 13246464
76:0  76 77 98304
76:1  76 77 13246464
76:2  76 77 2207744
76:3  76 77 36864
77:0  77 78 2207744
78:0  78 79 2207744
80:0  80 81 65536
80:1  80 81 2207744
80:2  80 81 8830976
80:3  80 81 6144
81:0  81 82 2207744
83:0  83 84 589824
83:1  83 84 19869696
83:2  83 84 8830976
83:3  83 84 4962816
83:4  83 84 147456
83:65  83 84 1237248
83:66  83 84 36864
83:73  83 84 13824
83:74  83 84 27648
83:75  83 84 55296
84:0  84 85 17661952
86:0  86 87 4415488
88:0  88 89 131072
88:1  88 89 4415488
88:2  88 89 551936
88:3  88 89 1093632
88:4  88 89 32768
88:11  88 89 24576
88:12  88 89 49152
89:0  89 90 551936
90:0  90 91 551936
92:0  92 93 65536
92:1  92 93 551936
92:2  92 93 2207744
92:3  92 93 6144
93:0  93 94 551936
95:0  95 96 589824
95:1  95 96 4967424
95:2  95 96 2207744
95:3  95 96 1230336
95:4  95 96 147456
95:65  95 96 304128
95:66  95 96 36864
95:73  95 96 13824
95:74  95 96 27648
95:75  95 96 55296
96:0  96 97 4415488
97:0  97 98 4415488
99:0  99 100 24576
99:1  99 100 1103872
99:2  99 100 25920
99:3  99 620 64
99:4  99 100 49152
100:0  100 101 21568
109:0  109 110 448
109:1  109 110 64
120:0  120 121 448
127:0  127 128 25920
127:1  127 128 1105920
127:2  127 128 24576
127:3  127 128 51776
130:0  130 131 21632
130:1  130 131 24576
130:2  130 131 1105920
130:3  130 131 960
138:0  138 139 2207744
138:1  138 139 4967424
138:2  138 139 589824
138:3  138 139 206976
144:0  144 145 2207744
144:1  144 145 551936
144:2  144 145 65536
144:3  144 145 206976
147:0  147 148 2207744
147:1  147 148 589824
147:2  147 148 4967424
147:3  147 148 1239552
147:4  147 148 550912
147:11  147 148 12288
147:12  147 148 24576
152:0  152 153 2207744
152:1  152 153 65536
152:2  152 153 551936
152:3  152 153 24576
155:0  155 156 551936
156:0  156 157 551936
158:0  158 159 551936
162:0  162 163 551936
163:0  163 164 551936
163:1  163 164 4415488
163:2  163 164 131072
163:3  163 164 206976
165:0  165 166 551936
166:0  166 167 551936
166:1  166 167 131072
166:2  166 167 4415488
166:3  166 167 6144
172:0  172 173 4415488
216:0  216 217 17661952
220:0  220 221 17661952
221:0  221 222 8830976
221:1  221 222 19869696
221:2  221 222 589824
221:3  221 222 4967424
221:4  221 222 2207744
221:59  221 222 1241856
221:60  221 222 551936
221:67  221 222 206976
222:0  222 223 17661952
226:0  226 227 17661952
227:0  227 228 8830976
227:1  227 228 2207744
227:2  227 228 65536
227:3  227 228 827904
229:0  229 230 17661952
230:0  230 231 8830976
230:1  230 231 589824
230:2  230 231 19869696
230:3  230 231 4967424
230:4  230 231 2207744
230:11  230 231 12288
234:0  234 235 17661952
235:0  235 236 8830976
235:1  235 236 65536
235:2  235 236 2207744
235:3  235 236 24576
238:0  238 239 2207744
239:0  239 240 2207744
241:0  241 242 2207744
245:0  245 246 2207744
246:0  246 247 2207744
246:1  246 247 13246464
246:2  246 247 98304
246:3  246 247 3311616
246:4  246 247 551936
246:11  246 247 413952
248:0  248 249 2207744
249:0  249 250 2207744
249:1  249 250 98304
249:2  249 250 13246464
249:3  249 250 6144
257:0  257 258 6623232
257:1  257 258 14902272
257:2  257 258 331776
257:3  257 258 3725568
257:4  257 258 1655808
257:59  257 258 931392
257:60  257 258 413952
257:67  257 258 206976
263:0  263 264 6623232
263:1  263 264 1655808
263:2  263 264 36864
263:3  263 264 827904
266:0  266 267 6623232
266:1  266 267 331776
266:2  266 267 14902272
266:3  266 267 3725568
266:4  266 267 1655808
266:11  266 267 9216
271:0  271 272 6623232
271:1  271 272 36864
271:2  271 272 1655808
271:3  271 272 18432
274:0  274 275 1655808
275:0  275 276 1655808
277:0  277 278 1655808
281:0  281 282 1655808
282:0  282 283 1655808
282:1  282 283 13246464
282:2  282 283 73728
282:3  282 283 827904
284:0  284 285 1655808
285:0  285 286 1655808
285:1  285 286 73728
285:2  285 286 13246464
285:3  285 286 4608
293:0  293 294 6623232
293:1  293 294 14902272
293:2  293 294 331776
293:3  293 294 3725568
293:4  293 294 1655808
293:59  293 294 931392
293:60  293 294 413952
293:67  293 294 206976
299:0  299 300 6623232
299:1  299 300 1655808
299:2  299 300 36864
299:3  299 300 827904
302:0  302 303 6623232
302:1  302 303 331776
302:2  302 303 14902272
302:3  302 303 3725568
302:4  302 303 1655808
302:11  302 303 9216
307:0  307 308 6623232
307:1  307 308 36864
307:2  307 308 1655808
307:3  307 308 18432
310:0  310 311 1655808
311:0  311 312 1655808
313:0  313 314 1655808
317:0  317 318 1655808
318:0  318 319 1655808
318:1  318 319 8830976
318:2  318 319 49152
318:3  318 319 827904
320:0  320 321 1655808
321:0  321 322 1655808
321:1  321 322 49152
321:2  321 322 8830976
321:3  321 322 4608
329:0  329 330 4415488
329:1  329 330 9934848
329:2  329 330 147456
329:3  329 330 2483712
329:4  329 330 1103872
329:11  329 330 413952
335:0  335 336 4415488
335:1  335 336 1103872
335:2  335 336 16384
335:3  335 336 827904
338:0  338 339 4415488
338:1  338 339 147456
338:2  338 339 9934848
338:3  338 339 12288
343:0  343 344 4415488
343:1  343 344 16384
343:2  343 344 1103872
343:3  343 344 12288
346:0  346 347 1103872
347:0  347 348 1103872
349:0  349 350 1103872
353:0  353 354 1103872
354:0  354 355 1103872
354:1  354 355 8830976
354:2  354 355 32768
354:3  354 355 827904
356:0  356 357 1103872
357:0  357 358 1103872
357:1  357 358 32768
357:2  357 358 8830976
357:3  357 358 3072
363:0  363 364 8830976
407:0  407 408 35323904
411:0  411 412 35323904
412:0  412 413 17661952
412:1  412 413 39739392
412:2  412 413 147456
412:3  412 413 9934848
412:4  412 413 4415488
412:11  412 413 1655808
413:0  413 414 35323904
417:0  417 418 35323904
418:0  418 419 17661952
418:1  418 419 4415488
418:2  418 419 16384
418:3  418 419 3311616
420:0  420 421 35323904
421:0  421 422 17661952
421:1  421 422 147456
421:2  421 422 39739392
421:3  421 422 12288
425:0  425 426 35323904
426:0  426 427 17661952
426:1  426 427 16384
426:2  426 427 4415488
426:3  426 427 12288
429:0  429 430 4415488
430:0  430 431 4415488
432:0  432 433 4415488
436:0  436 437 4415488
437:0  437 438 4415488
437:1  437 438 17661952
437:2  437 438 16384
437:3  437 438 3311616
439:0  439 440 4415488
440:0  440 441 4415488
440:1  440 441 16384
440:2  440 441 17661952
440:3  440 441 3072
448:0  448 449 8830976
448:1  448 449 19869696
448:2  448 449 36864
448:3  448 449 3311616
454:0  454 455 8830976
454:1  454 455 2207744
454:2  454 455 4096
454:3  454 455 3311616
457:0  457 458 8830976
457:1  457 458 36864
457:2  457 458 19869696
457:3  457 458 6144
462:0  462 463 8830976
462:1  462 463 4096
462:2  462 463 2207744
462:3  462 463 6144
465:0  465 466 2207744
466:0  466 467 2207744
468:0  468 469 2207744
472:0  472 473 2207744
473:0  473 474 2207744
473:1  473 474 17661952
473:2  473 474 8192
473:3  473 474 3311616
475:0  475 476 2207744
476:0  476 477 2207744
476:1  476 477 8192
476:2  476 477 17661952
476:3  476 477 1536
484:0  484 485 8830976
484:1  484 485 19869696
484:2  484 485 36864
484:3  484 485 3311616
490:0  490 491 8830976
490:1  490 491 2207744
490:2  490 491 4096
490:3  490 491 3311616
493:0  493 494 8830976
493:1  493 494 36864
493:2  493 494 19869696
493:3  493 494 6144
498:0  498 499 8830976
498:1  498 499 4096
498:2  498 499 2207744
498:3  498 499 6144
501:0  501 502 2207744
502:0  502 503 2207744
504:0  504 505 2207744
508:0  508 509 2207744
509:0  509 510 2207744
509:1  509 510 13246464
509:2  509 510 6144
509:3  509 510 3311616
511:0  511 512 2207744
512:0  512 513 2207744
512:1  512 513 6144
512:2  512 513 13246464
512:3  512 513 1536
518:0  518 519 13246464
562:0  562 563 52985856
566:0  566 567 52985856
567:0  567 568 52985856
567:1  567 568 81134592
567:2  567 568 56448
567:3  567 568 13246464
0  0 2 6623232
1  1 3 8830976
2  2 568 81134592
3  3 5 56448
4  4 6 52985856
5  5 549 52985856
6  6 550 13246464
7  7 510 13246464
8  8 10 6144
9  9 11 2207744
10  10 15 2207744
11  11 491 2207744
12  12 14 4096
13  13 18 8830976
14  14 485 19869696
15  15 17 36864
16  16 18 8830976
17  17 19 17661952
18  18 474 17661952
19  19 21 8192
20  20 22 2207744
21  21 26 2207744
22  22 455 2207744
23  23 25 4096
24  24 29 8830976
25  25 449 19869696
26  26 28 36864
27  27 29 8830976
28  28 30 17661952
29  29 438 17661952
30  30 32 16384
31  31 33 4415488
32  32 37 4415488
33  33 419 4415488
34  34 36 16384
35  35 40 17661952
36  36 413 39739392
37  37 39 147456
38  38 40 17661952
39  39 394 35323904
40  40 395 8830976
41  41 355 8830976
42  42 44 32768
43  43 45 1103872
44  44 49 1103872
45  45 336 1103872
46  46 48 16384
47  47 52 4415488
48  48 330 9934848
49  49 51 147456
50  50 52 4415488
51  51 53 8830976
52  52 319 8830976
53  53 55 49152
54  54 56 1655808
55  55 60 1655808
56  56 300 1655808
57  57 59 36864
58  58 63 6623232
59  59 294 14902272
60  60 62 331776
61  61 63 6623232
62  62 64 13246464
63  63 283 13246464
64  64 66 73728
65  65 67 1655808
66  66 71 1655808
67  67 264 1655808
68  68 70 36864
69  69 74 6623232
70  70 258 14902272
71  71 73 331776
72  72 74 6623232
73  73 75 13246464
74  74 247 13246464
75  75 77 98304
76  76 78 2207744
77  77 82 2207744
78  78 228 2207744
79  79 81 65536
80  80 85 8830976
81  81 222 19869696
82  82 84 589824
83  83 85 8830976
84  84 203 17661952
85  85 204 4415488
86  86 164 4415488
87  87 89 131072
88  88 90 551936
89  89 94 551936
90  90 145 551936
91  91 93 65536
92  92 97 2207744
93  93 139 4967424
94  94 96 589824
95  95 97 2207744
96  96 98 4415488
97  97 128 1103872
98  98 100 20480
99  99 101 21568
100  100 102 25920
101  101 119 576
102  102 104 64
103  103 106 64
104  104 107 64
105  105 107 64
106  106 109 64
107  107 111 576
108  108 110 192
109  109 111 576
110  110 118 576
111  111 113 64
112  112 114 64
113  113 115 64
114  114 116 64
115  115 117 448
116  116 118 576
117  117 120 576
118  118 120 576
119  119 121 576
120  120 122 4225792
121  121 130 21568
122  122 124 21568
123  123 125 1984
124  124 126 1984
125  125 569 64
126  126 128 21568
127  127 570 20480
128  128 131 20480
129  129 131 21568
130  130 132 1103872
131  131 133 4415488
132  132 152 4415488
133  133 135 2207744
134  134 136 200704
135  135 137 200704
136  136 571 1024
137  137 139 2207744
138  138 572 589824
139  139 141 2207744
140  140 142 200704
141  141 143 200704
142  142 573 1024
143  143 145 2207744
144  144 574 65536
145  145 148 589824
146  146 148 2207744
147  147 149 4967424
148  148 150 4967424
149  149 156 551936
150  150 153 65536
151  151 153 2207744
152  152 154 551936
153  153 155 551936
154  154 157 551936
155  155 158 551936
156  156 158 551936
157  157 166 551936
158  158 160 551936
159  159 161 50176
160  160 162 50176
161  161 575 256
162  162 164 551936
163  163 576 131072
164  164 167 131072
165  165 167 551936
166  166 168 4415488
167  167 169 4415488
168  168 173 4415488
169  169 171 4415488
170  170 172 4415488
171  171 174 4415488
172  172 206 4415488
173  173 207 4415488
174  174 176 4415488
175  175 177 4415488
176  176 178 4415488
177  177 208 4415488
178  178 180 4415488
179  179 181 4415488
180  180 182 4415488
181  181 209 4415488
182  182 184 4415488
183  183 185 4415488
184  184 186 4415488
185  185 210 4415488
186  186 188 4415488
187  187 189 4415488
188  188 190 4415488
189  189 211 4415488
190  190 192 4415488
191  191 193 4415488
192  192 194 4415488
193  193 212 4415488
194  194 196 4415488
195  195 197 4415488
196  196 198 4415488
197  197 213 4415488
198  198 200 4415488
199  199 201 4415488
200  200 202 4415488
201  201 214 4415488
202  202 204 4415488
203  203 205 4415488
204  204 206 4415488
205  205 215 4415488
206  206 216 17661952
207  207 216 17661952
208  208 216 17661952
209  209 216 17661952
210  210 216 17661952
211  211 216 17661952
212  212 216 17661952
213  213 216 17661952
214  214 216 17661952
215  215 235 17661952
216  216 218 8830976
217  217 219 802816
218  218 220 802816
219  219 577 1024
220  220 222 8830976
221  221 578 589824
222  222 224 8830976
223  223 225 802816
224  224 226 802816
225  225 579 1024
226  226 228 8830976
227  227 580 65536
228  228 231 589824
229  229 231 8830976
230  230 232 19869696
231  231 233 19869696
232  232 239 2207744
233  233 236 65536
234  234 236 8830976
235  235 237 2207744
236  236 238 2207744
237  237 240 2207744
238  238 241 2207744
239  239 241 2207744
240  240 249 2207744
241  241 243 2207744
242  242 244 200704
243  243 245 200704
244  244 581 256
245  245 247 2207744
246  246 582 98304
247  247 250 98304
248  248 250 2207744
249  249 251 13246464
250  250 252 13246464
251  251 271 13246464
252  252 254 6623232
253  253 255 602112
254  254 256 602112
255  255 583 768
256  256 258 6623232
257  257 584 331776
258  258 260 6623232
259  259 261 602112
260  260 262 602112
261  261 585 768
262  262 264 6623232
263  263 586 36864
264  264 267 331776
265  265 267 6623232
266  266 268 14902272
267  267 269 14902272
268  268 275 1655808
269  269 272 36864
270  270 272 6623232
271  271 273 1655808
272  272 274 1655808
273  273 276 1655808
274  274 277 1655808
275  275 277 1655808
276  276 285 1655808
277  277 279 1655808
278  278 280 150528
279  279 281 150528
280  280 587 192
281  281 283 1655808
282  282 588 73728
283  283 286 73728
284  284 286 1655808
285  285 287 13246464
286  286 288 13246464
287  287 307 13246464
288  288 290 6623232
289  289 291 602112
290  290 292 602112
291  291 589 768
292  292 294 6623232
293  293 590 331776
294  294 296 6623232
295  295 297 602112
296  296 298 602112
297  297 591 768
298  298 300 6623232
299  299 592 36864
300  300 303 331776
301  301 303 6623232
302  302 304 14902272
303  303 305 14902272
304  304 311 1655808
305  305 308 36864
306  306 308 6623232
307  307 309 1655808
308  308 310 1655808
309  309 312 1655808
310  310 313 1655808
311  311 313 1655808
312  312 321 1655808
313  313 315 1655808
314  314 316 150528
315  315 317 150528
316  316 593 192
317  317 319 1655808
318  318 594 49152
319  319 322 49152
320  320 322 1655808
321  321 323 8830976
322  322 324 8830976
323  323 343 8830976
324  324 326 4415488
325  325 327 401408
326  326 328 401408
327  327 595 512
328  328 330 4415488
329  329 596 147456
330  330 332 4415488
331  331 333 401408
332  332 334 401408
333  333 597 512
334  334 336 4415488
335  335 598 16384
336  336 339 147456
337  337 339 4415488
338  338 340 9934848
339  339 341 9934848
340  340 347 1103872
341  341 344 16384
342  342 344 4415488
343  343 345 1103872
344  344 346 1103872
345  345 348 1103872
346  346 349 1103872
347  347 349 1103872
348  348 357 1103872
349  349 351 1103872
350  350 352 100352
351  351 353 100352
352  352 599 128
353  353 355 1103872
354  354 600 32768
355  355 358 32768
356  356 358 1103872
357  357 359 8830976
358  358 360 8830976
359  359 364 8830976
360  360 362 8830976
361  361 363 8830976
362  362 365 8830976
363  363 397 8830976
364  364 398 8830976
365  365 367 8830976
366  366 368 8830976
367  367 369 8830976
368  368 399 8830976
369  369 371 8830976
370  370 372 8830976
371  371 373 8830976
372  372 400 8830976
373  373 375 8830976
374  374 376 8830976
375  375 377 8830976
376  376 401 8830976
377  377 379 8830976
378  378 380 8830976
379  379 381 8830976
380  380 402 8830976
381  381 383 8830976
382  382 384 8830976
383  383 385 8830976
384  384 403 8830976
385  385 387 8830976
386  386 388 8830976
387  387 389 8830976
388  388 404 8830976
389  389 391 8830976
390  390 392 8830976
391  391 393 8830976
392  392 405 8830976
393  393 395 8830976
394  394 396 8830976
395  395 397 8830976
396  396 406 8830976
397  397 407 35323904
398  398 407 35323904
399  399 407 35323904
400  400 407 35323904
401  401 407 35323904
402  402 407 35323904
403  403 407 35323904
404  404 407 35323904
405  405 407 35323904
406  406 426 35323904
407  407 409 17661952
408  408 410 1605632
409  409 411 1605632
410  410 601 512
411  411 413 17661952
412  412 602 147456
413  413 415 17661952
414  414 416 1605632
415  415 417 1605632
416  416 603 512
417  417 419 17661952
418  418 604 16384
419  419 422 147456
420  420 422 17661952
421  421 423 39739392
422  422 424 39739392
423  423 430 4415488
424  424 427 16384
425  425 427 17661952
426  426 428 4415488
427  427 429 4415488
428  428 431 4415488
429  429 432 4415488
430  430 432 4415488
431  431 440 4415488
432  432 434 4415488
433  433 435 401408
434  434 436 401408
435  435 605 128
436  436 438 4415488
437  437 606 16384
438  438 441 16384
439  439 441 4415488
440  440 442 17661952
441  441 443 17661952
442  442 462 17661952
443  443 445 8830976
444  444 446 802816
445  445 447 802816
446  446 607 256
447  447 449 8830976
448  448 608 36864
449  449 451 8830976
450  450 452 802816
451  451 453 802816
452  452 609 256
453  453 455 8830976
454  454 610 4096
455  455 458 36864
456  456 458 8830976
457  457 459 19869696
458  458 460 19869696
459  459 466 2207744
460  460 463 4096
461  461 463 8830976
462  462 464 2207744
463  463 465 2207744
464  464 467 2207744
465  465 468 2207744
466  466 468 2207744
467  467 476 2207744
468  468 470 2207744
469  469 471 200704
470  470 472 200704
471  471 611 64
472  472 474 2207744
473  473 612 8192
474  474 477 8192
475  475 477 2207744
476  476 478 17661952
477  477 479 17661952
478  478 498 17661952
479  479 481 8830976
480  480 482 802816
481  481 483 802816
482  482 613 256
483  483 485 8830976
484  484 614 36864
485  485 487 8830976
486  486 488 802816
487  487 489 802816
488  488 615 256
489  489 491 8830976
490  490 616 4096
491  491 494 36864
492  492 494 8830976
493  493 495 19869696
494  494 496 19869696
495  495 502 2207744
496  496 499 4096
497  497 499 8830976
498  498 500 2207744
499  499 501 2207744
500  500 503 2207744
501  501 504 2207744
502  502 504 2207744
503  503 512 2207744
504  504 506 2207744
505  505 507 200704
506  506 508 200704
507  507 617 64
508  508 510 2207744
509  509 618 6144
510  510 513 6144
511  511 513 2207744
512  512 514 13246464
513  513 515 13246464
514  514 519 13246464
515  515 517 13246464
516  516 518 13246464
517  517 520 13246464
518  518 552 13246464
519  519 553 13246464
520  520 522 13246464
521  521 523 13246464
522  522 524 13246464
523  523 554 13246464
524  524 526 13246464
525  525 527 13246464
526  526 528 13246464
527  527 555 13246464
528  528 530 13246464
529  529 531 13246464
530  530 532 13246464
531  531 556 13246464
532  532 534 13246464
533  533 535 13246464
534  534 536 13246464
535  535 557 13246464
536  536 538 13246464
537  537 539 13246464
538  538 540 13246464
539  539 558 13246464
540  540 542 13246464
541  541 543 13246464
542  542 544 13246464
543  543 559 13246464
544  544 546 13246464
545  545 547 13246464
546  546 548 13246464
547  547 560 13246464
548  548 550 13246464
549  549 551 13246464
550  550 552 13246464
551  551 561 13246464
552  552 562 52985856
553  553 562 52985856
554  554 562 52985856
555  555 562 52985856
556  556 562 52985856
557  557 562 52985856
558  558 562 52985856
559  559 562 52985856
560  560 562 52985856
561  561 567 52985856
562  562 564 52985856
563  563 565 4816896
564  564 566 4816896
565  565 619 384
566  566 568 52985856
567  567 620 56448
568  568 620 64
569  569 620 20480
570  570 620 1024
571  571 620 589824
572  572 620 1024
573  573 620 65536
574  574 620 256
575  575 620 131072
576  576 620 1024
577  577 620 589824
578  578 620 1024
579  579 620 65536
580  580 620 256
581  581 620 98304
582  582 620 768
583  583 620 331776
584  584 620 768
585  585 620 36864
586  586 620 192
587  587 620 73728
588  588 620 768
589  589 620 331776
590  590 620 768
591  591 620 36864
592  592 620 192
593  593 620 49152
594  594 620 512
595  595 620 147456
596  596 620 512
597  597 620 16384
598  598 620 128
599  599 620 32768
600  600 620 512
601  601 620 147456
602  602 620 512
603  603 620 16384
604  604 620 128
605  605 620 16384
606  606 620 256
607  607 620 36864
608  608 620 256
609  609 620 4096
610  610 620 64
611  611 620 8192
612  612 620 256
613  613 620 36864
614  614 620 256
615  615 620 4096
616  616 620 64
617  617 620 6144
618  618 620 384
619  619 620 56448
