2:0  2 3 3010560
4:0  4 5 56448
4:1  4 5 37130240
4:2  4 5 24084480
4:3  4 5 14144
5:0  5 6 24084480
7:0  7 8 6021120
9:0  9 10 6144
9:1  9 10 6021120
9:2  9 10 1003520
9:3  9 10 9216
10:0  10 11 1003520
11:0  11 12 1003520
13:0  13 14 4096
13:1  13 14 1003520
13:2  13 14 4014080
13:3  13 14 1536
14:0  14 15 1003520
16:0  16 17 36864
16:1  16 17 9031680
16:2  16 17 4014080
16:3  16 17 13824
17:0  17 18 8028160
18:0  18 19 8028160
20:0  20 21 8192
20:1  20 21 8028160
20:2  20 21 1003520
20:3  20 21 12288
21:0  21 22 1003520
22:0  22 23 1003520
24:0  24 25 4096
24:1  24 25 1003520
24:2  24 25 4014080
24:3  24 25 1536
25:0  25 26 1003520
27:0  27 28 36864
27:1  27 28 9031680
27:2  27 28 4014080
27:3  27 28 13824
28:0  28 29 8028160
29:0  29 30 8028160
31:0  31 32 16384
31:1  31 32 8028160
31:2  31 32 2007040
31:3  31 32 12288
32:0  32 33 2007040
33:0  33 34 2007040
35:0  35 36 16384
35:1  35 36 2007040
35:2  35 36 8028160
35:3  35 36 3072
36:0  36 37 2007040
38:0  38 39 147456
38:1  38 39 18063360
38:2  38 39 8028160
38:3  38 39 4513536
38:4  38 39 36864
38:11  38 39 13824
38:12  38 39 27648
39:0  39 40 16056320
41:0  41 42 4014080
43:0  43 44 32768
43:1  43 44 4014080
43:2  43 44 501760
43:3  43 44 24576
44:0  44 45 501760
45:0  45 46 501760
47:0  47 48 16384
47:1  47 48 501760
47:2  47 48 2007040
47:3  47 48 3072
48:0  48 49 501760
50:0  50 51 147456
50:1  50 51 4515840
50:2  50 51 2007040
50:3  50 51 1126656
50:4  50 51 36864
50:11  50 51 13824
50:12  50 51 27648
51:0  51 52 4014080
52:0  52 53 4014080
54:0  54 55 49152
54:1  54 55 4014080
54:2  54 55 752640
54:3  54 55 24576
55:0  55 56 752640
56:0  56 57 752640
58:0  58 59 36864
58:1  58 59 752640
58:2  58 59 3010560
58:3  58 59 4608
59:0  59 60 752640
61:0  61 62 331776
61:1  61 62 6773760
61:2  61 62 3010560
61:3  61 62 1689984
61:4  61 62 82944
61:11  61 62 20736
61:12  61 62 41472
62:0  62 63 6021120
63:0  63 64 6021120
65:0  65 66 73728
65:1  65 66 6021120
65:2  65 66 752640
65:3  65 66 36864
66:0  66 67 752640
67:0  67 68 752640
69:0  69 70 36864
69:1  69 70 752640
69:2  69 70 3010560
69:3  69 70 4608
70:0  70 71 752640
72:0  72 73 331776
72:1  72 73 6773760
72:2  72 73 3010560
72:3  72 73 1689984
72:4  72 73 82944
72:11  72 73 20736
72:12  72 73 41472
73:0  73 74 6021120
74:0  74 75 6021120
76:0  76 77 98304
76:1  76 77 6021120
76:2  76 77 1003520
76:3  76 77 36864
77:0  77 78 1003520
78:0  78 79 1003520
80:0  80 81 65536
80:1  80 81 1003520
80:2  80 81 4014080
80:3  80 81 6144
81:0  81 82 1003520
83:0  83 84 589824
83:1  83 84 9031680
83:2  83 84 4014080
83:3  83 84 2253312
83:4  83 84 147456
83:65  83 84 559872
83:66  83 84 36864
83:73  83 84 13824
83:74  83 84 27648
83:75  83 84 55296
84:0  84 85 8028160
86:0  86 87 2007040
88:0  88 89 131072
88:1  88 89 2007040
88:2  88 89 250880
88:3  88 89 49152
89:0  89 90 250880
90:0  90 91 250880
92:0  92 93 65536
92:1  92 93 250880
92:2  92 93 1003520
92:3  92 93 6144
93:0  93 94 250880
95:0  95 96 589824
95:1  95 96 2257920
95:2  95 96 1003520
95:3  95 96 552960
95:4  95 96 147456
95:59  95 96 138240
95:60  95 96 36864
95:67  95 96 13824
95:68  95 96 55296
96:0  96 97 2007040
97:0  97 98 2007040
99:0  99 100 24576
99:1  99 100 501760
99:2  99 100 11776
99:3  99 620 64
99:4  99 100 49152
100:0  100 101 9856
109:0  109 110 256
109:1  109 110 64
120:0  120 121 256
127:0  127 128 11776
127:1  127 128 507904
127:2  127 128 24576
127:3  127 128 23552
130:0  130 131 9920
130:1  130 131 24576
130:2  130 131 507904
130:3  130 131 960
138:0  138 139 1003520
138:1  138 139 2257920
138:2  138 139 589824
138:3  138 139 94080
144:0  144 145 1003520
144:1  144 145 250880
144:2  144 145 65536
144:3  144 145 94080
147:0  147 148 1003520
147:1  147 148 589824
147:2  147 148 2257920
147:3  147 148 562176
147:4  147 148 249856
147:11  147 148 12288
147:12  147 148 24576
152:0  152 153 1003520
152:1  152 153 65536
152:2  152 153 250880
152:3  152 153 24576
155:0  155 156 250880
156:0  156 157 250880
158:0  158 159 250880
162:0  162 163 250880
163:0  163 164 250880
163:1  163 164 2007040
163:2  163 164 131072
163:3  163 164 94080
165:0  165 166 250880
166:0  166 167 250880
166:1  166 167 131072
166:2  166 167 2007040
166:3  166 167 6144
172:0  172 173 2007040
216:0  216 217 8028160
220:0  220 221 8028160
221:0  221 222 4014080
221:1  221 222 9031680
221:2  221 222 589824
221:3  221 222 2257920
221:4  221 222 1003520
221:59  221 222 564480
221:60  221 222 250880
221:67  221 222 94080
222:0  222 223 8028160
226:0  226 227 8028160
227:0  227 228 4014080
227:1  227 228 1003520
227:2  227 228 65536
227:3  227 228 376320
229:0  229 230 8028160
230:0  230 231 4014080
230:1  230 231 589824
230:2  230 231 9031680
230:3  230 231 2257920
230:4  230 231 1003520
230:11  230 231 12288
234:0  234 235 8028160
235:0  235 236 4014080
235:1  235 236 65536
235:2  235 236 1003520
235:3  235 236 24576
238:0  238 239 1003520
239:0  239 240 1003520
241:0  241 242 1003520
245:0  245 246 1003520
246:0  246 247 1003520
246:1  246 247 6021120
246:2  246 247 98304
246:3  246 247 1505280
246:4  246 247 250880
246:11  246 247 188160
248:0  248 249 1003520
249:0  249 250 1003520
249:1  249 250 98304
249:2  249 250 6021120
249:3  249 250 6144
257:0  257 258 3010560
257:1  257 258 6773760
257:2  257 258 331776
257:3  257 258 1693440
257:4  257 258 752640
257:59  257 258 423360
257:60  257 258 188160
257:67  257 258 94080
263:0  263 264 3010560
263:1  263 264 752640
263:2  263 264 36864
263:3  263 264 376320
266:0  266 267 3010560
266:1  266 267 331776
266:2  266 267 6773760
266:3  266 267 1693440
266:4  266 267 752640
266:11  266 267 9216
271:0  271 272 3010560
271:1  271 272 36864
271:2  271 272 752640
271:3  271 272 18432
274:0  274 275 752640
275:0  275 276 752640
277:0  277 278 752640
281:0  281 282 752640
282:0  282 283 752640
282:1  282 283 6021120
282:2  282 283 73728
282:3  282 283 376320
284:0  284 285 752640
285:0  285 286 752640
285:1  285 286 73728
285:2  285 286 6021120
285:3  285 286 4608
293:0  293 294 3010560
293:1  293 294 6773760
293:2  293 294 331776
293:3  293 294 1693440
293:4  293 294 752640
293:59  293 294 423360
293:60  293 294 188160
293:67  293 294 94080
299:0  299 300 3010560
299:1  299 300 752640
299:2  299 300 36864
299:3  299 300 376320
302:0  302 303 3010560
302:1  302 303 331776
302:2  302 303 6773760
302:3  302 303 1693440
302:4  302 303 752640
302:11  302 303 9216
307:0  307 308 3010560
307:1  307 308 36864
307:2  307 308 752640
307:3  307 308 18432
310:0  310 311 752640
311:0  311 312 752640
313:0  313 314 752640
317:0  317 318 752640
318:0  318 319 752640
318:1  318 319 4014080
318:2  318 319 49152
318:3  318 319 376320
320:0  320 321 752640
321:0  321 322 752640
321:1  321 322 49152
321:2  321 322 4014080
321:3  321 322 4608
329:0  329 330 2007040
329:1  329 330 4515840
329:2  329 330 147456
329:3  329 330 1128960
329:4  329 330 501760
329:11  329 330 188160
335:0  335 336 2007040
335:1  335 336 501760
335:2  335 336 16384
335:3  335 336 376320
338:0  338 339 2007040
338:1  338 339 147456
338:2  338 339 4515840
338:3  338 339 12288
343:0  343 344 2007040
343:1  343 344 16384
343:2  343 344 501760
343:3  343 344 12288
346:0  346 347 501760
347:0  347 348 501760
349:0  349 350 501760
353:0  353 354 501760
354:0  354 355 501760
354:1  354 355 4014080
354:2  354 355 32768
354:3  354 355 376320
356:0  356 357 501760
357:0  357 358 501760
357:1  357 358 32768
357:2  357 358 4014080
357:3  357 358 3072
363:0  363 364 4014080
407:0  407 408 16056320
411:0  411 412 16056320
412:0  412 413 8028160
412:1  412 413 18063360
412:2  412 413 147456
412:3  412 413 4515840
412:4  412 413 2007040
412:11  412 413 752640
413:0  413 414 16056320
417:0  417 418 16056320
418:0  418 419 8028160
418:1  418 419 2007040
418:2  418 419 16384
418:3  418 419 1505280
420:0  420 421 16056320
421:0  421 422 8028160
421:1  421 422 147456
421:2  421 422 18063360
421:3  421 422 12288
425:0  425 426 16056320
426:0  426 427 8028160
426:1  426 427 16384
426:2  426 427 2007040
426:3  426 427 12288
429:0  429 430 2007040
430:0  430 431 2007040
432:0  432 433 2007040
436:0  436 437 2007040
437:0  437 438 2007040
437:1  437 438 8028160
437:2  437 438 16384
437:3  437 438 1505280
439:0  439 440 2007040
440:0  440 441 2007040
440:1  440 441 16384
440:2  440 441 8028160
440:3  440 441 3072
448:0  448 449 4014080
448:1  448 449 9031680
448:2  448 449 36864
448:3  448 449 1505280
454:0  454 455 4014080
454:1  454 455 1003520
454:2  454 455 4096
454:3  454 455 1505280
457:0  457 458 4014080
457:1  457 458 36864
457:2  457 458 9031680
457:3  457 458 6144
462:0  462 463 4014080
462:1  462 463 4096
462:2  462 463 1003520
462:3  462 463 6144
465:0  465 466 1003520
466:0  466 467 1003520
468:0  468 469 1003520
472:0  472 473 1003520
473:0  473 474 1003520
473:1  473 474 8028160
473:2  473 474 8192
473:3  473 474 1505280
475:0  475 476 1003520
476:0  476 477 1003520
476:1  476 477 8192
476:2  476 477 8028160
476:3  476 477 1536
484:0  484 485 4014080
484:1  484 485 9031680
484:2  484 485 36864
484:3  484 485 1505280
490:0  490 491 4014080
490:1  490 491 1003520
490:2  490 491 4096
490:3  490 491 1505280
493:0  493 494 4014080
493:1  493 494 36864
493:2  493 494 9031680
493:3  493 494 6144
498:0  498 499 4014080
498:1  498 499 4096
498:2  498 499 1003520
498:3  498 499 6144
501:0  501 502 1003520
502:0  502 503 1003520
504:0  504 505 1003520
508:0  508 509 1003520
509:0  509 510 1003520
509:1  509 510 6021120
509:2  509 510 6144
509:3  509 510 1505280
511:0  511 512 1003520
512:0  512 513 1003520
512:1  512 513 6144
512:2  512 513 6021120
512:3  512 513 1536
518:0  518 519 6021120
562:0  562 563 24084480
566:0  566 567 24084480
567:0  567 568 24084480
567:1  567 568 36879360
567:2  567 568 56448
567:3  567 568 6021120
0  0 2 3010560
1  1 3 4014080
2  2 568 36879360
3  3 5 56448
4  4 6 24084480
5  5 549 24084480
6  6 550 6021120
7  7 510 6021120
8  8 10 6144
9  9 11 1003520
10  10 15 1003520
11  11 491 1003520
12  12 14 4096
13  13 18 4014080
14  14 485 9031680
15  15 17 36864
16  16 18 4014080
17  17 19 8028160
18  18 474 8028160
19  19 21 8192
20  20 22 1003520
21  21 26 1003520
22  22 455 1003520
23  23 25 4096
24  24 29 4014080
25  25 449 9031680
26  26 28 36864
27  27 29 4014080
28  28 30 8028160
29  29 438 8028160
30  30 32 16384
31  31 33 2007040
32  32 37 2007040
33  33 419 2007040
34  34 36 16384
35  35 40 8028160
36  36 413 18063360
37  37 39 147456
38  38 40 8028160
39  39 394 16056320
40  40 395 4014080
41  41 355 4014080
42  42 44 32768
43  43 45 501760
44  44 49 501760
45  45 336 501760
46  46 48 16384
47  47 52 2007040
48  48 330 4515840
49  49 51 147456
50  50 52 2007040
51  51 53 4014080
52  52 319 4014080
53  53 55 49152
54  54 56 752640
55  55 60 752640
56  56 300 752640
57  57 59 36864
58  58 63 3010560
59  59 294 6773760
60  60 62 331776
61  61 63 3010560
62  62 64 6021120
63  63 283 6021120
64  64 66 73728
65  65 67 752640
66  66 71 752640
67  67 264 752640
68  68 70 36864
69  69 74 3010560
70  70 258 6773760
71  71 73 331776
72  72 74 3010560
73  73 75 6021120
74  74 247 6021120
75  75 77 98304
76  76 78 1003520
77  77 82 1003520
78  78 228 1003520
79  79 81 65536
80  80 85 4014080
81  81 222 9031680
82  82 84 589824
83  83 85 4014080
84  84 203 8028160
85  85 204 2007040
86  86 164 2007040
87  87 89 131072
88  88 90 250880
89  89 94 250880
90  90 145 250880
91  91 93 65536
92  92 97 1003520
93  93 139 2257920
94  94 96 589824
95  95 97 1003520
96  96 98 2007040
97  97 128 501760
98  98 100 20480
99  99 101 9856
100  100 102 11776
101  101 119 256
102  102 104 64
103  103 106 64
104  104 107 64
105  105 107 64
106  106 109 64
107  107 111 256
108  108 110 128
109  109 111 256
110  110 118 256
111  111 113 64
112  112 114 64
113  113 115 64
114  114 116 64
115  115 117 256
116  116 118 256
117  117 120 256
118  118 120 256
119  119 121 256
120  120 122 1920832
121  121 130 9856
122  122 124 9856
123  123 125 1984
124  124 126 1984
125  125 569 64
126  126 128 9856
127  127 570 20480
128  128 131 20480
129  129 131 9856
130  130 132 501760
131  131 133 2007040
132  132 152 2007040
133  133 135 1003520
134  134 136 200704
135  135 137 200704
136  136 571 1024
137  137 139 1003520
138  138 572 589824
139  139 141 1003520
140  140 142 200704
141  141 143 200704
142  142 573 1024
143  143 145 1003520
144  144 574 65536
145  145 148 589824
146  146 148 1003520
147  147 149 2257920
148  148 150 2257920
149  149 156 250880
150  150 153 65536
151  151 153 1003520
152  152 154 250880
153  153 155 250880
154  154 157 250880
155  155 158 250880
156  156 158 250880
157  157 166 250880
158  158 160 250880
159  159 161 50176
160  160 162 50176
161  161 575 256
162  162 164 250880
163  163 576 131072
164  164 167 131072
165  165 167 250880
166  166 168 2007040
167  167 169 2007040
168  168 173 2007040
169  169 171 2007040
170  170 172 2007040
171  171 174 2007040
172  172 206 2007040
173  173 207 2007040
174  174 176 2007040
175  175 177 2007040
176  176 178 2007040
177  177 208 2007040
178  178 180 2007040
179  179 181 2007040
180  180 182 2007040
181  181 209 2007040
182  182 184 2007040
183  183 185 2007040
184  184 186 2007040
185  185 210 2007040
186  186 188 2007040
187  187 189 2007040
188  188 190 2007040
189  189 211 2007040
190  190 192 2007040
191  191 193 2007040
192  192 194 2007040
193  193 212 2007040
194  194 196 2007040
195  195 197 2007040
196  196 198 2007040
197  197 213 2007040
198  198 200 2007040
199  199 201 2007040
200  200 202 2007040
201  201 214 2007040
202  202 204 2007040
203  203 205 2007040
204  204 206 2007040
205  205 215 2007040
206  206 216 8028160
207  207 216 8028160
208  208 216 8028160
209  209 216 8028160
210  210 216 8028160
211  211 216 8028160
212  212 216 8028160
213  213 216 8028160
214  214 216 8028160
215  215 235 8028160
216  216 218 4014080
217  217 219 802816
218  218 220 802816
219  219 577 1024
220  220 222 4014080
221  221 578 589824
222  222 224 4014080
223  223 225 802816
224  224 226 802816
225  225 579 1024
226  226 228 4014080
227  227 580 65536
228  228 231 589824
229  229 231 4014080
230  230 232 9031680
231  231 233 9031680
232  232 239 1003520
233  233 236 65536
234  234 236 4014080
235  235 237 1003520
236  236 238 1003520
237  237 240 1003520
238  238 241 1003520
239  239 241 1003520
240  240 249 1003520
241  241 243 1003520
242  242 244 200704
243  243 245 200704
244  244 581 256
245  245 247 1003520
246  246 582 98304
247  247 250 98304
248  248 250 1003520
249  249 251 6021120
250  250 252 6021120
251  251 271 6021120
252  252 254 3010560
253  253 255 602112
254  254 256 602112
255  255 583 768
256  256 258 3010560
257  257 584 331776
258  258 260 3010560
259  259 261 602112
260  260 262 602112
261  261 585 768
262  262 264 3010560
263  263 586 36864
264  264 267 331776
265  265 267 3010560
266  266 268 6773760
267  267 269 6773760
268  268 275 752640
269  269 272 36864
270  270 272 3010560
271  271 273 752640
272  272 274 752640
273  273 276 752640
274  274 277 752640
275  275 277 752640
276  276 285 752640
277  277 279 752640
278  278 280 150528
279  279 281 150528
280  280 587 192
281  281 283 752640
282  282 588 73728
283  283 286 73728
284  284 286 752640
285  285 287 6021120
286  286 288 6021120
287  287 307 6021120
288  288 290 3010560
289  289 291 602112
290  290 292 602112
291  291 589 768
292  292 294 3010560
293  293 590 331776
294  294 296 3010560
295  295 297 602112
296  296 298 602112
297  297 591 768
298  298 300 3010560
299  299 592 36864
300  300 303 331776
301  301 303 3010560
302  302 304 6773760
303  303 305 6773760
304  304 311 752640
305  305 308 36864
306  306 308 3010560
307  307 309 752640
308  308 310 752640
309  309 312 752640
310  310 313 752640
311  311 313 752640
312  312 321 752640
313  313 315 752640
314  314 316 150528
315  315 317 150528
316  316 593 192
317  317 319 752640
318  318 594 49152
319  319 322 49152
320  320 322 752640
321  321 323 4014080
322  322 324 4014080
323  323 343 4014080
324  324 326 2007040
325  325 327 401408
326  326 328 401408
327  327 595 512
328  328 330 2007040
329  329 596 147456
330  330 332 2007040
331  331 333 401408
332  332 334 401408
333  333 597 512
334  334 336 2007040
335  335 598 16384
336  336 339 147456
337  337 339 2007040
338  338 340 4515840
339  339 341 4515840
340  340 347 501760
341  341 344 16384
342  342 344 2007040
343  343 345 501760
344  344 346 501760
345  345 348 501760
346  346 349 501760
347  347 349 501760
348  348 357 501760
349  349 351 501760
350  350 352 100352
351  351 353 100352
352  352 599 128
353  353 355 501760
354  354 600 32768
355  355 358 32768
356  356 358 501760
357  357 359 4014080
358  358 360 4014080
359  359 364 4014080
360  360 362 4014080
361  361 363 4014080
362  362 365 4014080
363  363 397 4014080
364  364 398 4014080
365  365 367 4014080
366  366 368 4014080
367  367 369 4014080
368  368 399 4014080
369  369 371 4014080
370  370 372 4014080
371  371 373 4014080
372  372 400 4014080
373  373 375 4014080
374  374 376 4014080
375  375 377 4014080
376  376 401 4014080
377  377 379 4014080
378  378 380 4014080
379  379 381 4014080
380  380 402 4014080
381  381 383 4014080
382  382 384 4014080
383  383 385 4014080
384  384 403 4014080
385  385 387 4014080
386  386 388 4014080
387  387 389 4014080
388  388 404 4014080
389  389 391 4014080
390  390 392 4014080
391  391 393 4014080
392  392 405 4014080
393  393 395 4014080
394  394 396 4014080
395  395 397 4014080
396  396 406 4014080
397  397 407 16056320
398  398 407 16056320
399  399 407 16056320
400  400 407 16056320
401  401 407 16056320
402  402 407 16056320
403  403 407 16056320
404  404 407 16056320
405  405 407 16056320
406  406 426 16056320
407  407 409 8028160
408  408 410 1605632
409  409 411 1605632
410  410 601 512
411  411 413 8028160
412  412 602 147456
413  413 415 8028160
414  414 416 1605632
415  415 417 1605632
416  416 603 512
417  417 419 8028160
418  418 604 16384
419  419 422 147456
420  420 422 8028160
421  421 423 18063360
422  422 424 18063360
423  423 430 2007040
424  424 427 16384
425  425 427 8028160
426  426 428 2007040
427  427 429 2007040
428  428 431 2007040
429  429 432 2007040
430  430 432 2007040
431  431 440 2007040
432  432 434 2007040
433  433 435 401408
434  434 436 401408
435  435 605 128
436  436 438 2007040
437  437 606 16384
438  438 441 16384
439  439 441 2007040
440  440 442 8028160
441  441 443 8028160
442  442 462 8028160
443  443 445 4014080
444  444 446 802816
445  445 447 802816
446  446 607 256
447  447 449 4014080
448  448 608 36864
449  449 451 4014080
450  450 452 802816
451  451 453 802816
452  452 609 256
453  453 455 4014080
454  454 610 4096
455  455 458 36864
456  456 458 4014080
457  457 459 9031680
458  458 460 9031680
459  459 466 1003520
460  460 463 4096
461  461 463 4014080
462  462 464 1003520
463  463 465 1003520
464  464 467 1003520
465  465 468 1003520
466  466 468 1003520
467  467 476 1003520
468  468 470 1003520
469  469 471 200704
470  470 472 200704
471  471 611 64
472  472 474 1003520
473  473 612 8192
474  474 477 8192
475  475 477 1003520
476  476 478 8028160
477  477 479 8028160
478  478 498 8028160
479  479 481 4014080
480  480 482 802816
481  481 483 802816
482  482 613 256
483  483 485 4014080
484  484 614 36864
485  485 487 4014080
486  486 488 802816
487  487 489 802816
488  488 615 256
489  489 491 4014080
490  490 616 4096
491  491 494 36864
492  492 494 4014080
493  493 495 9031680
494  494 496 9031680
495  495 502 1003520
496  496 499 4096
497  497 499 4014080
498  498 500 1003520
499  499 501 1003520
500  500 503 1003520
501  501 504 1003520
502  502 504 1003520
503  503 512 1003520
504  504 506 1003520
505  505 507 200704
506  506 508 200704
507  507 617 64
508  508 510 1003520
509  509 618 6144
510  510 513 6144
511  511 513 1003520
512  512 514 6021120
513  513 515 6021120
514  514 519 6021120
515  515 517 6021120
516  516 518 6021120
517  517 520 6021120
518  518 552 6021120
519  519 553 6021120
520  520 522 6021120
521  521 523 6021120
522  522 524 6021120
523  523 554 6021120
524  524 526 6021120
525  525 527 6021120
526  526 528 6021120
527  527 555 6021120
528  528 530 6021120
529  529 531 6021120
530  530 532 6021120
531  531 556 6021120
532  532 534 6021120
533  533 535 6021120
534  534 536 6021120
535  535 557 6021120
536  536 538 6021120
537  537 539 6021120
538  538 540 6021120
539  539 558 6021120
540  540 542 6021120
541  541 543 6021120
542  542 544 6021120
543  543 559 6021120
544  544 546 6021120
545  545 547 6021120
546  546 548 6021120
547  547 560 6021120
548  548 550 6021120
549  549 551 6021120
550  550 552 6021120
551  551 561 6021120
552  552 562 24084480
553  553 562 24084480
554  554 562 24084480
555  555 562 24084480
556  556 562 24084480
557  557 562 24084480
558  558 562 24084480
559  559 562 24084480
560  560 562 24084480
561  561 567 24084480
562  562 564 24084480
563  563 565 4816896
564  564 566 4816896
565  565 619 384
566  566 568 24084480
567  567 620 56448
568  568 620 64
569  569 620 20480
570  570 620 1024
571  571 620 589824
572  572 620 1024
573  573 620 65536
574  574 620 256
575  575 620 131072
576  576 620 1024
577  577 620 589824
578  578 620 1024
579  579 620 65536
580  580 620 256
581  581 620 98304
582  582 620 768
583  583 620 331776
584  584 620 768
585  585 620 36864
586  586 620 192
587  587 620 73728
588  588 620 768
589  589 620 331776
590  590 620 768
591  591 620 36864
592  592 620 192
593  593 620 49152
594  594 620 512
595  595 620 147456
596  596 620 512
597  597 620 16384
598  598 620 128
599  599 620 32768
600  600 620 512
601  601 620 147456
602  602 620 512
603  603 620 16384
604  604 620 128
605  605 620 16384
606  606 620 256
607  607 620 36864
608  608 620 256
609  609 620 4096
610  610 620 64
611  611 620 8192
612  612 620 256
613  613 620 36864
614  614 620 256
615  615 620 4096
616  616 620 64
617  617 620 6144
618  618 620 384
619  619 620 56448
