2:0  2 3 7827456
4:0  4 5 56448
4:1  4 5 96538624
4:2  4 5 62619648
4:3  4 5 14144
5:0  5 6 62619648
7:0  7 8 15654912
9:0  9 10 6144
9:1  9 10 15654912
9:2  9 10 2609152
9:3  9 10 9216
10:0  10 11 2609152
11:0  11 12 2609152
13:0  13 14 4096
13:1  13 14 2609152
13:2  13 14 10436608
13:3  13 14 1536
14:0  14 15 2609152
16:0  16 17 36864
16:1  16 17 23482368
16:2  16 17 10436608
16:3  16 17 13824
17:0  17 18 20873216
18:0  18 19 20873216
20:0  20 21 8192
20:1  20 21 20873216
20:2  20 21 2609152
20:3  20 21 12288
21:0  21 22 2609152
22:0  22 23 2609152
24:0  24 25 4096
24:1  24 25 2609152
24:2  24 25 10436608
24:3  24 25 1536
25:0  25 26 2609152
27:0  27 28 36864
27:1  27 28 23482368
27:2  27 28 10436608
27:3  27 28 13824
28:0  28 29 20873216
29:0  29 30 20873216
31:0  31 32 16384
31:1  31 32 20873216
31:2  31 32 5218304
31:3  31 32 12288
32:0  32 33 5218304
33:0  33 34 5218304
35:0  35 36 16384
35:1  35 36 5218304
35:2  35 36 20873216
35:3  35 36 3072
36:0  36 37 5218304
38:0  38 39 147456
38:1  38 39 46964736
38:2  38 39 20873216
38:3  38 39 11736576
38:4  38 39 36864
38:11  38 39 13824
38:12  38 39 27648
39:0  39 40 41746432
41:0  41 42 10436608
43:0  43 44 32768
43:1  43 44 10436608
43:2  43 44 1304576
43:3  43 44 24576
44:0  44 45 1304576
45:0  45 46 1304576
47:0  47 48 16384
47:1  47 48 1304576
47:2  47 48 5218304
47:3  47 48 3072
48:0  48 49 1304576
50:0  50 51 147456
50:1  50 51 11741184
50:2  50 51 5218304
50:3  50 51 2930688
50:4  50 51 36864
50:11  50 51 13824
50:12  50 51 27648
51:0  51 52 10436608
52:0  52 53 10436608
54:0  54 55 49152
54:1  54 55 10436608
54:2  54 55 1956864
54:3  54 55 24576
55:0  55 56 1956864
56:0  56 57 1956864
58:0  58 59 36864
58:1  58 59 1956864
58:2  58 59 7827456
58:3  58 59 4608
59:0  59 60 1956864
61:0  61 62 331776
61:1  61 62 17611776
61:2  61 62 7827456
61:3  61 62 4396032
61:4  61 62 82944
61:59  61 62 1099008
61:60  61 62 20736
61:67  61 62 10368
61:68  61 62 41472
62:0  62 63 15654912
63:0  63 64 15654912
65:0  65 66 73728
65:1  65 66 15654912
65:2  65 66 1956864
65:3  65 66 36864
66:0  66 67 1956864
67:0  67 68 1956864
69:0  69 70 36864
69:1  69 70 1956864
69:2  69 70 7827456
69:3  69 70 4608
70:0  70 71 1956864
72:0  72 73 331776
72:1  72 73 17611776
72:2  72 73 7827456
72:3  72 73 4396032
72:4  72 73 82944
72:59  72 73 1099008
72:60  72 73 20736
72:67  72 73 10368
72:68  72 73 41472
73:0  73 74 15654912
74:0  74 75 15654912
76:0  76 77 98304
76:1  76 77 15654912
76:2  76 77 2609152
76:3  76 77 36864
77:0  77 78 2609152
78:0  78 79 2609152
80:0  80 81 65536
80:1  80 81 2609152
80:2  80 81 10436608
80:3  80 81 6144
81:0  81 82 2609152
83:0  83 84 589824
83:1  83 84 23482368
83:2  83 84 10436608
83:3  83 84 5861376
83:4  83 84 147456
83:59  83 84 1465344
83:60  83 84 36864
83:67  83 84 13824
83:68  83 84 55296
84:0  84 85 20873216
86:0  86 87 5218304
88:0  88 89 131072
88:1  88 89 5218304
88:2  88 89 652288
88:3  88 89 1302528
88:4  88 89 32768
88:11  88 89 24576
88:12  88 89 49152
89:0  89 90 652288
90:0  90 91 652288
92:0  92 93 65536
92:1  92 93 652288
92:2  92 93 2609152
92:3  92 93 6144
93:0  93 94 652288
95:0  95 96 589824
95:1  95 96 5870592
95:2  95 96 2609152
95:3  95 96 1465344
95:4  95 96 147456
95:59  95 96 366336
95:60  95 96 36864
95:67  95 96 13824
95:68  95 96 55296
96:0  96 97 5218304
97:0  97 98 5218304
99:0  99 100 24576
99:1  99 100 1304576
99:2  99 100 30592
99:3  99 620 64
99:4  99 100 49152
100:0  100 101 25536
109:0  109 110 576
109:1  109 110 64
120:0  120 121 576
127:0  127 128 30592
127:1  127 128 1310720
127:2  127 128 24576
127:3  127 128 61184
130:0  130 131 25600
130:1  130 131 24576
130:2  130 131 1310720
130:3  130 131 960
138:0  138 139 2609152
138:1  138 139 5870592
138:2  138 139 589824
138:3  138 139 244608
144:0  144 145 2609152
144:1  144 145 652288
144:2  144 145 65536
144:3  144 145 244608
147:0  147 148 2609152
147:1  147 148 589824
147:2  147 148 5870592
147:3  147 148 1465344
147:4  147 148 651264
147:11  147 148 12288
147:12  147 148 24576
152:0  152 153 2609152
152:1  152 153 65536
152:2  152 153 652288
152:3  152 153 24576
155:0  155 156 652288
156:0  156 157 652288
158:0  158 159 652288
162:0  162 163 652288
163:0  163 164 652288
163:1  163 164 5218304
163:2  163 164 131072
163:3  163 164 244608
165:0  165 166 652288
166:0  166 167 652288
166:1  166 167 131072
166:2  166 167 5218304
166:3  166 167 6144
172:0  172 173 5218304
216:0  216 217 20873216
220:0  220 221 20873216
221:0  221 222 10436608
221:1  221 222 23482368
221:2  221 222 589824
221:3  221 222 5870592
221:4  221 222 2609152
221:59  221 222 1467648
221:60  221 222 652288
221:67  221 222 244608
222:0  222 223 20873216
226:0  226 227 20873216
227:0  227 228 10436608
227:1  227 228 2609152
227:2  227 228 65536
227:3  227 228 978432
229:0  229 230 20873216
230:0  230 231 10436608
230:1  230 231 589824
230:2  230 231 23482368
230:3  230 231 5870592
230:4  230 231 2609152
230:11  230 231 12288
234:0  234 235 20873216
235:0  235 236 10436608
235:1  235 236 65536
235:2  235 236 2609152
235:3  235 236 24576
238:0  238 239 2609152
239:0  239 240 2609152
241:0  241 242 2609152
245:0  245 246 2609152
246:0  246 247 2609152
246:1  246 247 15654912
246:2  246 247 98304
246:3  246 247 3913728
246:4  246 247 652288
246:11  246 247 489216
248:0  248 249 2609152
249:0  249 250 2609152
249:1  249 250 98304
249:2  249 250 15654912
249:3  249 250 6144
257:0  257 258 7827456
257:1  257 258 17611776
257:2  257 258 331776
257:3  257 258 4402944
257:4  257 258 1956864
257:59  257 258 1100736
257:60  257 258 489216
257:67  257 258 244608
263:0  263 264 7827456
263:1  263 264 1956864
263:2  263 264 36864
263:3  263 264 978432
266:0  266 267 7827456
266:1  266 267 331776
266:2  266 267 17611776
266:3  266 267 4402944
266:4  266 267 1956864
266:11  266 267 9216
271:0  271 272 7827456
271:1  271 272 36864
271:2  271 272 1956864
271:3  271 272 18432
274:0  274 275 1956864
275:0  275 276 1956864
277:0  277 278 1956864
281:0  281 282 1956864
282:0  282 283 1956864
282:1  282 283 15654912
282:2  282 283 73728
282:3  282 283 978432
284:0  284 285 1956864
285:0  285 286 1956864
285:1  285 286 73728
285:2  285 286 15654912
285:3  285 286 4608
293:0  293 294 7827456
293:1  293 294 17611776
293:2  293 294 331776
293:3  293 294 4402944
293:4  293 294 1956864
293:59  293 294 1100736
293:60  293 294 489216
293:67  293 294 244608
299:0  299 300 7827456
299:1  299 300 1956864
299:2  299 300 36864
299:3  299 300 978432
302:0  302 303 7827456
302:1  302 303 331776
302:2  302 303 17611776
302:3  302 303 4402944
302:4  302 303 1956864
302:11  302 303 9216
307:0  307 308 7827456
307:1  307 308 36864
307:2  307 308 1956864
307:3  307 308 18432
310:0  310 311 1956864
311:0  311 312 1956864
313:0  313 314 1956864
317:0  317 318 1956864
318:0  318 319 1956864
318:1  318 319 10436608
318:2  318 319 49152
318:3  318 319 978432
320:0  320 321 1956864
321:0  321 322 1956864
321:1  321 322 49152
321:2  321 322 10436608
321:3  321 322 4608
329:0  329 330 5218304
329:1  329 330 11741184
329:2  329 330 147456
329:3  329 330 2935296
329:4  329 330 1304576
329:11  329 330 489216
335:0  335 336 5218304
335:1  335 336 1304576
335:2  335 336 16384
335:3  335 336 978432
338:0  338 339 5218304
338:1  338 339 147456
338:2  338 339 11741184
338:3  338 339 12288
343:0  343 344 5218304
343:1  343 344 16384
343:2  343 344 1304576
343:3  343 344 12288
346:0  346 347 1304576
347:0  347 348 1304576
349:0  349 350 1304576
353:0  353 354 1304576
354:0  354 355 1304576
354:1  354 355 10436608
354:2  354 355 32768
354:3  354 355 978432
356:0  356 357 1304576
357:0  357 358 1304576
357:1  357 358 32768
357:2  357 358 10436608
357:3  357 358 3072
363:0  363 364 10436608
407:0  407 408 41746432
411:0  411 412 41746432
412:0  412 413 20873216
412:1  412 413 46964736
412:2  412 413 147456
412:3  412 413 11741184
412:4  412 413 5218304
412:11  412 413 1956864
413:0  413 414 41746432
417:0  417 418 41746432
418:0  418 419 20873216
418:1  418 419 5218304
418:2  418 419 16384
418:3  418 419 3913728
420:0  420 421 41746432
421:0  421 422 20873216
421:1  421 422 147456
421:2  421 422 46964736
421:3  421 422 12288
425:0  425 426 41746432
426:0  426 427 20873216
426:1  426 427 16384
426:2  426 427 5218304
426:3  426 427 12288
429:0  429 430 5218304
430:0  430 431 5218304
432:0  432 433 5218304
436:0  436 437 5218304
437:0  437 438 5218304
437:1  437 438 20873216
437:2  437 438 16384
437:3  437 438 3913728
439:0  439 440 5218304
440:0  440 441 5218304
440:1  440 441 16384
440:2  440 441 20873216
440:3  440 441 3072
448:0  448 449 10436608
448:1  448 449 23482368
448:2  448 449 36864
448:3  448 449 3913728
454:0  454 455 10436608
454:1  454 455 2609152
454:2  454 455 4096
454:3  454 455 3913728
457:0  457 458 10436608
457:1  457 458 36864
457:2  457 458 23482368
457:3  457 458 6144
462:0  462 463 10436608
462:1  462 463 4096
462:2  462 463 2609152
462:3  462 463 6144
465:0  465 466 2609152
466:0  466 467 2609152
468:0  468 469 2609152
472:0  472 473 2609152
473:0  473 474 2609152
473:1  473 474 20873216
473:2  473 474 8192
473:3  473 474 3913728
475:0  475 476 2609152
476:0  476 477 2609152
476:1  476 477 8192
476:2  476 477 20873216
476:3  476 477 1536
484:0  484 485 10436608
484:1  484 485 23482368
484:2  484 485 36864
484:3  484 485 3913728
490:0  490 491 10436608
490:1  490 491 2609152
490:2  490 491 4096
490:3  490 491 3913728
493:0  493 494 10436608
493:1  493 494 36864
493:2  493 494 23482368
493:3  493 494 6144
498:0  498 499 10436608
498:1  498 499 4096
498:2  498 499 2609152
498:3  498 499 6144
501:0  501 502 2609152
502:0  502 503 2609152
504:0  504 505 2609152
508:0  508 509 2609152
509:0  509 510 2609152
509:1  509 510 15654912
509:2  509 510 6144
509:3  509 510 3913728
511:0  511 512 2609152
512:0  512 513 2609152
512:1  512 513 6144
512:2  512 513 15654912
512:3  512 513 1536
518:0  518 519 15654912
562:0  562 563 62619648
566:0  566 567 62619648
567:0  567 568 62619648
567:1  567 568 95886336
567:2  567 568 56448
567:3  567 568 15654912
0  0 2 7827456
1  1 3 10436608
2  2 568 95886336
3  3 5 56448
4  4 6 62619648
5  5 549 62619648
6  6 550 15654912
7  7 510 15654912
8  8 10 6144
9  9 11 2609152
10  10 15 2609152
11  11 491 2609152
12  12 14 4096
13  13 18 10436608
14  14 485 23482368
15  15 17 36864
16  16 18 10436608
17  17 19 20873216
18  18 474 20873216
19  19 21 8192
20  20 22 2609152
21  21 26 2609152
22  22 455 2609152
23  23 25 4096
24  24 29 10436608
25  25 449 23482368
26  26 28 36864
27  27 29 10436608
28  28 30 20873216
29  29 438 20873216
30  30 32 16384
31  31 33 5218304
32  32 37 5218304
33  33 419 5218304
34  34 36 16384
35  35 40 20873216
36  36 413 46964736
37  37 39 147456
38  38 40 20873216
39  39 394 41746432
40  40 395 10436608
41  41 355 10436608
42  42 44 32768
43  43 45 1304576
44  44 49 1304576
45  45 336 1304576
46  46 48 16384
47  47 52 5218304
48  48 330 11741184
49  49 51 147456
50  50 52 5218304
51  51 53 10436608
52  52 319 10436608
53  53 55 49152
54  54 56 1956864
55  55 60 1956864
56  56 300 1956864
57  57 59 36864
58  58 63 7827456
59  59 294 17611776
60  60 62 331776
61  61 63 7827456
62  62 64 15654912
63  63 283 15654912
64  64 66 73728
65  65 67 1956864
66  66 71 1956864
67  67 264 1956864
68  68 70 36864
69  69 74 7827456
70  70 258 17611776
71  71 73 331776
72  72 74 7827456
73  73 75 15654912
74  74 247 15654912
75  75 77 98304
76  76 78 2609152
77  77 82 2609152
78  78 228 2609152
79  79 81 65536
80  80 85 10436608
81  81 222 23482368
82  82 84 589824
83  83 85 10436608
84  84 203 20873216
85  85 204 5218304
86  86 164 5218304
87  87 89 131072
88  88 90 652288
89  89 94 652288
90  90 145 652288
91  91 93 65536
92  92 97 2609152
93  93 139 5870592
94  94 96 589824
95  95 97 2609152
96  96 98 5218304
97  97 128 1304576
98  98 100 20480
99  99 101 25536
100  100 102 30592
101  101 119 640
102  102 104 64
103  103 106 64
104  104 107 64
105  105 107 64
106  106 109 64
107  107 111 640
108  108 110 256
109  109 111 640
110  110 118 640
111  111 113 64
112  112 114 64
113  113 115 64
114  114 116 64
115  115 117 576
116  116 118 640
117  117 120 640
118  118 120 640
119  119 121 640
120  120 122 4994112
121  121 130 25536
122  122 124 25536
123  123 125 1984
124  124 126 1984
125  125 569 64
126  126 128 25536
127  127 570 20480
128  128 131 20480
129  129 131 25536
130  130 132 1304576
131  131 133 5218304
132  132 152 5218304
133  133 135 2609152
134  134 136 200704
135  135 137 200704
136  136 571 1024
137  137 139 2609152
138  138 572 589824
139  139 141 2609152
140  140 142 200704
141  141 143 200704
142  142 573 1024
143  143 145 2609152
144  144 574 65536
145  145 148 589824
146  146 148 2609152
147  147 149 5870592
148  148 150 5870592
149  149 156 652288
150  150 153 65536
151  151 153 2609152
152  152 154 652288
153  153 155 652288
154  154 157 652288
155  155 158 652288
156  156 158 652288
157  157 166 652288
158  158 160 652288
159  159 161 50176
160  160 162 50176
161  161 575 256
162  162 164 652288
163  163 576 131072
164  164 167 131072
165  165 167 652288
166  166 168 5218304
167  167 169 5218304
168  168 173 5218304
169  169 171 5218304
170  170 172 5218304
171  171 174 5218304
172  172 206 5218304
173  173 207 5218304
174  174 176 5218304
175  175 177 5218304
176  176 178 5218304
177  177 208 5218304
178  178 180 5218304
179  179 181 5218304
180  180 182 5218304
181  181 209 5218304
182  182 184 5218304
183  183 185 5218304
184  184 186 5218304
185  185 210 5218304
186  186 188 5218304
187  187 189 5218304
188  188 190 5218304
189  189 211 5218304
190  190 192 5218304
191  191 193 5218304
192  192 194 5218304
193  193 212 5218304
194  194 196 5218304
195  195 197 5218304
196  196 198 5218304
197  197 213 5218304
198  198 200 5218304
199  199 201 5218304
200  200 202 5218304
201  201 214 5218304
202  202 204 5218304
203  203 205 5218304
204  204 206 5218304
205  205 215 5218304
206  206 216 20873216
207  207 216 20873216
208  208 216 20873216
209  209 216 20873216
210  210 216 20873216
211  211 216 20873216
212  212 216 20873216
213  213 216 20873216
214  214 216 20873216
215  215 235 20873216
216  216 218 10436608
217  217 219 802816
218  218 220 802816
219  219 577 1024
220  220 222 10436608
221  221 578 589824
222  222 224 10436608
223  223 225 802816
224  224 226 802816
225  225 579 1024
226  226 228 10436608
227  227 580 65536
228  228 231 589824
229  229 231 10436608
230  230 232 23482368
231  231 233 23482368
232  232 239 2609152
233  233 236 65536
234  234 236 10436608
235  235 237 2609152
236  236 238 2609152
237  237 240 2609152
238  238 241 2609152
239  239 241 2609152
240  240 249 2609152
241  241 243 2609152
242  242 244 200704
243  243 245 200704
244  244 581 256
245  245 247 2609152
246  246 582 98304
247  247 250 98304
248  248 250 2609152
249  249 251 15654912
250  250 252 15654912
251  251 271 15654912
252  252 254 7827456
253  253 255 602112
254  254 256 602112
255  255 583 768
256  256 258 7827456
257  257 584 331776
258  258 260 7827456
259  259 261 602112
260  260 262 602112
261  261 585 768
262  262 264 7827456
263  263 586 36864
264  264 267 331776
265  265 267 7827456
266  266 268 17611776
267  267 269 17611776
268  268 275 1956864
269  269 272 36864
270  270 272 7827456
271  271 273 1956864
272  272 274 1956864
273  273 276 1956864
274  274 277 1956864
275  275 277 1956864
276  276 285 1956864
277  277 279 1956864
278  278 280 150528
279  279 281 150528
280  280 587 192
281  281 283 1956864
282  282 588 73728
283  283 286 73728
284  284 286 1956864
285  285 287 15654912
286  286 288 15654912
287  287 307 15654912
288  288 290 7827456
289  289 291 602112
290  290 292 602112
291  291 589 768
292  292 294 7827456
293  293 590 331776
294  294 296 7827456
295  295 297 602112
296  296 298 602112
297  297 591 768
298  298 300 7827456
299  299 592 36864
300  300 303 331776
301  301 303 7827456
302  302 304 17611776
303  303 305 17611776
304  304 311 1956864
305  305 308 36864
306  306 308 7827456
307  307 309 1956864
308  308 310 1956864
309  309 312 1956864
310  310 313 1956864
311  311 313 1956864
312  312 321 1956864
313  313 315 1956864
314  314 316 150528
315  315 317 150528
316  316 593 192
317  317 319 1956864
318  318 594 49152
319  319 322 49152
320  320 322 1956864
321  321 323 10436608
322  322 324 10436608
323  323 343 10436608
324  324 326 5218304
325  325 327 401408
326  326 328 401408
327  327 595 512
328  328 330 5218304
329  329 596 147456
330  330 332 5218304
331  331 333 401408
332  332 334 401408
333  333 597 512
334  334 336 5218304
335  335 598 16384
336  336 339 147456
337  337 339 5218304
338  338 340 11741184
339  339 341 11741184
340  340 347 1304576
341  341 344 16384
342  342 344 5218304
343  343 345 1304576
344  344 346 1304576
345  345 348 1304576
346  346 349 1304576
347  347 349 1304576
348  348 357 1304576
349  349 351 1304576
350  350 352 100352
351  351 353 100352
352  352 599 128
353  353 355 1304576
354  354 600 32768
355  355 358 32768
356  356 358 1304576
357  357 359 10436608
358  358 360 10436608
359  359 364 10436608
360  360 362 10436608
361  361 363 10436608
362  362 365 10436608
363  363 397 10436608
364  364 398 10436608
365  365 367 10436608
366  366 368 10436608
367  367 369 10436608
368  368 399 10436608
369  369 371 10436608
370  370 372 10436608
371  371 373 10436608
372  372 400 10436608
373  373 375 10436608
374  374 376 10436608
375  375 377 10436608
376  376 401 10436608
377  377 379 10436608
378  378 380 10436608
379  379 381 10436608
380  380 402 10436608
381  381 383 10436608
382  382 384 10436608
383  383 385 10436608
384  384 403 10436608
385  385 387 10436608
386  386 388 10436608
387  387 389 10436608
388  388 404 10436608
389  389 391 10436608
390  390 392 10436608
391  391 393 10436608
392  392 405 10436608
393  393 395 10436608
394  394 396 10436608
395  395 397 10436608
396  396 406 10436608
397  397 407 41746432
398  398 407 41746432
399  399 407 41746432
400  400 407 41746432
401  401 407 41746432
402  402 407 41746432
403  403 407 41746432
404  404 407 41746432
405  405 407 41746432
406  406 426 41746432
407  407 409 20873216
408  408 410 1605632
409  409 411 1605632
410  410 601 512
411  411 413 20873216
412  412 602 147456
413  413 415 20873216
414  414 416 1605632
415  415 417 1605632
416  416 603 512
417  417 419 20873216
418  418 604 16384
419  419 422 147456
420  420 422 20873216
421  421 423 46964736
422  422 424 46964736
423  423 430 5218304
424  424 427 16384
425  425 427 20873216
426  426 428 5218304
427  427 429 5218304
428  428 431 5218304
429  429 432 5218304
430  430 432 5218304
431  431 440 5218304
432  432 434 5218304
433  433 435 401408
434  434 436 401408
435  435 605 128
436  436 438 5218304
437  437 606 16384
438  438 441 16384
439  439 441 5218304
440  440 442 20873216
441  441 443 20873216
442  442 462 20873216
443  443 445 10436608
444  444 446 802816
445  445 447 802816
446  446 607 256
447  447 449 10436608
448  448 608 36864
449  449 451 10436608
450  450 452 802816
451  451 453 802816
452  452 609 256
453  453 455 10436608
454  454 610 4096
455  455 458 36864
456  456 458 10436608
457  457 459 23482368
458  458 460 23482368
459  459 466 2609152
460  460 463 4096
461  461 463 10436608
462  462 464 2609152
463  463 465 2609152
464  464 467 2609152
465  465 468 2609152
466  466 468 2609152
467  467 476 2609152
468  468 470 2609152
469  469 471 200704
470  470 472 200704
471  471 611 64
472  472 474 2609152
473  473 612 8192
474  474 477 8192
475  475 477 2609152
476  476 478 20873216
477  477 479 20873216
478  478 498 20873216
479  479 481 10436608
480  480 482 802816
481  481 483 802816
482  482 613 256
483  483 485 10436608
484  484 614 36864
485  485 487 10436608
486  486 488 802816
487  487 489 802816
488  488 615 256
489  489 491 10436608
490  490 616 4096
491  491 494 36864
492  492 494 10436608
493  493 495 23482368
494  494 496 23482368
495  495 502 2609152
496  496 499 4096
497  497 499 10436608
498  498 500 2609152
499  499 501 2609152
500  500 503 2609152
501  501 504 2609152
502  502 504 2609152
503  503 512 2609152
504  504 506 2609152
505  505 507 200704
506  506 508 200704
507  507 617 64
508  508 510 2609152
509  509 618 6144
510  510 513 6144
511  511 513 2609152
512  512 514 15654912
513  513 515 15654912
514  514 519 15654912
515  515 517 15654912
516  516 518 15654912
517  517 520 15654912
518  518 552 15654912
519  519 553 15654912
520  520 522 15654912
521  521 523 15654912
522  522 524 15654912
523  523 554 15654912
524  524 526 15654912
525  525 527 15654912
526  526 528 15654912
527  527 555 15654912
528  528 530 15654912
529  529 531 15654912
530  530 532 15654912
531  531 556 15654912
532  532 534 15654912
533  533 535 15654912
534  534 536 15654912
535  535 557 15654912
536  536 538 15654912
537  537 539 15654912
538  538 540 15654912
539  539 558 15654912
540  540 542 15654912
541  541 543 15654912
542  542 544 15654912
543  543 559 15654912
544  544 546 15654912
545  545 547 15654912
546  546 548 15654912
547  547 560 15654912
548  548 550 15654912
549  549 551 15654912
550  550 552 15654912
551  551 561 15654912
552  552 562 62619648
553  553 562 62619648
554  554 562 62619648
555  555 562 62619648
556  556 562 62619648
557  557 562 62619648
558  558 562 62619648
559  559 562 62619648
560  560 562 62619648
561  561 567 62619648
562  562 564 62619648
563  563 565 4816896
564  564 566 4816896
565  565 619 384
566  566 568 62619648
567  567 620 56448
568  568 620 64
569  569 620 20480
570  570 620 1024
571  571 620 589824
572  572 620 1024
573  573 620 65536
574  574 620 256
575  575 620 131072
576  576 620 1024
577  577 620 589824
578  578 620 1024
579  579 620 65536
580  580 620 256
581  581 620 98304
582  582 620 768
583  583 620 331776
584  584 620 768
585  585 620 36864
586  586 620 192
587  587 620 73728
588  588 620 768
589  589 620 331776
590  590 620 768
591  591 620 36864
592  592 620 192
593  593 620 49152
594  594 620 512
595  595 620 147456
596  596 620 512
597  597 620 16384
598  598 620 128
599  599 620 32768
600  600 620 512
601  601 620 147456
602  602 620 512
603  603 620 16384
604  604 620 128
605  605 620 16384
606  606 620 256
607  607 620 36864
608  608 620 256
609  609 620 4096
610  610 620 64
611  611 620 8192
612  612 620 256
613  613 620 36864
614  614 620 256
615  615 620 4096
616  616 620 64
617  617 620 6144
618  618 620 384
619  619 620 56448
