2:0  2 3 9633792
4:0  4 5 56448
4:1  4 5 118816768
4:2  4 5 77070336
4:3  4 5 14144
5:0  5 6 77070336
7:0  7 8 19267584
9:0  9 10 6144
9:1  9 10 19267584
9:2  9 10 3211264
9:3  9 10 9216
10:0  10 11 3211264
11:0  11 12 3211264
13:0  13 14 4096
13:1  13 14 3211264
13:2  13 14 12845056
13:3  13 14 1536
14:0  14 15 3211264
16:0  16 17 36864
16:1  16 17 28901376
16:2  16 17 12845056
16:3  16 17 13824
17:0  17 18 25690112
18:0  18 19 25690112
20:0  20 21 8192
20:1  20 21 25690112
20:2  20 21 3211264
20:3  20 21 12288
21:0  21 22 3211264
22:0  22 23 3211264
24:0  24 25 4096
24:1  24 25 3211264
24:2  24 25 12845056
24:3  24 25 1536
25:0  25 26 3211264
27:0  27 28 36864
27:1  27 28 28901376
27:2  27 28 12845056
27:3  27 28 13824
28:0  28 29 25690112
29:0  29 30 25690112
31:0  31 32 16384
31:1  31 32 25690112
31:2  31 32 6422528
31:3  31 32 12288
32:0  32 33 6422528
33:0  33 34 6422528
35:0  35 36 16384
35:1  35 36 6422528
35:2  35 36 25690112
35:3  35 36 3072
36:0  36 37 6422528
38:0  38 39 147456
38:1  38 39 57802752
38:2  38 39 25690112
38:3  38 39 14446080
38:4  38 39 36864
38:11  38 39 13824
38:12  38 39 27648
39:0  39 40 51380224
41:0  41 42 12845056
43:0  43 44 32768
43:1  43 44 12845056
43:2  43 44 1605632
43:3  43 44 24576
44:0  44 45 1605632
45:0  45 46 1605632
47:0  47 48 16384
47:1  47 48 1605632
47:2  47 48 6422528
47:3  47 48 3072
48:0  48 49 1605632
50:0  50 51 147456
50:1  50 51 14450688
50:2  50 51 6422528
50:3  50 51 3608064
50:4  50 51 36864
50:11  50 51 13824
50:12  50 51 27648
51:0  51 52 12845056
52:0  52 53 12845056
54:0  54 55 49152
54:1  54 55 12845056
54:2  54 55 2408448
54:3  54 55 24576
55:0  55 56 2408448
56:0  56 57 2408448
58:0  58 59 36864
58:1  58 59 2408448
58:2  58 59 9633792
58:3  58 59 4608
59:0  59 60 2408448
61:0  61 62 331776
61:1  61 62 21676032
61:2  61 62 9633792
61:3  61 62 5412096
61:4  61 62 82944
61:59  61 62 1353024
61:60  61 62 20736
61:67  61 62 10368
61:68  61 62 41472
62:0  62 63 19267584
63:0  63 64 19267584
65:0  65 66 73728
65:1  65 66 19267584
65:2  65 66 2408448
65:3  65 66 36864
66:0  66 67 2408448
67:0  67 68 2408448
69:0  69 70 36864
69:1  69 70 2408448
69:2  69 70 9633792
69:3  69 70 4608
70:0  70 71 2408448
72:0  72 73 331776
72:1  72 73 21676032
72:2  72 73 9633792
72:3  72 73 5412096
72:4  72 73 82944
72:59  72 73 1353024
72:60  72 73 20736
72:67  72 73 10368
72:68  72 73 41472
73:0  73 74 19267584
74:0  74 75 19267584
76:0  76 77 98304
76:1  76 77 19267584
76:2  76 77 3211264
76:3  76 77 36864
77:0  77 78 3211264
78:0  78 79 3211264
80:0  80 81 65536
80:1  80 81 3211264
80:2  80 81 12845056
80:3  80 81 6144
81:0  81 82 3211264
83:0  83 84 589824
83:1  83 84 28901376
83:2  83 84 12845056
83:3  83 84 7216128
83:4  83 84 147456
83:59  83 84 1804032
83:60  83 84 36864
83:67  83 84 13824
83:68  83 84 55296
84:0  84 85 25690112
86:0  86 87 6422528
88:0  88 89 131072
88:1  88 89 6422528
88:2  88 89 802816
88:3  88 89 1597440
88:4  88 89 32768
88:11  88 89 24576
88:12  88 89 49152
89:0  89 90 802816
90:0  90 91 802816
92:0  92 93 65536
92:1  92 93 802816
92:2  92 93 3211264
92:3  92 93 6144
93:0  93 94 802816
95:0  95 96 589824
95:1  95 96 7225344
95:2  95 96 3211264
95:3  95 96 1797120
95:4  95 96 147456
95:59  95 96 449280
95:60  95 96 36864
95:67  95 96 13824
95:68  95 96 55296
96:0  96 97 6422528
97:0  97 98 6422528
99:0  99 100 24576
99:1  99 100 1605632
99:2  99 100 37632
99:3  99 620 64
99:4  99 100 49152
100:0  100 101 31360
109:0  109 110 640
109:1  109 110 64
120:0  120 121 640
127:0  127 128 37632
127:1  127 128 1605632
127:2  127 128 24576
127:3  127 128 75264
130:0  130 131 31360
130:1  130 131 24576
130:2  130 131 1605632
130:3  130 131 960
138:0  138 139 3211264
138:1  138 139 7225344
138:2  138 139 589824
138:3  138 139 1806336
138:4  138 139 802816
138:59  138 139 451584
138:60  138 139 200704
138:67  138 139 75264
144:0  144 145 3211264
144:1  144 145 802816
144:2  144 145 65536
144:3  144 145 301056
147:0  147 148 3211264
147:1  147 148 589824
147:2  147 148 7225344
147:3  147 148 1806336
147:4  147 148 802816
147:11  147 148 12288
152:0  152 153 3211264
152:1  152 153 65536
152:2  152 153 802816
152:3  152 153 24576
155:0  155 156 802816
156:0  156 157 802816
158:0  158 159 802816
162:0  162 163 802816
163:0  163 164 802816
163:1  163 164 6422528
163:2  163 164 131072
163:3  163 164 1580544
163:4  163 164 200704
163:11  163 164 150528
163:12  163 164 301056
165:0  165 166 802816
166:0  166 167 802816
166:1  166 167 131072
166:2  166 167 6422528
166:3  166 167 6144
172:0  172 173 6422528
216:0  216 217 25690112
220:0  220 221 25690112
221:0  221 222 12845056
221:1  221 222 28901376
221:2  221 222 589824
221:3  221 222 7225344
221:4  221 222 3211264
221:59  221 222 1806336
221:60  221 222 802816
221:67  221 222 301056
222:0  222 223 25690112
226:0  226 227 25690112
227:0  227 228 12845056
227:1  227 228 3211264
227:2  227 228 65536
227:3  227 228 1204224
229:0  229 230 25690112
230:0  230 231 12845056
230:1  230 231 589824
230:2  230 231 28901376
230:3  230 231 7225344
230:4  230 231 3211264
230:11  230 231 12288
234:0  234 235 25690112
235:0  235 236 12845056
235:1  235 236 65536
235:2  235 236 3211264
235:3  235 236 24576
238:0  238 239 3211264
239:0  239 240 3211264
241:0  241 242 3211264
245:0  245 246 3211264
246:0  246 247 3211264
246:1  246 247 19267584
246:2  246 247 98304
246:3  246 247 4816896
246:4  246 247 802816
246:11  246 247 602112
248:0  248 249 3211264
249:0  249 250 3211264
249:1  249 250 98304
249:2  249 250 19267584
249:3  249 250 6144
257:0  257 258 9633792
257:1  257 258 21676032
257:2  257 258 331776
257:3  257 258 5419008
257:4  257 258 2408448
257:59  257 258 1354752
257:60  257 258 602112
257:67  257 258 301056
263:0  263 264 9633792
263:1  263 264 2408448
263:2  263 264 36864
263:3  263 264 1204224
266:0  266 267 9633792
266:1  266 267 331776
266:2  266 267 21676032
266:3  266 267 5419008
266:4  266 267 2408448
266:11  266 267 9216
271:0  271 272 9633792
271:1  271 272 36864
271:2  271 272 2408448
271:3  271 272 18432
274:0  274 275 2408448
275:0  275 276 2408448
277:0  277 278 2408448
281:0  281 282 2408448
282:0  282 283 2408448
282:1  282 283 19267584
282:2  282 283 73728
282:3  282 283 1204224
284:0  284 285 2408448
285:0  285 286 2408448
285:1  285 286 73728
285:2  285 286 19267584
285:3  285 286 4608
293:0  293 294 9633792
293:1  293 294 21676032
293:2  293 294 331776
293:3  293 294 5419008
293:4  293 294 2408448
293:59  293 294 1354752
293:60  293 294 602112
293:67  293 294 301056
299:0  299 300 9633792
299:1  299 300 2408448
299:2  299 300 36864
299:3  299 300 1204224
302:0  302 303 9633792
302:1  302 303 331776
302:2  302 303 21676032
302:3  302 303 5419008
302:4  302 303 2408448
302:11  302 303 9216
307:0  307 308 9633792
307:1  307 308 36864
307:2  307 308 2408448
307:3  307 308 18432
310:0  310 311 2408448
311:0  311 312 2408448
313:0  313 314 2408448
317:0  317 318 2408448
318:0  318 319 2408448
318:1  318 319 12845056
318:2  318 319 49152
318:3  318 319 1204224
320:0  320 321 2408448
321:0  321 322 2408448
321:1  321 322 49152
321:2  321 322 12845056
321:3  321 322 4608
329:0  329 330 6422528
329:1  329 330 14450688
329:2  329 330 147456
329:3  329 330 3612672
329:4  329 330 1605632
329:11  329 330 602112
335:0  335 336 6422528
335:1  335 336 1605632
335:2  335 336 16384
335:3  335 336 1204224
338:0  338 339 6422528
338:1  338 339 147456
338:2  338 339 14450688
338:3  338 339 12288
343:0  343 344 6422528
343:1  343 344 16384
343:2  343 344 1605632
343:3  343 344 12288
346:0  346 347 1605632
347:0  347 348 1605632
349:0  349 350 1605632
353:0  353 354 1605632
354:0  354 355 1605632
354:1  354 355 12845056
354:2  354 355 32768
354:3  354 355 1204224
356:0  356 357 1605632
357:0  357 358 1605632
357:1  357 358 32768
357:2  357 358 12845056
357:3  357 358 3072
363:0  363 364 12845056
407:0  407 408 51380224
411:0  411 412 51380224
412:0  412 413 25690112
412:1  412 413 57802752
412:2  412 413 147456
412:3  412 413 14450688
412:4  412 413 6422528
412:11  412 413 2408448
413:0  413 414 51380224
417:0  417 418 51380224
418:0  418 419 25690112
418:1  418 419 6422528
418:2  418 419 16384
418:3  418 419 4816896
420:0  420 421 51380224
421:0  421 422 25690112
421:1  421 422 147456
421:2  421 422 57802752
421:3  421 422 12288
425:0  425 426 51380224
426:0  426 427 25690112
426:1  426 427 16384
426:2  426 427 6422528
426:3  426 427 12288
429:0  429 430 6422528
430:0  430 431 6422528
432:0  432 433 6422528
436:0  436 437 6422528
437:0  437 438 6422528
437:1  437 438 25690112
437:2  437 438 16384
437:3  437 438 4816896
439:0  439 440 6422528
440:0  440 441 6422528
440:1  440 441 16384
440:2  440 441 25690112
440:3  440 441 3072
448:0  448 449 12845056
448:1  448 449 28901376
448:2  448 449 36864
448:3  448 449 4816896
454:0  454 455 12845056
454:1  454 455 3211264
454:2  454 455 4096
454:3  454 455 4816896
457:0  457 458 12845056
457:1  457 458 36864
457:2  457 458 28901376
457:3  457 458 6144
462:0  462 463 12845056
462:1  462 463 4096
462:2  462 463 3211264
462:3  462 463 6144
465:0  465 466 3211264
466:0  466 467 3211264
468:0  468 469 3211264
472:0  472 473 3211264
473:0  473 474 3211264
473:1  473 474 25690112
473:2  473 474 8192
473:3  473 474 4816896
475:0  475 476 3211264
476:0  476 477 3211264
476:1  476 477 8192
476:2  476 477 25690112
476:3  476 477 1536
484:0  484 485 12845056
484:1  484 485 28901376
484:2  484 485 36864
484:3  484 485 4816896
490:0  490 491 12845056
490:1  490 491 3211264
490:2  490 491 4096
490:3  490 491 4816896
493:0  493 494 12845056
493:1  493 494 36864
493:2  493 494 28901376
493:3  493 494 6144
498:0  498 499 12845056
498:1  498 499 4096
498:2  498 499 3211264
498:3  498 499 6144
501:0  501 502 3211264
502:0  502 503 3211264
504:0  504 505 3211264
508:0  508 509 3211264
509:0  509 510 3211264
509:1  509 510 19267584
509:2  509 510 6144
509:3  509 510 4816896
511:0  511 512 3211264
512:0  512 513 3211264
512:1  512 513 6144
512:2  512 513 19267584
512:3  512 513 1536
518:0  518 519 19267584
562:0  562 563 77070336
566:0  566 567 77070336
567:0  567 568 77070336
567:1  567 568 118013952
567:2  567 568 56448
567:3  567 568 19267584
0  0 2 9633792
1  1 3 12845056
2  2 568 118013952
3  3 5 56448
4  4 6 77070336
5  5 549 77070336
6  6 550 19267584
7  7 510 19267584
8  8 10 6144
9  9 11 3211264
10  10 15 3211264
11  11 491 3211264
12  12 14 4096
13  13 18 12845056
14  14 485 28901376
15  15 17 36864
16  16 18 12845056
17  17 19 25690112
18  18 474 25690112
19  19 21 8192
20  20 22 3211264
21  21 26 3211264
22  22 455 3211264
23  23 25 4096
24  24 29 12845056
25  25 449 28901376
26  26 28 36864
27  27 29 12845056
28  28 30 25690112
29  29 438 25690112
30  30 32 16384
31  31 33 6422528
32  32 37 6422528
33  33 419 6422528
34  34 36 16384
35  35 40 25690112
36  36 413 57802752
37  37 39 147456
38  38 40 25690112
39  39 394 51380224
40  40 395 12845056
41  41 355 12845056
42  42 44 32768
43  43 45 1605632
44  44 49 1605632
45  45 336 1605632
46  46 48 16384
47  47 52 6422528
48  48 330 14450688
49  49 51 147456
50  50 52 6422528
51  51 53 12845056
52  52 319 12845056
53  53 55 49152
54  54 56 2408448
55  55 60 2408448
56  56 300 2408448
57  57 59 36864
58  58 63 9633792
59  59 294 21676032
60  60 62 331776
61  61 63 9633792
62  62 64 19267584
63  63 283 19267584
64  64 66 73728
65  65 67 2408448
66  66 71 2408448
67  67 264 2408448
68  68 70 36864
69  69 74 9633792
70  70 258 21676032
71  71 73 331776
72  72 74 9633792
73  73 75 19267584
74  74 247 19267584
75  75 77 98304
76  76 78 3211264
77  77 82 3211264
78  78 228 3211264
79  79 81 65536
80  80 85 12845056
81  81 222 28901376
82  82 84 589824
83  83 85 12845056
84  84 203 25690112
85  85 204 6422528
86  86 164 6422528
87  87 89 131072
88  88 90 802816
89  89 94 802816
90  90 145 802816
91  91 93 65536
92  92 97 3211264
93  93 139 7225344
94  94 96 589824
95  95 97 3211264
96  96 98 6422528
97  97 128 1605632
98  98 100 20480
99  99 101 31360
100  100 102 37632
101  101 119 768
102  102 104 64
103  103 106 64
104  104 107 64
105  105 107 64
106  106 109 64
107  107 111 768
108  108 110 256
109  109 111 768
110  110 118 768
111  111 113 64
112  112 114 64
113  113 115 64
114  114 116 64
115  115 117 640
116  116 118 768
117  117 120 768
118  118 120 768
119  119 121 768
120  120 122 6146560
121  121 130 31360
122  122 124 31360
123  123 125 1984
124  124 126 1984
125  125 569 64
126  126 128 31360
127  127 570 20480
128  128 131 20480
129  129 131 31360
130  130 132 1605632
131  131 133 6422528
132  132 152 6422528
133  133 135 3211264
134  134 136 200704
135  135 137 200704
136  136 571 1024
137  137 139 3211264
138  138 572 589824
139  139 141 3211264
140  140 142 200704
141  141 143 200704
142  142 573 1024
143  143 145 3211264
144  144 574 65536
145  145 148 589824
146  146 148 3211264
147  147 149 7225344
148  148 150 7225344
149  149 156 802816
150  150 153 65536
151  151 153 3211264
152  152 154 802816
153  153 155 802816
154  154 157 802816
155  155 158 802816
156  156 158 802816
157  157 166 802816
158  158 160 802816
159  159 161 50176
160  160 162 50176
161  161 575 256
162  162 164 802816
163  163 576 131072
164  164 167 131072
165  165 167 802816
166  166 168 6422528
167  167 169 6422528
168  168 173 6422528
169  169 171 6422528
170  170 172 6422528
171  171 174 6422528
172  172 206 6422528
173  173 207 6422528
174  174 176 6422528
175  175 177 6422528
176  176 178 6422528
177  177 208 6422528
178  178 180 6422528
179  179 181 6422528
180  180 182 6422528
181  181 209 6422528
182  182 184 6422528
183  183 185 6422528
184  184 186 6422528
185  185 210 6422528
186  186 188 6422528
187  187 189 6422528
188  188 190 6422528
189  189 211 6422528
190  190 192 6422528
191  191 193 6422528
192  192 194 6422528
193  193 212 6422528
194  194 196 6422528
195  195 197 6422528
196  196 198 6422528
197  197 213 6422528
198  198 200 6422528
199  199 201 6422528
200  200 202 6422528
201  201 214 6422528
202  202 204 6422528
203  203 205 6422528
204  204 206 6422528
205  205 215 6422528
206  206 216 25690112
207  207 216 25690112
208  208 216 25690112
209  209 216 25690112
210  210 216 25690112
211  211 216 25690112
212  212 216 25690112
213  213 216 25690112
214  214 216 25690112
215  215 235 25690112
216  216 218 12845056
217  217 219 802816
218  218 220 802816
219  219 577 1024
220  220 222 12845056
221  221 578 589824
222  222 224 12845056
223  223 225 802816
224  224 226 802816
225  225 579 1024
226  226 228 12845056
227  227 580 65536
228  228 231 589824
229  229 231 12845056
230  230 232 28901376
231  231 233 28901376
232  232 239 3211264
233  233 236 65536
234  234 236 12845056
235  235 237 3211264
236  236 238 3211264
237  237 240 3211264
238  238 241 3211264
239  239 241 3211264
240  240 249 3211264
241  241 243 3211264
242  242 244 200704
243  243 245 200704
244  244 581 256
245  245 247 3211264
246  246 582 98304
247  247 250 98304
248  248 250 3211264
249  249 251 19267584
250  250 252 19267584
251  251 271 19267584
252  252 254 9633792
253  253 255 602112
254  254 256 602112
255  255 583 768
256  256 258 9633792
257  257 584 331776
258  258 260 9633792
259  259 261 602112
260  260 262 602112
261  261 585 768
262  262 264 9633792
263  263 586 36864
264  264 267 331776
265  265 267 9633792
266  266 268 21676032
267  267 269 21676032
268  268 275 2408448
269  269 272 36864
270  270 272 9633792
271  271 273 2408448
272  272 274 2408448
273  273 276 2408448
274  274 277 2408448
275  275 277 2408448
276  276 285 2408448
277  277 279 2408448
278  278 280 150528
279  279 281 150528
280  280 587 192
281  281 283 2408448
282  282 588 73728
283  283 286 73728
284  284 286 2408448
285  285 287 19267584
286  286 288 19267584
287  287 307 19267584
288  288 290 9633792
289  289 291 602112
290  290 292 602112
291  291 589 768
292  292 294 9633792
293  293 590 331776
294  294 296 9633792
295  295 297 602112
296  296 298 602112
297  297 591 768
298  298 300 9633792
299  299 592 36864
300  300 303 331776
301  301 303 9633792
302  302 304 21676032
303  303 305 21676032
304  304 311 2408448
305  305 308 36864
306  306 308 9633792
307  307 309 2408448
308  308 310 2408448
309  309 312 2408448
310  310 313 2408448
311  311 313 2408448
312  312 321 2408448
313  313 315 2408448
314  314 316 150528
315  315 317 150528
316  316 593 192
317  317 319 2408448
318  318 594 49152
319  319 322 49152
320  320 322 2408448
321  321 323 12845056
322  322 324 12845056
323  323 343 12845056
324  324 326 6422528
325  325 327 401408
326  326 328 401408
327  327 595 512
328  328 330 6422528
329  329 596 147456
330  330 332 6422528
331  331 333 401408
332  332 334 401408
333  333 597 512
334  334 336 6422528
335  335 598 16384
336  336 339 147456
337  337 339 6422528
338  338 340 14450688
339  339 341 14450688
340  340 347 1605632
341  341 344 16384
342  342 344 6422528
343  343 345 1605632
344  344 346 1605632
345  345 348 1605632
346  346 349 1605632
347  347 349 1605632
348  348 357 1605632
349  349 351 1605632
350  350 352 100352
351  351 353 100352
352  352 599 128
353  353 355 1605632
354  354 600 32768
355  355 358 32768
356  356 358 1605632
357  357 359 12845056
358  358 360 12845056
359  359 364 12845056
360  360 362 12845056
361  361 363 12845056
362  362 365 12845056
363  363 397 12845056
364  364 398 12845056
365  365 367 12845056
366  366 368 12845056
367  367 369 12845056
368  368 399 12845056
369  369 371 12845056
370  370 372 12845056
371  371 373 12845056
372  372 400 12845056
373  373 375 12845056
374  374 376 12845056
375  375 377 12845056
376  376 401 12845056
377  377 379 12845056
378  378 380 12845056
379  379 381 12845056
380  380 402 12845056
381  381 383 12845056
382  382 384 12845056
383  383 385 12845056
384  384 403 12845056
385  385 387 12845056
386  386 388 12845056
387  387 389 12845056
388  388 404 12845056
389  389 391 12845056
390  390 392 12845056
391  391 393 12845056
392  392 405 12845056
393  393 395 12845056
394  394 396 12845056
395  395 397 12845056
396  396 406 12845056
397  397 407 51380224
398  398 407 51380224
399  399 407 51380224
400  400 407 51380224
401  401 407 51380224
402  402 407 51380224
403  403 407 51380224
404  404 407 51380224
405  405 407 51380224
406  406 426 51380224
407  407 409 25690112
408  408 410 1605632
409  409 411 1605632
410  410 601 512
411  411 413 25690112
412  412 602 147456
413  413 415 25690112
414  414 416 1605632
415  415 417 1605632
416  416 603 512
417  417 419 25690112
418  418 604 16384
419  419 422 147456
420  420 422 25690112
421  421 423 57802752
422  422 424 57802752
423  423 430 6422528
424  424 427 16384
425  425 427 25690112
426  426 428 6422528
427  427 429 6422528
428  428 431 6422528
429  429 432 6422528
430  430 432 6422528
431  431 440 6422528
432  432 434 6422528
433  433 435 401408
434  434 436 401408
435  435 605 128
436  436 438 6422528
437  437 606 16384
438  438 441 16384
439  439 441 6422528
440  440 442 25690112
441  441 443 25690112
442  442 462 25690112
443  443 445 12845056
444  444 446 802816
445  445 447 802816
446  446 607 256
447  447 449 12845056
448  448 608 36864
449  449 451 12845056
450  450 452 802816
451  451 453 802816
452  452 609 256
453  453 455 12845056
454  454 610 4096
455  455 458 36864
456  456 458 12845056
457  457 459 28901376
458  458 460 28901376
459  459 466 3211264
460  460 463 4096
461  461 463 12845056
462  462 464 3211264
463  463 465 3211264
464  464 467 3211264
465  465 468 3211264
466  466 468 3211264
467  467 476 3211264
468  468 470 3211264
469  469 471 200704
470  470 472 200704
471  471 611 64
472  472 474 3211264
473  473 612 8192
474  474 477 8192
475  475 477 3211264
476  476 478 25690112
477  477 479 25690112
478  478 498 25690112
479  479 481 12845056
480  480 482 802816
481  481 483 802816
482  482 613 256
483  483 485 12845056
484  484 614 36864
485  485 487 12845056
486  486 488 802816
487  487 489 802816
488  488 615 256
489  489 491 12845056
490  490 616 4096
491  491 494 36864
492  492 494 12845056
493  493 495 28901376
494  494 496 28901376
495  495 502 3211264
496  496 499 4096
497  497 499 12845056
498  498 500 3211264
499  499 501 3211264
500  500 503 3211264
501  501 504 3211264
502  502 504 3211264
503  503 512 3211264
504  504 506 3211264
505  505 507 200704
506  506 508 200704
507  507 617 64
508  508 510 3211264
509  509 618 6144
510  510 513 6144
511  511 513 3211264
512  512 514 19267584
513  513 515 19267584
514  514 519 19267584
515  515 517 19267584
516  516 518 19267584
517  517 520 19267584
518  518 552 19267584
519  519 553 19267584
520  520 522 19267584
521  521 523 19267584
522  522 524 19267584
523  523 554 19267584
524  524 526 19267584
525  525 527 19267584
526  526 528 19267584
527  527 555 19267584
528  528 530 19267584
529  529 531 19267584
530  530 532 19267584
531  531 556 19267584
532  532 534 19267584
533  533 535 19267584
534  534 536 19267584
535  535 557 19267584
536  536 538 19267584
537  537 539 19267584
538  538 540 19267584
539  539 558 19267584
540  540 542 19267584
541  541 543 19267584
542  542 544 19267584
543  543 559 19267584
544  544 546 19267584
545  545 547 19267584
546  546 548 19267584
547  547 560 19267584
548  548 550 19267584
549  549 551 19267584
550  550 552 19267584
551  551 561 19267584
552  552 562 77070336
553  553 562 77070336
554  554 562 77070336
555  555 562 77070336
556  556 562 77070336
557  557 562 77070336
558  558 562 77070336
559  559 562 77070336
560  560 562 77070336
561  561 567 77070336
562  562 564 77070336
563  563 565 4816896
564  564 566 4816896
565  565 619 384
566  566 568 77070336
567  567 620 56448
568  568 620 64
569  569 620 20480
570  570 620 1024
571  571 620 589824
572  572 620 1024
573  573 620 65536
574  574 620 256
575  575 620 131072
576  576 620 1024
577  577 620 589824
578  578 620 1024
579  579 620 65536
580  580 620 256
581  581 620 98304
582  582 620 768
583  583 620 331776
584  584 620 768
585  585 620 36864
586  586 620 192
587  587 620 73728
588  588 620 768
589  589 620 331776
590  590 620 768
591  591 620 36864
592  592 620 192
593  593 620 49152
594  594 620 512
595  595 620 147456
596  596 620 512
597  597 620 16384
598  598 620 128
599  599 620 32768
600  600 620 512
601  601 620 147456
602  602 620 512
603  603 620 16384
604  604 620 128
605  605 620 16384
606  606 620 256
607  607 620 36864
608  608 620 256
609  609 620 4096
610  610 620 64
611  611 620 8192
612  612 620 256
613  613 620 36864
614  614 620 256
615  615 620 4096
616  616 620 64
617  617 620 6144
618  618 620 384
619  619 620 56448
