2:0  2 3 5419008
4:0  4 5 56448
4:1  4 5 66834432
4:2  4 5 43352064
4:3  4 5 14144
5:0  5 6 43352064
7:0  7 8 10838016
9:0  9 10 6144
9:1  9 10 10838016
9:2  9 10 1806336
9:3  9 10 9216
10:0  10 11 1806336
11:0  11 12 1806336
13:0  13 14 4096
13:1  13 14 1806336
13:2  13 14 7225344
13:3  13 14 1536
14:0  14 15 1806336
16:0  16 17 36864
16:1  16 17 16257024
16:2  16 17 7225344
16:3  16 17 13824
17:0  17 18 14450688
18:0  18 19 14450688
20:0  20 21 8192
20:1  20 21 14450688
20:2  20 21 1806336
20:3  20 21 12288
21:0  21 22 1806336
22:0  22 23 1806336
24:0  24 25 4096
24:1  24 25 1806336
24:2  24 25 7225344
24:3  24 25 1536
25:0  25 26 1806336
27:0  27 28 36864
27:1  27 28 16257024
27:2  27 28 7225344
27:3  27 28 13824
28:0  28 29 14450688
29:0  29 30 14450688
31:0  31 32 16384
31:1  31 32 14450688
31:2  31 32 3612672
31:3  31 32 12288
32:0  32 33 3612672
33:0  33 34 3612672
35:0  35 36 16384
35:1  35 36 3612672
35:2  35 36 14450688
35:3  35 36 3072
36:0  36 37 3612672
38:0  38 39 147456
38:1  38 39 32514048
38:2  38 39 14450688
38:3  38 39 8128512
38:4  38 39 36864
38:11  38 39 13824
39:0  39 40 28901376
41:0  41 42 7225344
43:0  43 44 32768
43:1  43 44 7225344
43:2  43 44 903168
43:3  43 44 24576
44:0  44 45 903168
45:0  45 46 903168
47:0  47 48 16384
47:1  47 48 903168
47:2  47 48 3612672
47:3  47 48 3072
48:0  48 49 903168
50:0  50 51 147456
50:1  50 51 8128512
50:2  50 51 3612672
50:3  50 51 2032128
50:4  50 51 36864
50:11  50 51 13824
51:0  51 52 7225344
52:0  52 53 7225344
54:0  54 55 49152
54:1  54 55 7225344
54:2  54 55 1354752
54:3  54 55 24576
55:0  55 56 1354752
56:0  56 57 1354752
58:0  58 59 36864
58:1  58 59 1354752
58:2  58 59 5419008
58:3  58 59 4608
59:0  59 60 1354752
61:0  61 62 331776
61:1  61 62 12192768
61:2  61 62 5419008
61:3  61 62 3048192
61:4  61 62 82944
61:59  61 62 762048
61:60  61 62 20736
61:67  61 62 10368
62:0  62 63 10838016
63:0  63 64 10838016
65:0  65 66 73728
65:1  65 66 10838016
65:2  65 66 1354752
65:3  65 66 36864
66:0  66 67 1354752
67:0  67 68 1354752
69:0  69 70 36864
69:1  69 70 1354752
69:2  69 70 5419008
69:3  69 70 4608
70:0  70 71 1354752
72:0  72 73 331776
72:1  72 73 12192768
72:2  72 73 5419008
72:3  72 73 3048192
72:4  72 73 82944
72:59  72 73 762048
72:60  72 73 20736
72:67  72 73 10368
73:0  73 74 10838016
74:0  74 75 10838016
76:0  76 77 98304
76:1  76 77 10838016
76:2  76 77 1806336
76:3  76 77 36864
77:0  77 78 1806336
78:0  78 79 1806336
80:0  80 81 65536
80:1  80 81 1806336
80:2  80 81 7225344
80:3  80 81 6144
81:0  81 82 1806336
83:0  83 84 589824
83:1  83 84 16257024
83:2  83 84 7225344
83:3  83 84 4064256
83:4  83 84 147456
83:59  83 84 1016064
83:60  83 84 36864
83:67  83 84 13824
84:0  84 85 14450688
86:0  86 87 3612672
88:0  88 89 131072
88:1  88 89 3612672
88:2  88 89 451584
88:3  88 89 897024
88:4  88 89 32768
88:11  88 89 24576
88:12  88 89 49152
89:0  89 90 451584
90:0  90 91 451584
92:0  92 93 65536
92:1  92 93 451584
92:2  92 93 1806336
92:3  92 93 6144
93:0  93 94 451584
95:0  95 96 589824
95:1  95 96 4064256
95:2  95 96 1806336
95:3  95 96 1009152
95:4  95 96 147456
95:65  95 96 248832
95:66  95 96 36864
95:73  95 96 13824
95:74  95 96 27648
95:75  95 96 55296
96:0  96 97 3612672
97:0  97 98 3612672
99:0  99 100 24576
99:1  99 100 903168
99:2  99 100 21184
99:3  99 620 64
99:4  99 100 49152
100:0  100 101 17664
109:0  109 110 384
109:1  109 110 64
120:0  120 121 384
127:0  127 128 21184
127:1  127 128 909312
127:2  127 128 24576
127:3  127 128 42368
130:0  130 131 17792
130:1  130 131 24576
130:2  130 131 909312
130:3  130 131 960
138:0  138 139 1806336
138:1  138 139 4064256
138:2  138 139 589824
138:3  138 139 169344
144:0  144 145 1806336
144:1  144 145 451584
144:2  144 145 65536
144:3  144 145 169344
147:0  147 148 1806336
147:1  147 148 589824
147:2  147 148 4064256
147:3  147 148 1013760
147:4  147 148 450560
147:11  147 148 12288
147:12  147 148 24576
152:0  152 153 1806336
152:1  152 153 65536
152:2  152 153 451584
152:3  152 153 24576
155:0  155 156 451584
156:0  156 157 451584
158:0  158 159 451584
162:0  162 163 451584
163:0  163 164 451584
163:1  163 164 3612672
163:2  163 164 131072
163:3  163 164 169344
165:0  165 166 451584
166:0  166 167 451584
166:1  166 167 131072
166:2  166 167 3612672
166:3  166 167 6144
172:0  172 173 3612672
216:0  216 217 14450688
220:0  220 221 14450688
221:0  221 222 7225344
221:1  221 222 16257024
221:2  221 222 589824
221:3  221 222 4064256
221:4  221 222 1806336
221:59  221 222 1016064
221:60  221 222 451584
221:67  221 222 169344
222:0  222 223 14450688
226:0  226 227 14450688
227:0  227 228 7225344
227:1  227 228 1806336
227:2  227 228 65536
227:3  227 228 677376
229:0  229 230 14450688
230:0  230 231 7225344
230:1  230 231 589824
230:2  230 231 16257024
230:3  230 231 4064256
230:4  230 231 1806336
230:11  230 231 12288
234:0  234 235 14450688
235:0  235 236 7225344
235:1  235 236 65536
235:2  235 236 1806336
235:3  235 236 24576
238:0  238 239 1806336
239:0  239 240 1806336
241:0  241 242 1806336
245:0  245 246 1806336
246:0  246 247 1806336
246:1  246 247 10838016
246:2  246 247 98304
246:3  246 247 2709504
246:4  246 247 451584
246:11  246 247 338688
248:0  248 249 1806336
249:0  249 250 1806336
249:1  249 250 98304
249:2  249 250 10838016
249:3  249 250 6144
257:0  257 258 5419008
257:1  257 258 12192768
257:2  257 258 331776
257:3  257 258 3048192
257:4  257 258 1354752
257:59  257 258 762048
257:60  257 258 338688
257:67  257 258 169344
263:0  263 264 5419008
263:1  263 264 1354752
263:2  263 264 36864
263:3  263 264 677376
266:0  266 267 5419008
266:1  266 267 331776
266:2  266 267 12192768
266:3  266 267 3048192
266:4  266 267 1354752
266:11  266 267 9216
271:0  271 272 5419008
271:1  271 272 36864
271:2  271 272 1354752
271:3  271 272 18432
274:0  274 275 1354752
275:0  275 276 1354752
277:0  277 278 1354752
281:0  281 282 1354752
282:0  282 283 1354752
282:1  282 283 10838016
282:2  282 283 73728
282:3  282 283 677376
284:0  284 285 1354752
285:0  285 286 1354752
285:1  285 286 73728
285:2  285 286 10838016
285:3  285 286 4608
293:0  293 294 5419008
293:1  293 294 12192768
293:2  293 294 331776
293:3  293 294 3048192
293:4  293 294 1354752
293:59  293 294 762048
293:60  293 294 338688
293:67  293 294 169344
299:0  299 300 5419008
299:1  299 300 1354752
299:2  299 300 36864
299:3  299 300 677376
302:0  302 303 5419008
302:1  302 303 331776
302:2  302 303 12192768
302:3  302 303 3048192
302:4  302 303 1354752
302:11  302 303 9216
307:0  307 308 5419008
307:1  307 308 36864
307:2  307 308 1354752
307:3  307 308 18432
310:0  310 311 1354752
311:0  311 312 1354752
313:0  313 314 1354752
317:0  317 318 1354752
318:0  318 319 1354752
318:1  318 319 7225344
318:2  318 319 49152
318:3  318 319 677376
320:0  320 321 1354752
321:0  321 322 1354752
321:1  321 322 49152
321:2  321 322 7225344
321:3  321 322 4608
329:0  329 330 3612672
329:1  329 330 8128512
329:2  329 330 147456
329:3  329 330 2032128
329:4  329 330 903168
329:11  329 330 338688
335:0  335 336 3612672
335:1  335 336 903168
335:2  335 336 16384
335:3  335 336 677376
338:0  338 339 3612672
338:1  338 339 147456
338:2  338 339 8128512
338:3  338 339 12288
343:0  343 344 3612672
343:1  343 344 16384
343:2  343 344 903168
343:3  343 344 12288
346:0  346 347 903168
347:0  347 348 903168
349:0  349 350 903168
353:0  353 354 903168
354:0  354 355 903168
354:1  354 355 7225344
354:2  354 355 32768
354:3  354 355 677376
356:0  356 357 903168
357:0  357 358 903168
357:1  357 358 32768
357:2  357 358 7225344
357:3  357 358 3072
363:0  363 364 7225344
407:0  407 408 28901376
411:0  411 412 28901376
412:0  412 413 14450688
412:1  412 413 32514048
412:2  412 413 147456
412:3  412 413 8128512
412:4  412 413 3612672
412:11  412 413 1354752
413:0  413 414 28901376
417:0  417 418 28901376
418:0  418 419 14450688
418:1  418 419 3612672
418:2  418 419 16384
418:3  418 419 2709504
420:0  420 421 28901376
421:0  421 422 14450688
421:1  421 422 147456
421:2  421 422 32514048
421:3  421 422 12288
425:0  425 426 28901376
426:0  426 427 14450688
426:1  426 427 16384
426:2  426 427 3612672
426:3  426 427 12288
429:0  429 430 3612672
430:0  430 431 3612672
432:0  432 433 3612672
436:0  436 437 3612672
437:0  437 438 3612672
437:1  437 438 14450688
437:2  437 438 16384
437:3  437 438 2709504
439:0  439 440 3612672
440:0  440 441 3612672
440:1  440 441 16384
440:2  440 441 14450688
440:3  440 441 3072
448:0  448 449 7225344
448:1  448 449 16257024
448:2  448 449 36864
448:3  448 449 2709504
454:0  454 455 7225344
454:1  454 455 1806336
454:2  454 455 4096
454:3  454 455 2709504
457:0  457 458 7225344
457:1  457 458 36864
457:2  457 458 16257024
457:3  457 458 6144
462:0  462 463 7225344
462:1  462 463 4096
462:2  462 463 1806336
462:3  462 463 6144
465:0  465 466 1806336
466:0  466 467 1806336
468:0  468 469 1806336
472:0  472 473 1806336
473:0  473 474 1806336
473:1  473 474 14450688
473:2  473 474 8192
473:3  473 474 2709504
475:0  475 476 1806336
476:0  476 477 1806336
476:1  476 477 8192
476:2  476 477 14450688
476:3  476 477 1536
484:0  484 485 7225344
484:1  484 485 16257024
484:2  484 485 36864
484:3  484 485 2709504
490:0  490 491 7225344
490:1  490 491 1806336
490:2  490 491 4096
490:3  490 491 2709504
493:0  493 494 7225344
493:1  493 494 36864
493:2  493 494 16257024
493:3  493 494 6144
498:0  498 499 7225344
498:1  498 499 4096
498:2  498 499 1806336
498:3  498 499 6144
501:0  501 502 1806336
502:0  502 503 1806336
504:0  504 505 1806336
508:0  508 509 1806336
509:0  509 510 1806336
509:1  509 510 10838016
509:2  509 510 6144
509:3  509 510 2709504
511:0  511 512 1806336
512:0  512 513 1806336
512:1  512 513 6144
512:2  512 513 10838016
512:3  512 513 1536
518:0  518 519 10838016
562:0  562 563 43352064
566:0  566 567 43352064
567:0  567 568 43352064
567:1  567 568 66382848
567:2  567 568 56448
567:3  567 568 10838016
0  0 2 5419008
1  1 3 7225344
2  2 568 66382848
3  3 5 56448
4  4 6 43352064
5  5 549 43352064
6  6 550 10838016
7  7 510 10838016
8  8 10 6144
9  9 11 1806336
10  10 15 1806336
11  11 491 1806336
12  12 14 4096
13  13 18 7225344
14  14 485 16257024
15  15 17 36864
16  16 18 7225344
17  17 19 14450688
18  18 474 14450688
19  19 21 8192
20  20 22 1806336
21  21 26 1806336
22  22 455 1806336
23  23 25 4096
24  24 29 7225344
25  25 449 16257024
26  26 28 36864
27  27 29 7225344
28  28 30 14450688
29  29 438 14450688
30  30 32 16384
31  31 33 3612672
32  32 37 3612672
33  33 419 3612672
34  34 36 16384
35  35 40 14450688
36  36 413 32514048
37  37 39 147456
38  38 40 14450688
39  39 394 28901376
40  40 395 7225344
41  41 355 7225344
42  42 44 32768
43  43 45 903168
44  44 49 903168
45  45 336 903168
46  46 48 16384
47  47 52 3612672
48  48 330 8128512
49  49 51 147456
50  50 52 3612672
51  51 53 7225344
52  52 319 7225344
53  53 55 49152
54  54 56 1354752
55  55 60 1354752
56  56 300 1354752
57  57 59 36864
58  58 63 5419008
59  59 294 12192768
60  60 62 331776
61  61 63 5419008
62  62 64 10838016
63  63 283 10838016
64  64 66 73728
65  65 67 1354752
66  66 71 1354752
67  67 264 1354752
68  68 70 36864
69  69 74 5419008
70  70 258 12192768
71  71 73 331776
72  72 74 5419008
73  73 75 10838016
74  74 247 10838016
75  75 77 98304
76  76 78 1806336
77  77 82 1806336
78  78 228 1806336
79  79 81 65536
80  80 85 7225344
81  81 222 16257024
82  82 84 589824
83  83 85 7225344
84  84 203 14450688
85  85 204 3612672
86  86 164 3612672
87  87 89 131072
88  88 90 451584
89  89 94 451584
90  90 145 451584
91  91 93 65536
92  92 97 1806336
93  93 139 4064256
94  94 96 589824
95  95 97 1806336
96  96 98 3612672
97  97 128 903168
98  98 100 20480
99  99 101 17664
100  100 102 21184
101  101 119 448
102  102 104 64
103  103 106 64
104  104 107 64
105  105 107 64
106  106 109 64
107  107 111 448
108  108 110 192
109  109 111 448
110  110 118 448
111  111 113 64
112  112 114 64
113  113 115 64
114  114 116 64
115  115 117 384
116  116 118 448
117  117 120 448
118  118 120 448
119  119 121 448
120  120 122 3457472
121  121 130 17664
122  122 124 17664
123  123 125 1984
124  124 126 1984
125  125 569 64
126  126 128 17664
127  127 570 20480
128  128 131 20480
129  129 131 17664
130  130 132 903168
131  131 133 3612672
132  132 152 3612672
133  133 135 1806336
134  134 136 200704
135  135 137 200704
136  136 571 1024
137  137 139 1806336
138  138 572 589824
139  139 141 1806336
140  140 142 200704
141  141 143 200704
142  142 573 1024
143  143 145 1806336
144  144 574 65536
145  145 148 589824
146  146 148 1806336
147  147 149 4064256
148  148 150 4064256
149  149 156 451584
150  150 153 65536
151  151 153 1806336
152  152 154 451584
153  153 155 451584
154  154 157 451584
155  155 158 451584
156  156 158 451584
157  157 166 451584
158  158 160 451584
159  159 161 50176
160  160 162 50176
161  161 575 256
162  162 164 451584
163  163 576 131072
164  164 167 131072
165  165 167 451584
166  166 168 3612672
167  167 169 3612672
168  168 173 3612672
169  169 171 3612672
170  170 172 3612672
171  171 174 3612672
172  172 206 3612672
173  173 207 3612672
174  174 176 3612672
175  175 177 3612672
176  176 178 3612672
177  177 208 3612672
178  178 180 3612672
179  179 181 3612672
180  180 182 3612672
181  181 209 3612672
182  182 184 3612672
183  183 185 3612672
184  184 186 3612672
185  185 210 3612672
186  186 188 3612672
187  187 189 3612672
188  188 190 3612672
189  189 211 3612672
190  190 192 3612672
191  191 193 3612672
192  192 194 3612672
193  193 212 3612672
194  194 196 3612672
195  195 197 3612672
196  196 198 3612672
197  197 213 3612672
198  198 200 3612672
199  199 201 3612672
200  200 202 3612672
201  201 214 3612672
202  202 204 3612672
203  203 205 3612672
204  204 206 3612672
205  205 215 3612672
206  206 216 14450688
207  207 216 14450688
208  208 216 14450688
209  209 216 14450688
210  210 216 14450688
211  211 216 14450688
212  212 216 14450688
213  213 216 14450688
214  214 216 14450688
215  215 235 14450688
216  216 218 7225344
217  217 219 802816
218  218 220 802816
219  219 577 1024
220  220 222 7225344
221  221 578 589824
222  222 224 7225344
223  223 225 802816
224  224 226 802816
225  225 579 1024
226  226 228 7225344
227  227 580 65536
228  228 231 589824
229  229 231 7225344
230  230 232 16257024
231  231 233 16257024
232  232 239 1806336
233  233 236 65536
234  234 236 7225344
235  235 237 1806336
236  236 238 1806336
237  237 240 1806336
238  238 241 1806336
239  239 241 1806336
240  240 249 1806336
241  241 243 1806336
242  242 244 200704
243  243 245 200704
244  244 581 256
245  245 247 1806336
246  246 582 98304
247  247 250 98304
248  248 250 1806336
249  249 251 10838016
250  250 252 10838016
251  251 271 10838016
252  252 254 5419008
253  253 255 602112
254  254 256 602112
255  255 583 768
256  256 258 5419008
257  257 584 331776
258  258 260 5419008
259  259 261 602112
260  260 262 602112
261  261 585 768
262  262 264 5419008
263  263 586 36864
264  264 267 331776
265  265 267 5419008
266  266 268 12192768
267  267 269 12192768
268  268 275 1354752
269  269 272 36864
270  270 272 5419008
271  271 273 1354752
272  272 274 1354752
273  273 276 1354752
274  274 277 1354752
275  275 277 1354752
276  276 285 1354752
277  277 279 1354752
278  278 280 150528
279  279 281 150528
280  280 587 192
281  281 283 1354752
282  282 588 73728
283  283 286 73728
284  284 286 1354752
285  285 287 10838016
286  286 288 10838016
287  287 307 10838016
288  288 290 5419008
289  289 291 602112
290  290 292 602112
291  291 589 768
292  292 294 5419008
293  293 590 331776
294  294 296 5419008
295  295 297 602112
296  296 298 602112
297  297 591 768
298  298 300 5419008
299  299 592 36864
300  300 303 331776
301  301 303 5419008
302  302 304 12192768
303  303 305 12192768
304  304 311 1354752
305  305 308 36864
306  306 308 5419008
307  307 309 1354752
308  308 310 1354752
309  309 312 1354752
310  310 313 1354752
311  311 313 1354752
312  312 321 1354752
313  313 315 1354752
314  314 316 150528
315  315 317 150528
316  316 593 192
317  317 319 1354752
318  318 594 49152
319  319 322 49152
320  320 322 1354752
321  321 323 7225344
322  322 324 7225344
323  323 343 7225344
324  324 326 3612672
325  325 327 401408
326  326 328 401408
327  327 595 512
328  328 330 3612672
329  329 596 147456
330  330 332 3612672
331  331 333 401408
332  332 334 401408
333  333 597 512
334  334 336 3612672
335  335 598 16384
336  336 339 147456
337  337 339 3612672
338  338 340 8128512
339  339 341 8128512
340  340 347 903168
341  341 344 16384
342  342 344 3612672
343  343 345 903168
344  344 346 903168
345  345 348 903168
346  346 349 903168
347  347 349 903168
348  348 357 903168
349  349 351 903168
350  350 352 100352
351  351 353 100352
352  352 599 128
353  353 355 903168
354  354 600 32768
355  355 358 32768
356  356 358 903168
357  357 359 7225344
358  358 360 7225344
359  359 364 7225344
360  360 362 7225344
361  361 363 7225344
362  362 365 7225344
363  363 397 7225344
364  364 398 7225344
365  365 367 7225344
366  366 368 7225344
367  367 369 7225344
368  368 399 7225344
369  369 371 7225344
370  370 372 7225344
371  371 373 7225344
372  372 400 7225344
373  373 375 7225344
374  374 376 7225344
375  375 377 7225344
376  376 401 7225344
377  377 379 7225344
378  378 380 7225344
379  379 381 7225344
380  380 402 7225344
381  381 383 7225344
382  382 384 7225344
383  383 385 7225344
384  384 403 7225344
385  385 387 7225344
386  386 388 7225344
387  387 389 7225344
388  388 404 7225344
389  389 391 7225344
390  390 392 7225344
391  391 393 7225344
392  392 405 7225344
393  393 395 7225344
394  394 396 7225344
395  395 397 7225344
396  396 406 7225344
397  397 407 28901376
398  398 407 28901376
399  399 407 28901376
400  400 407 28901376
401  401 407 28901376
402  402 407 28901376
403  403 407 28901376
404  404 407 28901376
405  405 407 28901376
406  406 426 28901376
407  407 409 14450688
408  408 410 1605632
409  409 411 1605632
410  410 601 512
411  411 413 14450688
412  412 602 147456
413  413 415 14450688
414  414 416 1605632
415  415 417 1605632
416  416 603 512
417  417 419 14450688
418  418 604 16384
419  419 422 147456
420  420 422 14450688
421  421 423 32514048
422  422 424 32514048
423  423 430 3612672
424  424 427 16384
425  425 427 14450688
426  426 428 3612672
427  427 429 3612672
428  428 431 3612672
429  429 432 3612672
430  430 432 3612672
431  431 440 3612672
432  432 434 3612672
433  433 435 401408
434  434 436 401408
435  435 605 128
436  436 438 3612672
437  437 606 16384
438  438 441 16384
439  439 441 3612672
440  440 442 14450688
441  441 443 14450688
442  442 462 14450688
443  443 445 7225344
444  444 446 802816
445  445 447 802816
446  446 607 256
447  447 449 7225344
448  448 608 36864
449  449 451 7225344
450  450 452 802816
451  451 453 802816
452  452 609 256
453  453 455 7225344
454  454 610 4096
455  455 458 36864
456  456 458 7225344
457  457 459 16257024
458  458 460 16257024
459  459 466 1806336
460  460 463 4096
461  461 463 7225344
462  462 464 1806336
463  463 465 1806336
464  464 467 1806336
465  465 468 1806336
466  466 468 1806336
467  467 476 1806336
468  468 470 1806336
469  469 471 200704
470  470 472 200704
471  471 611 64
472  472 474 1806336
473  473 612 8192
474  474 477 8192
475  475 477 1806336
476  476 478 14450688
477  477 479 14450688
478  478 498 14450688
479  479 481 7225344
480  480 482 802816
481  481 483 802816
482  482 613 256
483  483 485 7225344
484  484 614 36864
485  485 487 7225344
486  486 488 802816
487  487 489 802816
488  488 615 256
489  489 491 7225344
490  490 616 4096
491  491 494 36864
492  492 494 7225344
493  493 495 16257024
494  494 496 16257024
495  495 502 1806336
496  496 499 4096
497  497 499 7225344
498  498 500 1806336
499  499 501 1806336
500  500 503 1806336
501  501 504 1806336
502  502 504 1806336
503  503 512 1806336
504  504 506 1806336
505  505 507 200704
506  506 508 200704
507  507 617 64
508  508 510 1806336
509  509 618 6144
510  510 513 6144
511  511 513 1806336
512  512 514 10838016
513  513 515 10838016
514  514 519 10838016
515  515 517 10838016
516  516 518 10838016
517  517 520 10838016
518  518 552 10838016
519  519 553 10838016
520  520 522 10838016
521  521 523 10838016
522  522 524 10838016
523  523 554 10838016
524  524 526 10838016
525  525 527 10838016
526  526 528 10838016
527  527 555 10838016
528  528 530 10838016
529  529 531 10838016
530  530 532 10838016
531  531 556 10838016
532  532 534 10838016
533  533 535 10838016
534  534 536 10838016
535  535 557 10838016
536  536 538 10838016
537  537 539 10838016
538  538 540 10838016
539  539 558 10838016
540  540 542 10838016
541  541 543 10838016
542  542 544 10838016
543  543 559 10838016
544  544 546 10838016
545  545 547 10838016
546  546 548 10838016
547  547 560 10838016
548  548 550 10838016
549  549 551 10838016
550  550 552 10838016
551  551 561 10838016
552  552 562 43352064
553  553 562 43352064
554  554 562 43352064
555  555 562 43352064
556  556 562 43352064
557  557 562 43352064
558  558 562 43352064
559  559 562 43352064
560  560 562 43352064
561  561 567 43352064
562  562 564 43352064
563  563 565 4816896
564  564 566 4816896
565  565 619 384
566  566 568 43352064
567  567 620 56448
568  568 620 64
569  569 620 20480
570  570 620 1024
571  571 620 589824
572  572 620 1024
573  573 620 65536
574  574 620 256
575  575 620 131072
576  576 620 1024
577  577 620 589824
578  578 620 1024
579  579 620 65536
580  580 620 256
581  581 620 98304
582  582 620 768
583  583 620 331776
584  584 620 768
585  585 620 36864
586  586 620 192
587  587 620 73728
588  588 620 768
589  589 620 331776
590  590 620 768
591  591 620 36864
592  592 620 192
593  593 620 49152
594  594 620 512
595  595 620 147456
596  596 620 512
597  597 620 16384
598  598 620 128
599  599 620 32768
600  600 620 512
601  601 620 147456
602  602 620 512
603  603 620 16384
604  604 620 128
605  605 620 16384
606  606 620 256
607  607 620 36864
608  608 620 256
609  609 620 4096
610  610 620 64
611  611 620 8192
612  612 620 256
613  613 620 36864
614  614 620 256
615  615 620 4096
616  616 620 64
617  617 620 6144
618  618 620 384
619  619 620 56448
