2:0  2 3 2408448
4:0  4 5 56448
4:1  4 5 29704192
4:2  4 5 19267584
4:3  4 5 14144
5:0  5 6 19267584
7:0  7 8 4816896
9:0  9 10 6144
9:1  9 10 4816896
9:2  9 10 802816
9:3  9 10 9216
10:0  10 11 802816
11:0  11 12 802816
13:0  13 14 4096
13:1  13 14 802816
13:2  13 14 3211264
13:3  13 14 1536
14:0  14 15 802816
16:0  16 17 36864
16:1  16 17 7225344
16:2  16 17 3211264
16:3  16 17 13824
17:0  17 18 6422528
18:0  18 19 6422528
20:0  20 21 8192
20:1  20 21 6422528
20:2  20 21 802816
20:3  20 21 12288
21:0  21 22 802816
22:0  22 23 802816
24:0  24 25 4096
24:1  24 25 802816
24:2  24 25 3211264
24:3  24 25 1536
25:0  25 26 802816
27:0  27 28 36864
27:1  27 28 7225344
27:2  27 28 3211264
27:3  27 28 13824
28:0  28 29 6422528
29:0  29 30 6422528
31:0  31 32 16384
31:1  31 32 6422528
31:2  31 32 1605632
31:3  31 32 12288
32:0  32 33 1605632
33:0  33 34 1605632
35:0  35 36 16384
35:1  35 36 1605632
35:2  35 36 6422528
35:3  35 36 3072
36:0  36 37 1605632
38:0  38 39 147456
38:1  38 39 14450688
38:2  38 39 6422528
38:3  38 39 3608064
38:4  38 39 36864
38:11  38 39 13824
38:12  38 39 27648
39:0  39 40 12845056
41:0  41 42 3211264
43:0  43 44 32768
43:1  43 44 3211264
43:2  43 44 401408
43:3  43 44 24576
44:0  44 45 401408
45:0  45 46 401408
47:0  47 48 16384
47:1  47 48 401408
47:2  47 48 1605632
47:3  47 48 3072
48:0  48 49 401408
50:0  50 51 147456
50:1  50 51 3612672
50:2  50 51 1605632
50:3  50 51 898560
50:4  50 51 36864
50:11  50 51 13824
50:12  50 51 27648
51:0  51 52 3211264
52:0  52 53 3211264
54:0  54 55 49152
54:1  54 55 3211264
54:2  54 55 602112
54:3  54 55 24576
55:0  55 56 602112
56:0  56 57 602112
58:0  58 59 36864
58:1  58 59 602112
58:2  58 59 2408448
58:3  58 59 4608
59:0  59 60 602112
61:0  61 62 331776
61:1  61 62 5419008
61:2  61 62 2408448
61:3  61 62 1347840
61:4  61 62 82944
61:11  61 62 20736
61:12  61 62 41472
62:0  62 63 4816896
63:0  63 64 4816896
65:0  65 66 73728
65:1  65 66 4816896
65:2  65 66 602112
65:3  65 66 36864
66:0  66 67 602112
67:0  67 68 602112
69:0  69 70 36864
69:1  69 70 602112
69:2  69 70 2408448
69:3  69 70 4608
70:0  70 71 602112
72:0  72 73 331776
72:1  72 73 5419008
72:2  72 73 2408448
72:3  72 73 1347840
72:4  72 73 82944
72:11  72 73 20736
72:12  72 73 41472
73:0  73 74 4816896
74:0  74 75 4816896
76:0  76 77 98304
76:1  76 77 4816896
76:2  76 77 802816
76:3  76 77 36864
77:0  77 78 802816
78:0  78 79 802816
80:0  80 81 65536
80:1  80 81 802816
80:2  80 81 3211264
80:3  80 81 6144
81:0  81 82 802816
83:0  83 84 589824
83:1  83 84 7225344
83:2  83 84 3211264
83:3  83 84 1797120
83:4  83 84 147456
83:59  83 84 449280
83:60  83 84 36864
83:67  83 84 13824
83:68  83 84 55296
84:0  84 85 6422528
86:0  86 87 1605632
88:0  88 89 131072
88:1  88 89 1605632
88:2  88 89 200704
88:3  88 89 49152
89:0  89 90 200704
90:0  90 91 200704
92:0  92 93 65536
92:1  92 93 200704
92:2  92 93 802816
92:3  92 93 6144
93:0  93 94 200704
95:0  95 96 589824
95:1  95 96 1806336
95:2  95 96 802816
95:3  95 96 442368
95:4  95 96 147456
95:59  95 96 110592
95:60  95 96 36864
95:67  95 96 13824
95:68  95 96 55296
96:0  96 97 1605632
97:0  97 98 1605632
99:0  99 100 24576
99:1  99 100 401408
99:2  99 100 9408
99:3  99 620 64
99:4  99 100 49152
100:0  100 101 7872
109:0  109 110 192
109:1  109 110 64
120:0  120 121 192
127:0  127 128 9408
127:1  127 128 401408
127:2  127 128 24576
127:3  127 128 18816
130:0  130 131 7872
130:1  130 131 24576
130:2  130 131 401408
130:3  130 131 960
138:0  138 139 802816
138:1  138 139 1806336
138:2  138 139 589824
138:3  138 139 451584
138:4  138 139 200704
138:59  138 139 112896
138:60  138 139 50176
138:67  138 139 18816
144:0  144 145 802816
144:1  144 145 200704
144:2  144 145 65536
144:3  144 145 75264
147:0  147 148 802816
147:1  147 148 589824
147:2  147 148 1806336
147:3  147 148 451584
147:4  147 148 200704
147:11  147 148 12288
152:0  152 153 802816
152:1  152 153 65536
152:2  152 153 200704
152:3  152 153 24576
155:0  155 156 200704
156:0  156 157 200704
158:0  158 159 200704
162:0  162 163 200704
163:0  163 164 200704
163:1  163 164 1605632
163:2  163 164 131072
163:3  163 164 75264
165:0  165 166 200704
166:0  166 167 200704
166:1  166 167 131072
166:2  166 167 1605632
166:3  166 167 6144
172:0  172 173 1605632
216:0  216 217 6422528
220:0  220 221 6422528
221:0  221 222 3211264
221:1  221 222 7225344
221:2  221 222 589824
221:3  221 222 1806336
221:4  221 222 802816
221:59  221 222 451584
221:60  221 222 200704
221:67  221 222 75264
222:0  222 223 6422528
226:0  226 227 6422528
227:0  227 228 3211264
227:1  227 228 802816
227:2  227 228 65536
227:3  227 228 301056
229:0  229 230 6422528
230:0  230 231 3211264
230:1  230 231 589824
230:2  230 231 7225344
230:3  230 231 1806336
230:4  230 231 802816
230:11  230 231 12288
234:0  234 235 6422528
235:0  235 236 3211264
235:1  235 236 65536
235:2  235 236 802816
235:3  235 236 24576
238:0  238 239 802816
239:0  239 240 802816
241:0  241 242 802816
245:0  245 246 802816
246:0  246 247 802816
246:1  246 247 4816896
246:2  246 247 98304
246:3  246 247 1204224
246:4  246 247 200704
246:11  246 247 150528
248:0  248 249 802816
249:0  249 250 802816
249:1  249 250 98304
249:2  249 250 4816896
249:3  249 250 6144
257:0  257 258 2408448
257:1  257 258 5419008
257:2  257 258 331776
257:3  257 258 1354752
257:4  257 258 602112
257:59  257 258 338688
257:60  257 258 150528
257:67  257 258 75264
263:0  263 264 2408448
263:1  263 264 602112
263:2  263 264 36864
263:3  263 264 301056
266:0  266 267 2408448
266:1  266 267 331776
266:2  266 267 5419008
266:3  266 267 1354752
266:4  266 267 602112
266:11  266 267 9216
271:0  271 272 2408448
271:1  271 272 36864
271:2  271 272 602112
271:3  271 272 18432
274:0  274 275 602112
275:0  275 276 602112
277:0  277 278 602112
281:0  281 282 602112
282:0  282 283 602112
282:1  282 283 4816896
282:2  282 283 73728
282:3  282 283 301056
284:0  284 285 602112
285:0  285 286 602112
285:1  285 286 73728
285:2  285 286 4816896
285:3  285 286 4608
293:0  293 294 2408448
293:1  293 294 5419008
293:2  293 294 331776
293:3  293 294 1354752
293:4  293 294 602112
293:59  293 294 338688
293:60  293 294 150528
293:67  293 294 75264
299:0  299 300 2408448
299:1  299 300 602112
299:2  299 300 36864
299:3  299 300 301056
302:0  302 303 2408448
302:1  302 303 331776
302:2  302 303 5419008
302:3  302 303 1354752
302:4  302 303 602112
302:11  302 303 9216
307:0  307 308 2408448
307:1  307 308 36864
307:2  307 308 602112
307:3  307 308 18432
310:0  310 311 602112
311:0  311 312 602112
313:0  313 314 602112
317:0  317 318 602112
318:0  318 319 602112
318:1  318 319 3211264
318:2  318 319 49152
318:3  318 319 301056
320:0  320 321 602112
321:0  321 322 602112
321:1  321 322 49152
321:2  321 322 3211264
321:3  321 322 4608
329:0  329 330 1605632
329:1  329 330 3612672
329:2  329 330 147456
329:3  329 330 903168
329:4  329 330 401408
329:11  329 330 150528
335:0  335 336 1605632
335:1  335 336 401408
335:2  335 336 16384
335:3  335 336 301056
338:0  338 339 1605632
338:1  338 339 147456
338:2  338 339 3612672
338:3  338 339 12288
343:0  343 344 1605632
343:1  343 344 16384
343:2  343 344 401408
343:3  343 344 12288
346:0  346 347 401408
347:0  347 348 401408
349:0  349 350 401408
353:0  353 354 401408
354:0  354 355 401408
354:1  354 355 3211264
354:2  354 355 32768
354:3  354 355 301056
356:0  356 357 401408
357:0  357 358 401408
357:1  357 358 32768
357:2  357 358 3211264
357:3  357 358 3072
363:0  363 364 3211264
407:0  407 408 12845056
411:0  411 412 12845056
412:0  412 413 6422528
412:1  412 413 14450688
412:2  412 413 147456
412:3  412 413 3612672
412:4  412 413 1605632
412:11  412 413 602112
413:0  413 414 12845056
417:0  417 418 12845056
418:0  418 419 6422528
418:1  418 419 1605632
418:2  418 419 16384
418:3  418 419 1204224
420:0  420 421 12845056
421:0  421 422 6422528
421:1  421 422 147456
421:2  421 422 14450688
421:3  421 422 12288
425:0  425 426 12845056
426:0  426 427 6422528
426:1  426 427 16384
426:2  426 427 1605632
426:3  426 427 12288
429:0  429 430 1605632
430:0  430 431 1605632
432:0  432 433 1605632
436:0  436 437 1605632
437:0  437 438 1605632
437:1  437 438 6422528
437:2  437 438 16384
437:3  437 438 1204224
439:0  439 440 1605632
440:0  440 441 1605632
440:1  440 441 16384
440:2  440 441 6422528
440:3  440 441 3072
448:0  448 449 3211264
448:1  448 449 7225344
448:2  448 449 36864
448:3  448 449 1204224
454:0  454 455 3211264
454:1  454 455 802816
454:2  454 455 4096
454:3  454 455 1204224
457:0  457 458 3211264
457:1  457 458 36864
457:2  457 458 7225344
457:3  457 458 6144
462:0  462 463 3211264
462:1  462 463 4096
462:2  462 463 802816
462:3  462 463 6144
465:0  465 466 802816
466:0  466 467 802816
468:0  468 469 802816
472:0  472 473 802816
473:0  473 474 802816
473:1  473 474 6422528
473:2  473 474 8192
473:3  473 474 1204224
475:0  475 476 802816
476:0  476 477 802816
476:1  476 477 8192
476:2  476 477 6422528
476:3  476 477 1536
484:0  484 485 3211264
484:1  484 485 7225344
484:2  484 485 36864
484:3  484 485 1204224
490:0  490 491 3211264
490:1  490 491 802816
490:2  490 491 4096
490:3  490 491 1204224
493:0  493 494 3211264
493:1  493 494 36864
493:2  493 494 7225344
493:3  493 494 6144
498:0  498 499 3211264
498:1  498 499 4096
498:2  498 499 802816
498:3  498 499 6144
501:0  501 502 802816
502:0  502 503 802816
504:0  504 505 802816
508:0  508 509 802816
509:0  509 510 802816
509:1  509 510 4816896
509:2  509 510 6144
509:3  509 510 1204224
511:0  511 512 802816
512:0  512 513 802816
512:1  512 513 6144
512:2  512 513 4816896
512:3  512 513 1536
518:0  518 519 4816896
562:0  562 563 19267584
566:0  566 567 19267584
567:0  567 568 19267584
567:1  567 568 29503488
567:2  567 568 56448
567:3  567 568 4816896
0  0 2 2408448
1  1 3 3211264
2  2 568 29503488
3  3 5 56448
4  4 6 19267584
5  5 549 19267584
6  6 550 4816896
7  7 510 4816896
8  8 10 6144
9  9 11 802816
10  10 15 802816
11  11 491 802816
12  12 14 4096
13  13 18 3211264
14  14 485 7225344
15  15 17 36864
16  16 18 3211264
17  17 19 6422528
18  18 474 6422528
19  19 21 8192
20  20 22 802816
21  21 26 802816
22  22 455 802816
23  23 25 4096
24  24 29 3211264
25  25 449 7225344
26  26 28 36864
27  27 29 3211264
28  28 30 6422528
29  29 438 6422528
30  30 32 16384
31  31 33 1605632
32  32 37 1605632
33  33 419 1605632
34  34 36 16384
35  35 40 6422528
36  36 413 14450688
37  37 39 147456
38  38 40 6422528
39  39 394 12845056
40  40 395 3211264
41  41 355 3211264
42  42 44 32768
43  43 45 401408
44  44 49 401408
45  45 336 401408
46  46 48 16384
47  47 52 1605632
48  48 330 3612672
49  49 51 147456
50  50 52 1605632
51  51 53 3211264
52  52 319 3211264
53  53 55 49152
54  54 56 602112
55  55 60 602112
56  56 300 602112
57  57 59 36864
58  58 63 2408448
59  59 294 5419008
60  60 62 331776
61  61 63 2408448
62  62 64 4816896
63  63 283 4816896
64  64 66 73728
65  65 67 602112
66  66 71 602112
67  67 264 602112
68  68 70 36864
69  69 74 2408448
70  70 258 5419008
71  71 73 331776
72  72 74 2408448
73  73 75 4816896
74  74 247 4816896
75  75 77 98304
76  76 78 802816
77  77 82 802816
78  78 228 802816
79  79 81 65536
80  80 85 3211264
81  81 222 7225344
82  82 84 589824
83  83 85 3211264
84  84 203 6422528
85  85 204 1605632
86  86 164 1605632
87  87 89 131072
88  88 90 200704
89  89 94 200704
90  90 145 200704
91  91 93 65536
92  92 97 802816
93  93 139 1806336
94  94 96 589824
95  95 97 802816
96  96 98 1605632
97  97 128 401408
98  98 100 20480
99  99 101 7872
100  100 102 9408
101  101 119 192
102  102 104 64
103  103 106 64
104  104 107 64
105  105 107 64
106  106 109 64
107  107 111 192
108  108 110 64
109  109 111 192
110  110 118 192
111  111 113 64
112  112 114 64
113  113 115 64
114  114 116 64
115  115 117 192
116  116 118 192
117  117 120 192
118  118 120 192
119  119 121 192
120  120 122 1536640
121  121 130 7872
122  122 124 7872
123  123 125 1984
124  124 126 1984
125  125 569 64
126  126 128 7872
127  127 570 20480
128  128 131 20480
129  129 131 7872
130  130 132 401408
131  131 133 1605632
132  132 152 1605632
133  133 135 802816
134  134 136 200704
135  135 137 200704
136  136 571 1024
137  137 139 802816
138  138 572 589824
139  139 141 802816
140  140 142 200704
141  141 143 200704
142  142 573 1024
143  143 145 802816
144  144 574 65536
145  145 148 589824
146  146 148 802816
147  147 149 1806336
148  148 150 1806336
149  149 156 200704
150  150 153 65536
151  151 153 802816
152  152 154 200704
153  153 155 200704
154  154 157 200704
155  155 158 200704
156  156 158 200704
157  157 166 200704
158  158 160 200704
159  159 161 50176
160  160 162 50176
161  161 575 256
162  162 164 200704
163  163 576 131072
164  164 167 131072
165  165 167 200704
166  166 168 1605632
167  167 169 1605632
168  168 173 1605632
169  169 171 1605632
170  170 172 1605632
171  171 174 1605632
172  172 206 1605632
173  173 207 1605632
174  174 176 1605632
175  175 177 1605632
176  176 178 1605632
177  177 208 1605632
178  178 180 1605632
179  179 181 1605632
180  180 182 1605632
181  181 209 1605632
182  182 184 1605632
183  183 185 1605632
184  184 186 1605632
185  185 210 1605632
186  186 188 1605632
187  187 189 1605632
188  188 190 1605632
189  189 211 1605632
190  190 192 1605632
191  191 193 1605632
192  192 194 1605632
193  193 212 1605632
194  194 196 1605632
195  195 197 1605632
196  196 198 1605632
197  197 213 1605632
198  198 200 1605632
199  199 201 1605632
200  200 202 1605632
201  201 214 1605632
202  202 204 1605632
203  203 205 1605632
204  204 206 1605632
205  205 215 1605632
206  206 216 6422528
207  207 216 6422528
208  208 216 6422528
209  209 216 6422528
210  210 216 6422528
211  211 216 6422528
212  212 216 6422528
213  213 216 6422528
214  214 216 6422528
215  215 235 6422528
216  216 218 3211264
217  217 219 802816
218  218 220 802816
219  219 577 1024
220  220 222 3211264
221  221 578 589824
222  222 224 3211264
223  223 225 802816
224  224 226 802816
225  225 579 1024
226  226 228 3211264
227  227 580 65536
228  228 231 589824
229  229 231 3211264
230  230 232 7225344
231  231 233 7225344
232  232 239 802816
233  233 236 65536
234  234 236 3211264
235  235 237 802816
236  236 238 802816
237  237 240 802816
238  238 241 802816
239  239 241 802816
240  240 249 802816
241  241 243 802816
242  242 244 200704
243  243 245 200704
244  244 581 256
245  245 247 802816
246  246 582 98304
247  247 250 98304
248  248 250 802816
249  249 251 4816896
250  250 252 4816896
251  251 271 4816896
252  252 254 2408448
253  253 255 602112
254  254 256 602112
255  255 583 768
256  256 258 2408448
257  257 584 331776
258  258 260 2408448
259  259 261 602112
260  260 262 602112
261  261 585 768
262  262 264 2408448
263  263 586 36864
264  264 267 331776
265  265 267 2408448
266  266 268 5419008
267  267 269 5419008
268  268 275 602112
269  269 272 36864
270  270 272 2408448
271  271 273 602112
272  272 274 602112
273  273 276 602112
274  274 277 602112
275  275 277 602112
276  276 285 602112
277  277 279 602112
278  278 280 150528
279  279 281 150528
280  280 587 192
281  281 283 602112
282  282 588 73728
283  283 286 73728
284  284 286 602112
285  285 287 4816896
286  286 288 4816896
287  287 307 4816896
288  288 290 2408448
289  289 291 602112
290  290 292 602112
291  291 589 768
292  292 294 2408448
293  293 590 331776
294  294 296 2408448
295  295 297 602112
296  296 298 602112
297  297 591 768
298  298 300 2408448
299  299 592 36864
300  300 303 331776
301  301 303 2408448
302  302 304 5419008
303  303 305 5419008
304  304 311 602112
305  305 308 36864
306  306 308 2408448
307  307 309 602112
308  308 310 602112
309  309 312 602112
310  310 313 602112
311  311 313 602112
312  312 321 602112
313  313 315 602112
314  314 316 150528
315  315 317 150528
316  316 593 192
317  317 319 602112
318  318 594 49152
319  319 322 49152
320  320 322 602112
321  321 323 3211264
322  322 324 3211264
323  323 343 3211264
324  324 326 1605632
325  325 327 401408
326  326 328 401408
327  327 595 512
328  328 330 1605632
329  329 596 147456
330  330 332 1605632
331  331 333 401408
332  332 334 401408
333  333 597 512
334  334 336 1605632
335  335 598 16384
336  336 339 147456
337  337 339 1605632
338  338 340 3612672
339  339 341 3612672
340  340 347 401408
341  341 344 16384
342  342 344 1605632
343  343 345 401408
344  344 346 401408
345  345 348 401408
346  346 349 401408
347  347 349 401408
348  348 357 401408
349  349 351 401408
350  350 352 100352
351  351 353 100352
352  352 599 128
353  353 355 401408
354  354 600 32768
355  355 358 32768
356  356 358 401408
357  357 359 3211264
358  358 360 3211264
359  359 364 3211264
360  360 362 3211264
361  361 363 3211264
362  362 365 3211264
363  363 397 3211264
364  364 398 3211264
365  365 367 3211264
366  366 368 3211264
367  367 369 3211264
368  368 399 3211264
369  369 371 3211264
370  370 372 3211264
371  371 373 3211264
372  372 400 3211264
373  373 375 3211264
374  374 376 3211264
375  375 377 3211264
376  376 401 3211264
377  377 379 3211264
378  378 380 3211264
379  379 381 3211264
380  380 402 3211264
381  381 383 3211264
382  382 384 3211264
383  383 385 3211264
384  384 403 3211264
385  385 387 3211264
386  386 388 3211264
387  387 389 3211264
388  388 404 3211264
389  389 391 3211264
390  390 392 3211264
391  391 393 3211264
392  392 405 3211264
393  393 395 3211264
394  394 396 3211264
395  395 397 3211264
396  396 406 3211264
397  397 407 12845056
398  398 407 12845056
399  399 407 12845056
400  400 407 12845056
401  401 407 12845056
402  402 407 12845056
403  403 407 12845056
404  404 407 12845056
405  405 407 12845056
406  406 426 12845056
407  407 409 6422528
408  408 410 1605632
409  409 411 1605632
410  410 601 512
411  411 413 6422528
412  412 602 147456
413  413 415 6422528
414  414 416 1605632
415  415 417 1605632
416  416 603 512
417  417 419 6422528
418  418 604 16384
419  419 422 147456
420  420 422 6422528
421  421 423 14450688
422  422 424 14450688
423  423 430 1605632
424  424 427 16384
425  425 427 6422528
426  426 428 1605632
427  427 429 1605632
428  428 431 1605632
429  429 432 1605632
430  430 432 1605632
431  431 440 1605632
432  432 434 1605632
433  433 435 401408
434  434 436 401408
435  435 605 128
436  436 438 1605632
437  437 606 16384
438  438 441 16384
439  439 441 1605632
440  440 442 6422528
441  441 443 6422528
442  442 462 6422528
443  443 445 3211264
444  444 446 802816
445  445 447 802816
446  446 607 256
447  447 449 3211264
448  448 608 36864
449  449 451 3211264
450  450 452 802816
451  451 453 802816
452  452 609 256
453  453 455 3211264
454  454 610 4096
455  455 458 36864
456  456 458 3211264
457  457 459 7225344
458  458 460 7225344
459  459 466 802816
460  460 463 4096
461  461 463 3211264
462  462 464 802816
463  463 465 802816
464  464 467 802816
465  465 468 802816
466  466 468 802816
467  467 476 802816
468  468 470 802816
469  469 471 200704
470  470 472 200704
471  471 611 64
472  472 474 802816
473  473 612 8192
474  474 477 8192
475  475 477 802816
476  476 478 6422528
477  477 479 6422528
478  478 498 6422528
479  479 481 3211264
480  480 482 802816
481  481 483 802816
482  482 613 256
483  483 485 3211264
484  484 614 36864
485  485 487 3211264
486  486 488 802816
487  487 489 802816
488  488 615 256
489  489 491 3211264
490  490 616 4096
491  491 494 36864
492  492 494 3211264
493  493 495 7225344
494  494 496 7225344
495  495 502 802816
496  496 499 4096
497  497 499 3211264
498  498 500 802816
499  499 501 802816
500  500 503 802816
501  501 504 802816
502  502 504 802816
503  503 512 802816
504  504 506 802816
505  505 507 200704
506  506 508 200704
507  507 617 64
508  508 510 802816
509  509 618 6144
510  510 513 6144
511  511 513 802816
512  512 514 4816896
513  513 515 4816896
514  514 519 4816896
515  515 517 4816896
516  516 518 4816896
517  517 520 4816896
518  518 552 4816896
519  519 553 4816896
520  520 522 4816896
521  521 523 4816896
522  522 524 4816896
523  523 554 4816896
524  524 526 4816896
525  525 527 4816896
526  526 528 4816896
527  527 555 4816896
528  528 530 4816896
529  529 531 4816896
530  530 532 4816896
531  531 556 4816896
532  532 534 4816896
533  533 535 4816896
534  534 536 4816896
535  535 557 4816896
536  536 538 4816896
537  537 539 4816896
538  538 540 4816896
539  539 558 4816896
540  540 542 4816896
541  541 543 4816896
542  542 544 4816896
543  543 559 4816896
544  544 546 4816896
545  545 547 4816896
546  546 548 4816896
547  547 560 4816896
548  548 550 4816896
549  549 551 4816896
550  550 552 4816896
551  551 561 4816896
552  552 562 19267584
553  553 562 19267584
554  554 562 19267584
555  555 562 19267584
556  556 562 19267584
557  557 562 19267584
558  558 562 19267584
559  559 562 19267584
560  560 562 19267584
561  561 567 19267584
562  562 564 19267584
563  563 565 4816896
564  564 566 4816896
565  565 619 384
566  566 568 19267584
567  567 620 56448
568  568 620 64
569  569 620 20480
570  570 620 1024
571  571 620 589824
572  572 620 1024
573  573 620 65536
574  574 620 256
575  575 620 131072
576  576 620 1024
577  577 620 589824
578  578 620 1024
579  579 620 65536
580  580 620 256
581  581 620 98304
582  582 620 768
583  583 620 331776
584  584 620 768
585  585 620 36864
586  586 620 192
587  587 620 73728
588  588 620 768
589  589 620 331776
590  590 620 768
591  591 620 36864
592  592 620 192
593  593 620 49152
594  594 620 512
595  595 620 147456
596  596 620 512
597  597 620 16384
598  598 620 128
599  599 620 32768
600  600 620 512
601  601 620 147456
602  602 620 512
603  603 620 16384
604  604 620 128
605  605 620 16384
606  606 620 256
607  607 620 36864
608  608 620 256
609  609 620 4096
610  610 620 64
611  611 620 8192
612  612 620 256
613  613 620 36864
614  614 620 256
615  615 620 4096
616  616 620 64
617  617 620 6144
618  618 620 384
619  619 620 56448
