2:0  2 3 8429568
4:0  4 5 56448
4:1  4 5 103964672
4:2  4 5 67436544
4:3  4 5 14144
5:0  5 6 67436544
7:0  7 8 16859136
9:0  9 10 6144
9:1  9 10 16859136
9:2  9 10 2809856
9:3  9 10 9216
10:0  10 11 2809856
11:0  11 12 2809856
13:0  13 14 4096
13:1  13 14 2809856
13:2  13 14 11239424
13:3  13 14 1536
14:0  14 15 2809856
16:0  16 17 36864
16:1  16 17 25288704
16:2  16 17 11239424
16:3  16 17 13824
17:0  17 18 22478848
18:0  18 19 22478848
20:0  20 21 8192
20:1  20 21 22478848
20:2  20 21 2809856
20:3  20 21 12288
21:0  21 22 2809856
22:0  22 23 2809856
24:0  24 25 4096
24:1  24 25 2809856
24:2  24 25 11239424
24:3  24 25 1536
25:0  25 26 2809856
27:0  27 28 36864
27:1  27 28 25288704
27:2  27 28 11239424
27:3  27 28 13824
28:0  28 29 22478848
29:0  29 30 22478848
31:0  31 32 16384
31:1  31 32 22478848
31:2  31 32 5619712
31:3  31 32 12288
32:0  32 33 5619712
33:0  33 34 5619712
35:0  35 36 16384
35:1  35 36 5619712
35:2  35 36 22478848
35:3  35 36 3072
36:0  36 37 5619712
38:0  38 39 147456
38:1  38 39 50577408
38:2  38 39 22478848
38:3  38 39 12642048
38:4  38 39 36864
38:11  38 39 13824
38:12  38 39 27648
39:0  39 40 44957696
41:0  41 42 11239424
43:0  43 44 32768
43:1  43 44 11239424
43:2  43 44 1404928
43:3  43 44 24576
44:0  44 45 1404928
45:0  45 46 1404928
47:0  47 48 16384
47:1  47 48 1404928
47:2  47 48 5619712
47:3  47 48 3072
48:0  48 49 1404928
50:0  50 51 147456
50:1  50 51 12644352
50:2  50 51 5619712
50:3  50 51 3158784
50:4  50 51 36864
50:11  50 51 13824
50:12  50 51 27648
51:0  51 52 11239424
52:0  52 53 11239424
54:0  54 55 49152
54:1  54 55 11239424
54:2  54 55 2107392
54:3  54 55 24576
55:0  55 56 2107392
56:0  56 57 2107392
58:0  58 59 36864
58:1  58 59 2107392
58:2  58 59 8429568
58:3  58 59 4608
59:0  59 60 2107392
61:0  61 62 331776
61:1  61 62 18966528
61:2  61 62 8429568
61:3  61 62 4738176
61:4  61 62 82944
61:65  61 62 1181952
61:66  61 62 20736
61:73  61 62 10368
61:74  61 62 20736
61:75  61 62 41472
62:0  62 63 16859136
63:0  63 64 16859136
65:0  65 66 73728
65:1  65 66 16859136
65:2  65 66 2107392
65:3  65 66 36864
66:0  66 67 2107392
67:0  67 68 2107392
69:0  69 70 36864
69:1  69 70 2107392
69:2  69 70 8429568
69:3  69 70 4608
70:0  70 71 2107392
72:0  72 73 331776
72:1  72 73 18966528
72:2  72 73 8429568
72:3  72 73 4738176
72:4  72 73 82944
72:65  72 73 1181952
72:66  72 73 20736
72:73  72 73 10368
72:74  72 73 20736
72:75  72 73 41472
73:0  73 74 16859136
74:0  74 75 16859136
76:0  76 77 98304
76:1  76 77 16859136
76:2  76 77 2809856
76:3  76 77 36864
77:0  77 78 2809856
78:0  78 79 2809856
80:0  80 81 65536
80:1  80 81 2809856
80:2  80 81 11239424
80:3  80 81 6144
81:0  81 82 2809856
83:0  83 84 589824
83:1  83 84 25288704
83:2  83 84 11239424
83:3  83 84 6317568
83:4  83 84 147456
83:65  83 84 1575936
83:66  83 84 36864
83:73  83 84 13824
83:74  83 84 27648
83:75  83 84 55296
84:0  84 85 22478848
86:0  86 87 5619712
88:0  88 89 131072
88:1  88 89 5619712
88:2  88 89 702464
88:3  88 89 1400832
88:4  88 89 32768
88:11  88 89 24576
88:12  88 89 49152
89:0  89 90 702464
90:0  90 91 702464
92:0  92 93 65536
92:1  92 93 702464
92:2  92 93 2809856
92:3  92 93 6144
93:0  93 94 702464
95:0  95 96 589824
95:1  95 96 6322176
95:2  95 96 2809856
95:3  95 96 1575936
95:4  95 96 147456
95:59  95 96 393984
95:60  95 96 36864
95:67  95 96 13824
95:68  95 96 55296
96:0  96 97 5619712
97:0  97 98 5619712
99:0  99 100 24576
99:1  99 100 1404928
99:2  99 100 32960
99:3  99 620 64
99:4  99 100 49152
100:0  100 101 27456
109:0  109 110 576
109:1  109 110 64
120:0  120 121 576
127:0  127 128 32960
127:1  127 128 1409024
127:2  127 128 24576
127:3  127 128 65856
130:0  130 131 27520
130:1  130 131 24576
130:2  130 131 1409024
130:3  130 131 960
138:0  138 139 2809856
138:1  138 139 6322176
138:2  138 139 589824
138:3  138 139 1580544
138:4  138 139 702464
138:11  138 139 131712
144:0  144 145 2809856
144:1  144 145 702464
144:2  144 145 65536
144:3  144 145 263424
147:0  147 148 2809856
147:1  147 148 589824
147:2  147 148 6322176
147:3  147 148 1580544
147:4  147 148 702464
147:11  147 148 12288
152:0  152 153 2809856
152:1  152 153 65536
152:2  152 153 702464
152:3  152 153 24576
155:0  155 156 702464
156:0  156 157 702464
158:0  158 159 702464
162:0  162 163 702464
163:0  163 164 702464
163:1  163 164 5619712
163:2  163 164 131072
163:3  163 164 1382976
163:4  163 164 175616
163:11  163 164 131712
163:12  163 164 263424
165:0  165 166 702464
166:0  166 167 702464
166:1  166 167 131072
166:2  166 167 5619712
166:3  166 167 6144
172:0  172 173 5619712
216:0  216 217 22478848
220:0  220 221 22478848
221:0  221 222 11239424
221:1  221 222 25288704
221:2  221 222 589824
221:3  221 222 6322176
221:4  221 222 2809856
221:59  221 222 1580544
221:60  221 222 702464
221:67  221 222 263424
222:0  222 223 22478848
226:0  226 227 22478848
227:0  227 228 11239424
227:1  227 228 2809856
227:2  227 228 65536
227:3  227 228 1053696
229:0  229 230 22478848
230:0  230 231 11239424
230:1  230 231 589824
230:2  230 231 25288704
230:3  230 231 6322176
230:4  230 231 2809856
230:11  230 231 12288
234:0  234 235 22478848
235:0  235 236 11239424
235:1  235 236 65536
235:2  235 236 2809856
235:3  235 236 24576
238:0  238 239 2809856
239:0  239 240 2809856
241:0  241 242 2809856
245:0  245 246 2809856
246:0  246 247 2809856
246:1  246 247 16859136
246:2  246 247 98304
246:3  246 247 4214784
246:4  246 247 702464
246:11  246 247 526848
248:0  248 249 2809856
249:0  249 250 2809856
249:1  249 250 98304
249:2  249 250 16859136
249:3  249 250 6144
257:0  257 258 8429568
257:1  257 258 18966528
257:2  257 258 331776
257:3  257 258 4741632
257:4  257 258 2107392
257:59  257 258 1185408
257:60  257 258 526848
257:67  257 258 263424
263:0  263 264 8429568
263:1  263 264 2107392
263:2  263 264 36864
263:3  263 264 1053696
266:0  266 267 8429568
266:1  266 267 331776
266:2  266 267 18966528
266:3  266 267 4741632
266:4  266 267 2107392
266:11  266 267 9216
271:0  271 272 8429568
271:1  271 272 36864
271:2  271 272 2107392
271:3  271 272 18432
274:0  274 275 2107392
275:0  275 276 2107392
277:0  277 278 2107392
281:0  281 282 2107392
282:0  282 283 2107392
282:1  282 283 16859136
282:2  282 283 73728
282:3  282 283 1053696
284:0  284 285 2107392
285:0  285 286 2107392
285:1  285 286 73728
285:2  285 286 16859136
285:3  285 286 4608
293:0  293 294 8429568
293:1  293 294 18966528
293:2  293 294 331776
293:3  293 294 4741632
293:4  293 294 2107392
293:59  293 294 1185408
293:60  293 294 526848
293:67  293 294 263424
299:0  299 300 8429568
299:1  299 300 2107392
299:2  299 300 36864
299:3  299 300 1053696
302:0  302 303 8429568
302:1  302 303 331776
302:2  302 303 18966528
302:3  302 303 4741632
302:4  302 303 2107392
302:11  302 303 9216
307:0  307 308 8429568
307:1  307 308 36864
307:2  307 308 2107392
307:3  307 308 18432
310:0  310 311 2107392
311:0  311 312 2107392
313:0  313 314 2107392
317:0  317 318 2107392
318:0  318 319 2107392
318:1  318 319 11239424
318:2  318 319 49152
318:3  318 319 1053696
320:0  320 321 2107392
321:0  321 322 2107392
321:1  321 322 49152
321:2  321 322 11239424
321:3  321 322 4608
329:0  329 330 5619712
329:1  329 330 12644352
329:2  329 330 147456
329:3  329 330 3161088
329:4  329 330 1404928
329:11  329 330 526848
335:0  335 336 5619712
335:1  335 336 1404928
335:2  335 336 16384
335:3  335 336 1053696
338:0  338 339 5619712
338:1  338 339 147456
338:2  338 339 12644352
338:3  338 339 12288
343:0  343 344 5619712
343:1  343 344 16384
343:2  343 344 1404928
343:3  343 344 12288
346:0  346 347 1404928
347:0  347 348 1404928
349:0  349 350 1404928
353:0  353 354 1404928
354:0  354 355 1404928
354:1  354 355 11239424
354:2  354 355 32768
354:3  354 355 1053696
356:0  356 357 1404928
357:0  357 358 1404928
357:1  357 358 32768
357:2  357 358 11239424
357:3  357 358 3072
363:0  363 364 11239424
407:0  407 408 44957696
411:0  411 412 44957696
412:0  412 413 22478848
412:1  412 413 50577408
412:2  412 413 147456
412:3  412 413 12644352
412:4  412 413 5619712
412:11  412 413 2107392
413:0  413 414 44957696
417:0  417 418 44957696
418:0  418 419 22478848
418:1  418 419 5619712
418:2  418 419 16384
418:3  418 419 4214784
420:0  420 421 44957696
421:0  421 422 22478848
421:1  421 422 147456
421:2  421 422 50577408
421:3  421 422 12288
425:0  425 426 44957696
426:0  426 427 22478848
426:1  426 427 16384
426:2  426 427 5619712
426:3  426 427 12288
429:0  429 430 5619712
430:0  430 431 5619712
432:0  432 433 5619712
436:0  436 437 5619712
437:0  437 438 5619712
437:1  437 438 22478848
437:2  437 438 16384
437:3  437 438 4214784
439:0  439 440 5619712
440:0  440 441 5619712
440:1  440 441 16384
440:2  440 441 22478848
440:3  440 441 3072
448:0  448 449 11239424
448:1  448 449 25288704
448:2  448 449 36864
448:3  448 449 4214784
454:0  454 455 11239424
454:1  454 455 2809856
454:2  454 455 4096
454:3  454 455 4214784
457:0  457 458 11239424
457:1  457 458 36864
457:2  457 458 25288704
457:3  457 458 6144
462:0  462 463 11239424
462:1  462 463 4096
462:2  462 463 2809856
462:3  462 463 6144
465:0  465 466 2809856
466:0  466 467 2809856
468:0  468 469 2809856
472:0  472 473 2809856
473:0  473 474 2809856
473:1  473 474 22478848
473:2  473 474 8192
473:3  473 474 4214784
475:0  475 476 2809856
476:0  476 477 2809856
476:1  476 477 8192
476:2  476 477 22478848
476:3  476 477 1536
484:0  484 485 11239424
484:1  484 485 25288704
484:2  484 485 36864
484:3  484 485 4214784
490:0  490 491 11239424
490:1  490 491 2809856
490:2  490 491 4096
490:3  490 491 4214784
493:0  493 494 11239424
493:1  493 494 36864
493:2  493 494 25288704
493:3  493 494 6144
498:0  498 499 11239424
498:1  498 499 4096
498:2  498 499 2809856
498:3  498 499 6144
501:0  501 502 2809856
502:0  502 503 2809856
504:0  504 505 2809856
508:0  508 509 2809856
509:0  509 510 2809856
509:1  509 510 16859136
509:2  509 510 6144
509:3  509 510 4214784
511:0  511 512 2809856
512:0  512 513 2809856
512:1  512 513 6144
512:2  512 513 16859136
512:3  512 513 1536
518:0  518 519 16859136
562:0  562 563 67436544
566:0  566 567 67436544
567:0  567 568 67436544
567:1  567 568 103262208
567:2  567 568 56448
567:3  567 568 16859136
0  0 2 8429568
1  1 3 11239424
2  2 568 103262208
3  3 5 56448
4  4 6 67436544
5  5 549 67436544
6  6 550 16859136
7  7 510 16859136
8  8 10 6144
9  9 11 2809856
10  10 15 2809856
11  11 491 2809856
12  12 14 4096
13  13 18 11239424
14  14 485 25288704
15  15 17 36864
16  16 18 11239424
17  17 19 22478848
18  18 474 22478848
19  19 21 8192
20  20 22 2809856
21  21 26 2809856
22  22 455 2809856
23  23 25 4096
24  24 29 11239424
25  25 449 25288704
26  26 28 36864
27  27 29 11239424
28  28 30 22478848
29  29 438 22478848
30  30 32 16384
31  31 33 5619712
32  32 37 5619712
33  33 419 5619712
34  34 36 16384
35  35 40 22478848
36  36 413 50577408
37  37 39 147456
38  38 40 22478848
39  39 394 44957696
40  40 395 11239424
41  41 355 11239424
42  42 44 32768
43  43 45 1404928
44  44 49 1404928
45  45 336 1404928
46  46 48 16384
47  47 52 5619712
48  48 330 12644352
49  49 51 147456
50  50 52 5619712
51  51 53 11239424
52  52 319 11239424
53  53 55 49152
54  54 56 2107392
55  55 60 2107392
56  56 300 2107392
57  57 59 36864
58  58 63 8429568
59  59 294 18966528
60  60 62 331776
61  61 63 8429568
62  62 64 16859136
63  63 283 16859136
64  64 66 73728
65  65 67 2107392
66  66 71 2107392
67  67 264 2107392
68  68 70 36864
69  69 74 8429568
70  70 258 18966528
71  71 73 331776
72  72 74 8429568
73  73 75 16859136
74  74 247 16859136
75  75 77 98304
76  76 78 2809856
77  77 82 2809856
78  78 228 2809856
79  79 81 65536
80  80 85 11239424
81  81 222 25288704
82  82 84 589824
83  83 85 11239424
84  84 203 22478848
85  85 204 5619712
86  86 164 5619712
87  87 89 131072
88  88 90 702464
89  89 94 702464
90  90 145 702464
91  91 93 65536
92  92 97 2809856
93  93 139 6322176
94  94 96 589824
95  95 97 2809856
96  96 98 5619712
97  97 128 1404928
98  98 100 20480
99  99 101 27456
100  100 102 32960
101  101 119 704
102  102 104 64
103  103 106 64
104  104 107 64
105  105 107 64
106  106 109 64
107  107 111 704
108  108 110 256
109  109 111 704
110  110 118 704
111  111 113 64
112  112 114 64
113  113 115 64
114  114 116 64
115  115 117 576
116  116 118 704
117  117 120 704
118  118 120 704
119  119 121 704
120  120 122 5378240
121  121 130 27456
122  122 124 27456
123  123 125 1984
124  124 126 1984
125  125 569 64
126  126 128 27456
127  127 570 20480
128  128 131 20480
129  129 131 27456
130  130 132 1404928
131  131 133 5619712
132  132 152 5619712
133  133 135 2809856
134  134 136 200704
135  135 137 200704
136  136 571 1024
137  137 139 2809856
138  138 572 589824
139  139 141 2809856
140  140 142 200704
141  141 143 200704
142  142 573 1024
143  143 145 2809856
144  144 574 65536
145  145 148 589824
146  146 148 2809856
147  147 149 6322176
148  148 150 6322176
149  149 156 702464
150  150 153 65536
151  151 153 2809856
152  152 154 702464
153  153 155 702464
154  154 157 702464
155  155 158 702464
156  156 158 702464
157  157 166 702464
158  158 160 702464
159  159 161 50176
160  160 162 50176
161  161 575 256
162  162 164 702464
163  163 576 131072
164  164 167 131072
165  165 167 702464
166  166 168 5619712
167  167 169 5619712
168  168 173 5619712
169  169 171 5619712
170  170 172 5619712
171  171 174 5619712
172  172 206 5619712
173  173 207 5619712
174  174 176 5619712
175  175 177 5619712
176  176 178 5619712
177  177 208 5619712
178  178 180 5619712
179  179 181 5619712
180  180 182 5619712
181  181 209 5619712
182  182 184 5619712
183  183 185 5619712
184  184 186 5619712
185  185 210 5619712
186  186 188 5619712
187  187 189 5619712
188  188 190 5619712
189  189 211 5619712
190  190 192 5619712
191  191 193 5619712
192  192 194 5619712
193  193 212 5619712
194  194 196 5619712
195  195 197 5619712
196  196 198 5619712
197  197 213 5619712
198  198 200 5619712
199  199 201 5619712
200  200 202 5619712
201  201 214 5619712
202  202 204 5619712
203  203 205 5619712
204  204 206 5619712
205  205 215 5619712
206  206 216 22478848
207  207 216 22478848
208  208 216 22478848
209  209 216 22478848
210  210 216 22478848
211  211 216 22478848
212  212 216 22478848
213  213 216 22478848
214  214 216 22478848
215  215 235 22478848
216  216 218 11239424
217  217 219 802816
218  218 220 802816
219  219 577 1024
220  220 222 11239424
221  221 578 589824
222  222 224 11239424
223  223 225 802816
224  224 226 802816
225  225 579 1024
226  226 228 11239424
227  227 580 65536
228  228 231 589824
229  229 231 11239424
230  230 232 25288704
231  231 233 25288704
232  232 239 2809856
233  233 236 65536
234  234 236 11239424
235  235 237 2809856
236  236 238 2809856
237  237 240 2809856
238  238 241 2809856
239  239 241 2809856
240  240 249 2809856
241  241 243 2809856
242  242 244 200704
243  243 245 200704
244  244 581 256
245  245 247 2809856
246  246 582 98304
247  247 250 98304
248  248 250 2809856
249  249 251 16859136
250  250 252 16859136
251  251 271 16859136
252  252 254 8429568
253  253 255 602112
254  254 256 602112
255  255 583 768
256  256 258 8429568
257  257 584 331776
258  258 260 8429568
259  259 261 602112
260  260 262 602112
261  261 585 768
262  262 264 8429568
263  263 586 36864
264  264 267 331776
265  265 267 8429568
266  266 268 18966528
267  267 269 18966528
268  268 275 2107392
269  269 272 36864
270  270 272 8429568
271  271 273 2107392
272  272 274 2107392
273  273 276 2107392
274  274 277 2107392
275  275 277 2107392
276  276 285 2107392
277  277 279 2107392
278  278 280 150528
279  279 281 150528
280  280 587 192
281  281 283 2107392
282  282 588 73728
283  283 286 73728
284  284 286 2107392
285  285 287 16859136
286  286 288 16859136
287  287 307 16859136
288  288 290 8429568
289  289 291 602112
290  290 292 602112
291  291 589 768
292  292 294 8429568
293  293 590 331776
294  294 296 8429568
295  295 297 602112
296  296 298 602112
297  297 591 768
298  298 300 8429568
299  299 592 36864
300  300 303 331776
301  301 303 8429568
302  302 304 18966528
303  303 305 18966528
304  304 311 2107392
305  305 308 36864
306  306 308 8429568
307  307 309 2107392
308  308 310 2107392
309  309 312 2107392
310  310 313 2107392
311  311 313 2107392
312  312 321 2107392
313  313 315 2107392
314  314 316 150528
315  315 317 150528
316  316 593 192
317  317 319 2107392
318  318 594 49152
319  319 322 49152
320  320 322 2107392
321  321 323 11239424
322  322 324 11239424
323  323 343 11239424
324  324 326 5619712
325  325 327 401408
326  326 328 401408
327  327 595 512
328  328 330 5619712
329  329 596 147456
330  330 332 5619712
331  331 333 401408
332  332 334 401408
333  333 597 512
334  334 336 5619712
335  335 598 16384
336  336 339 147456
337  337 339 5619712
338  338 340 12644352
339  339 341 12644352
340  340 347 1404928
341  341 344 16384
342  342 344 5619712
343  343 345 1404928
344  344 346 1404928
345  345 348 1404928
346  346 349 1404928
347  347 349 1404928
348  348 357 1404928
349  349 351 1404928
350  350 352 100352
351  351 353 100352
352  352 599 128
353  353 355 1404928
354  354 600 32768
355  355 358 32768
356  356 358 1404928
357  357 359 11239424
358  358 360 11239424
359  359 364 11239424
360  360 362 11239424
361  361 363 11239424
362  362 365 11239424
363  363 397 11239424
364  364 398 11239424
365  365 367 11239424
366  366 368 11239424
367  367 369 11239424
368  368 399 11239424
369  369 371 11239424
370  370 372 11239424
371  371 373 11239424
372  372 400 11239424
373  373 375 11239424
374  374 376 11239424
375  375 377 11239424
376  376 401 11239424
377  377 379 11239424
378  378 380 11239424
379  379 381 11239424
380  380 402 11239424
381  381 383 11239424
382  382 384 11239424
383  383 385 11239424
384  384 403 11239424
385  385 387 11239424
386  386 388 11239424
387  387 389 11239424
388  388 404 11239424
389  389 391 11239424
390  390 392 11239424
391  391 393 11239424
392  392 405 11239424
393  393 395 11239424
394  394 396 11239424
395  395 397 11239424
396  396 406 11239424
397  397 407 44957696
398  398 407 44957696
399  399 407 44957696
400  400 407 44957696
401  401 407 44957696
402  402 407 44957696
403  403 407 44957696
404  404 407 44957696
405  405 407 44957696
406  406 426 44957696
407  407 409 22478848
408  408 410 1605632
409  409 411 1605632
410  410 601 512
411  411 413 22478848
412  412 602 147456
413  413 415 22478848
414  414 416 1605632
415  415 417 1605632
416  416 603 512
417  417 419 22478848
418  418 604 16384
419  419 422 147456
420  420 422 22478848
421  421 423 50577408
422  422 424 50577408
423  423 430 5619712
424  424 427 16384
425  425 427 22478848
426  426 428 5619712
427  427 429 5619712
428  428 431 5619712
429  429 432 5619712
430  430 432 5619712
431  431 440 5619712
432  432 434 5619712
433  433 435 401408
434  434 436 401408
435  435 605 128
436  436 438 5619712
437  437 606 16384
438  438 441 16384
439  439 441 5619712
440  440 442 22478848
441  441 443 22478848
442  442 462 22478848
443  443 445 11239424
444  444 446 802816
445  445 447 802816
446  446 607 256
447  447 449 11239424
448  448 608 36864
449  449 451 11239424
450  450 452 802816
451  451 453 802816
452  452 609 256
453  453 455 11239424
454  454 610 4096
455  455 458 36864
456  456 458 11239424
457  457 459 25288704
458  458 460 25288704
459  459 466 2809856
460  460 463 4096
461  461 463 11239424
462  462 464 2809856
463  463 465 2809856
464  464 467 2809856
465  465 468 2809856
466  466 468 2809856
467  467 476 2809856
468  468 470 2809856
469  469 471 200704
470  470 472 200704
471  471 611 64
472  472 474 2809856
473  473 612 8192
474  474 477 8192
475  475 477 2809856
476  476 478 22478848
477  477 479 22478848
478  478 498 22478848
479  479 481 11239424
480  480 482 802816
481  481 483 802816
482  482 613 256
483  483 485 11239424
484  484 614 36864
485  485 487 11239424
486  486 488 802816
487  487 489 802816
488  488 615 256
489  489 491 11239424
490  490 616 4096
491  491 494 36864
492  492 494 11239424
493  493 495 25288704
494  494 496 25288704
495  495 502 2809856
496  496 499 4096
497  497 499 11239424
498  498 500 2809856
499  499 501 2809856
500  500 503 2809856
501  501 504 2809856
502  502 504 2809856
503  503 512 2809856
504  504 506 2809856
505  505 507 200704
506  506 508 200704
507  507 617 64
508  508 510 2809856
509  509 618 6144
510  510 513 6144
511  511 513 2809856
512  512 514 16859136
513  513 515 16859136
514  514 519 16859136
515  515 517 16859136
516  516 518 16859136
517  517 520 16859136
518  518 552 16859136
519  519 553 16859136
520  520 522 16859136
521  521 523 16859136
522  522 524 16859136
523  523 554 16859136
524  524 526 16859136
525  525 527 16859136
526  526 528 16859136
527  527 555 16859136
528  528 530 16859136
529  529 531 16859136
530  530 532 16859136
531  531 556 16859136
532  532 534 16859136
533  533 535 16859136
534  534 536 16859136
535  535 557 16859136
536  536 538 16859136
537  537 539 16859136
538  538 540 16859136
539  539 558 16859136
540  540 542 16859136
541  541 543 16859136
542  542 544 16859136
543  543 559 16859136
544  544 546 16859136
545  545 547 16859136
546  546 548 16859136
547  547 560 16859136
548  548 550 16859136
549  549 551 16859136
550  550 552 16859136
551  551 561 16859136
552  552 562 67436544
553  553 562 67436544
554  554 562 67436544
555  555 562 67436544
556  556 562 67436544
557  557 562 67436544
558  558 562 67436544
559  559 562 67436544
560  560 562 67436544
561  561 567 67436544
562  562 564 67436544
563  563 565 4816896
564  564 566 4816896
565  565 619 384
566  566 568 67436544
567  567 620 56448
568  568 620 64
569  569 620 20480
570  570 620 1024
571  571 620 589824
572  572 620 1024
573  573 620 65536
574  574 620 256
575  575 620 131072
576  576 620 1024
577  577 620 589824
578  578 620 1024
579  579 620 65536
580  580 620 256
581  581 620 98304
582  582 620 768
583  583 620 331776
584  584 620 768
585  585 620 36864
586  586 620 192
587  587 620 73728
588  588 620 768
589  589 620 331776
590  590 620 768
591  591 620 36864
592  592 620 192
593  593 620 49152
594  594 620 512
595  595 620 147456
596  596 620 512
597  597 620 16384
598  598 620 128
599  599 620 32768
600  600 620 512
601  601 620 147456
602  602 620 512
603  603 620 16384
604  604 620 128
605  605 620 16384
606  606 620 256
607  607 620 36864
608  608 620 256
609  609 620 4096
610  610 620 64
611  611 620 8192
612  612 620 256
613  613 620 36864
614  614 620 256
615  615 620 4096
616  616 620 64
617  617 620 6144
618  618 620 384
619  619 620 56448
