2:0  2 3 1204224
4:0  4 5 56448
4:1  4 5 14852096
4:2  4 5 9633792
4:3  4 5 14144
5:0  5 6 9633792
7:0  7 8 2408448
9:0  9 10 6144
9:1  9 10 2408448
9:2  9 10 401408
9:3  9 10 9216
10:0  10 11 401408
11:0  11 12 401408
13:0  13 14 4096
13:1  13 14 401408
13:2  13 14 1605632
13:3  13 14 1536
14:0  14 15 401408
16:0  16 17 36864
16:1  16 17 3612672
16:2  16 17 1605632
16:3  16 17 13824
17:0  17 18 3211264
18:0  18 19 3211264
20:0  20 21 8192
20:1  20 21 3211264
20:2  20 21 401408
20:3  20 21 12288
21:0  21 22 401408
22:0  22 23 401408
24:0  24 25 4096
24:1  24 25 401408
24:2  24 25 1605632
24:3  24 25 1536
25:0  25 26 401408
27:0  27 28 36864
27:1  27 28 3612672
27:2  27 28 1605632
27:3  27 28 13824
28:0  28 29 3211264
29:0  29 30 3211264
31:0  31 32 16384
31:1  31 32 3211264
31:2  31 32 802816
31:3  31 32 12288
32:0  32 33 802816
33:0  33 34 802816
35:0  35 36 16384
35:1  35 36 802816
35:2  35 36 3211264
35:3  35 36 3072
36:0  36 37 802816
38:0  38 39 147456
38:1  38 39 7225344
38:2  38 39 3211264
38:3  38 39 1804032
38:4  38 39 36864
38:11  38 39 13824
38:12  38 39 27648
39:0  39 40 6422528
41:0  41 42 1605632
43:0  43 44 32768
43:1  43 44 1605632
43:2  43 44 200704
43:3  43 44 24576
44:0  44 45 200704
45:0  45 46 200704
47:0  47 48 16384
47:1  47 48 200704
47:2  47 48 802816
47:3  47 48 3072
48:0  48 49 200704
50:0  50 51 147456
50:1  50 51 1806336
50:2  50 51 802816
50:3  50 51 449280
50:4  50 51 36864
50:11  50 51 13824
50:12  50 51 27648
51:0  51 52 1605632
52:0  52 53 1605632
54:0  54 55 49152
54:1  54 55 1605632
54:2  54 55 301056
54:3  54 55 24576
55:0  55 56 301056
56:0  56 57 301056
58:0  58 59 36864
58:1  58 59 301056
58:2  58 59 1204224
58:3  58 59 4608
59:0  59 60 301056
61:0  61 62 331776
61:1  61 62 2709504
61:2  61 62 1204224
61:3  61 62 673920
61:4  61 62 82944
61:11  61 62 20736
61:12  61 62 41472
62:0  62 63 2408448
63:0  63 64 2408448
65:0  65 66 73728
65:1  65 66 2408448
65:2  65 66 301056
65:3  65 66 36864
66:0  66 67 301056
67:0  67 68 301056
69:0  69 70 36864
69:1  69 70 301056
69:2  69 70 1204224
69:3  69 70 4608
70:0  70 71 301056
72:0  72 73 331776
72:1  72 73 2709504
72:2  72 73 1204224
72:3  72 73 673920
72:4  72 73 82944
72:11  72 73 20736
72:12  72 73 41472
73:0  73 74 2408448
74:0  74 75 2408448
76:0  76 77 98304
76:1  76 77 2408448
76:2  76 77 401408
76:3  76 77 36864
77:0  77 78 401408
78:0  78 79 401408
80:0  80 81 65536
80:1  80 81 401408
80:2  80 81 1605632
80:3  80 81 6144
81:0  81 82 401408
83:0  83 84 589824
83:1  83 84 3612672
83:2  83 84 1605632
83:3  83 84 898560
83:4  83 84 147456
83:65  83 84 221184
83:66  83 84 36864
83:73  83 84 13824
83:74  83 84 27648
83:75  83 84 55296
84:0  84 85 3211264
86:0  86 87 802816
88:0  88 89 131072
88:1  88 89 802816
88:2  88 89 100352
88:3  88 89 49152
89:0  89 90 100352
90:0  90 91 100352
92:0  92 93 65536
92:1  92 93 100352
92:2  92 93 401408
92:3  92 93 6144
93:0  93 94 100352
95:0  95 96 589824
95:1  95 96 903168
95:2  95 96 401408
95:3  95 96 221184
95:4  95 96 147456
95:11  95 96 27648
95:12  95 96 55296
96:0  96 97 802816
97:0  97 98 802816
99:0  99 100 24576
99:1  99 100 200704
99:2  99 100 4736
99:3  99 620 64
99:4  99 100 49152
100:0  100 101 3968
109:0  109 110 128
109:1  109 110 64
120:0  120 121 128
127:0  127 128 4736
127:1  127 128 204800
127:2  127 128 24576
127:3  127 128 9408
130:0  130 131 4032
130:1  130 131 24576
130:2  130 131 204800
130:3  130 131 960
138:0  138 139 401408
138:1  138 139 903168
138:2  138 139 589824
138:3  138 139 225792
138:4  138 139 100352
138:11  138 139 18816
144:0  144 145 401408
144:1  144 145 100352
144:2  144 145 65536
144:3  144 145 37632
147:0  147 148 401408
147:1  147 148 589824
147:2  147 148 903168
147:3  147 148 225792
147:4  147 148 100352
147:11  147 148 12288
152:0  152 153 401408
152:1  152 153 65536
152:2  152 153 100352
152:3  152 153 24576
155:0  155 156 100352
156:0  156 157 100352
158:0  158 159 100352
162:0  162 163 100352
163:0  163 164 100352
163:1  163 164 802816
163:2  163 164 131072
163:3  163 164 37632
165:0  165 166 100352
166:0  166 167 100352
166:1  166 167 131072
166:2  166 167 802816
166:3  166 167 6144
172:0  172 173 802816
216:0  216 217 3211264
220:0  220 221 3211264
221:0  221 222 1605632
221:1  221 222 3612672
221:2  221 222 589824
221:3  221 222 903168
221:4  221 222 401408
221:59  221 222 225792
221:60  221 222 100352
221:67  221 222 37632
222:0  222 223 3211264
226:0  226 227 3211264
227:0  227 228 1605632
227:1  227 228 401408
227:2  227 228 65536
227:3  227 228 150528
229:0  229 230 3211264
230:0  230 231 1605632
230:1  230 231 589824
230:2  230 231 3612672
230:3  230 231 903168
230:4  230 231 401408
230:11  230 231 12288
234:0  234 235 3211264
235:0  235 236 1605632
235:1  235 236 65536
235:2  235 236 401408
235:3  235 236 24576
238:0  238 239 401408
239:0  239 240 401408
241:0  241 242 401408
245:0  245 246 401408
246:0  246 247 401408
246:1  246 247 2408448
246:2  246 247 98304
246:3  246 247 150528
248:0  248 249 401408
249:0  249 250 401408
249:1  249 250 98304
249:2  249 250 2408448
249:3  249 250 6144
257:0  257 258 1204224
257:1  257 258 2709504
257:2  257 258 331776
257:3  257 258 677376
257:4  257 258 301056
257:59  257 258 169344
257:60  257 258 75264
257:67  257 258 37632
263:0  263 264 1204224
263:1  263 264 301056
263:2  263 264 36864
263:3  263 264 150528
266:0  266 267 1204224
266:1  266 267 331776
266:2  266 267 2709504
266:3  266 267 677376
266:4  266 267 301056
266:11  266 267 9216
271:0  271 272 1204224
271:1  271 272 36864
271:2  271 272 301056
271:3  271 272 18432
274:0  274 275 301056
275:0  275 276 301056
277:0  277 278 301056
281:0  281 282 301056
282:0  282 283 301056
282:1  282 283 2408448
282:2  282 283 73728
282:3  282 283 150528
284:0  284 285 301056
285:0  285 286 301056
285:1  285 286 73728
285:2  285 286 2408448
285:3  285 286 4608
293:0  293 294 1204224
293:1  293 294 2709504
293:2  293 294 331776
293:3  293 294 677376
293:4  293 294 301056
293:59  293 294 169344
293:60  293 294 75264
293:67  293 294 37632
299:0  299 300 1204224
299:1  299 300 301056
299:2  299 300 36864
299:3  299 300 150528
302:0  302 303 1204224
302:1  302 303 331776
302:2  302 303 2709504
302:3  302 303 677376
302:4  302 303 301056
302:11  302 303 9216
307:0  307 308 1204224
307:1  307 308 36864
307:2  307 308 301056
307:3  307 308 18432
310:0  310 311 301056
311:0  311 312 301056
313:0  313 314 301056
317:0  317 318 301056
318:0  318 319 301056
318:1  318 319 1605632
318:2  318 319 49152
318:3  318 319 150528
320:0  320 321 301056
321:0  321 322 301056
321:1  321 322 49152
321:2  321 322 1605632
321:3  321 322 4608
329:0  329 330 802816
329:1  329 330 1806336
329:2  329 330 147456
329:3  329 330 451584
329:4  329 330 200704
329:11  329 330 75264
335:0  335 336 802816
335:1  335 336 200704
335:2  335 336 16384
335:3  335 336 150528
338:0  338 339 802816
338:1  338 339 147456
338:2  338 339 1806336
338:3  338 339 12288
343:0  343 344 802816
343:1  343 344 16384
343:2  343 344 200704
343:3  343 344 12288
346:0  346 347 200704
347:0  347 348 200704
349:0  349 350 200704
353:0  353 354 200704
354:0  354 355 200704
354:1  354 355 1605632
354:2  354 355 32768
354:3  354 355 150528
356:0  356 357 200704
357:0  357 358 200704
357:1  357 358 32768
357:2  357 358 1605632
357:3  357 358 3072
363:0  363 364 1605632
407:0  407 408 6422528
411:0  411 412 6422528
412:0  412 413 3211264
412:1  412 413 7225344
412:2  412 413 147456
412:3  412 413 1806336
412:4  412 413 802816
412:11  412 413 301056
413:0  413 414 6422528
417:0  417 418 6422528
418:0  418 419 3211264
418:1  418 419 802816
418:2  418 419 16384
418:3  418 419 602112
420:0  420 421 6422528
421:0  421 422 3211264
421:1  421 422 147456
421:2  421 422 7225344
421:3  421 422 12288
425:0  425 426 6422528
426:0  426 427 3211264
426:1  426 427 16384
426:2  426 427 802816
426:3  426 427 12288
429:0  429 430 802816
430:0  430 431 802816
432:0  432 433 802816
436:0  436 437 802816
437:0  437 438 802816
437:1  437 438 3211264
437:2  437 438 16384
437:3  437 438 602112
439:0  439 440 802816
440:0  440 441 802816
440:1  440 441 16384
440:2  440 441 3211264
440:3  440 441 3072
448:0  448 449 1605632
448:1  448 449 3612672
448:2  448 449 36864
448:3  448 449 602112
454:0  454 455 1605632
454:1  454 455 401408
454:2  454 455 4096
454:3  454 455 602112
457:0  457 458 1605632
457:1  457 458 36864
457:2  457 458 3612672
457:3  457 458 6144
462:0  462 463 1605632
462:1  462 463 4096
462:2  462 463 401408
462:3  462 463 6144
465:0  465 466 401408
466:0  466 467 401408
468:0  468 469 401408
472:0  472 473 401408
473:0  473 474 401408
473:1  473 474 3211264
473:2  473 474 8192
473:3  473 474 602112
475:0  475 476 401408
476:0  476 477 401408
476:1  476 477 8192
476:2  476 477 3211264
476:3  476 477 1536
484:0  484 485 1605632
484:1  484 485 3612672
484:2  484 485 36864
484:3  484 485 602112
490:0  490 491 1605632
490:1  490 491 401408
490:2  490 491 4096
490:3  490 491 602112
493:0  493 494 1605632
493:1  493 494 36864
493:2  493 494 3612672
493:3  493 494 6144
498:0  498 499 1605632
498:1  498 499 4096
498:2  498 499 401408
498:3  498 499 6144
501:0  501 502 401408
502:0  502 503 401408
504:0  504 505 401408
508:0  508 509 401408
509:0  509 510 401408
509:1  509 510 2408448
509:2  509 510 6144
509:3  509 510 602112
511:0  511 512 401408
512:0  512 513 401408
512:1  512 513 6144
512:2  512 513 2408448
512:3  512 513 1536
518:0  518 519 2408448
562:0  562 563 9633792
566:0  566 567 9633792
567:0  567 568 9633792
567:1  567 568 14751744
567:2  567 568 56448
567:3  567 568 2408448
0  0 2 1204224
1  1 3 1605632
2  2 568 14751744
3  3 5 56448
4  4 6 9633792
5  5 549 9633792
6  6 550 2408448
7  7 510 2408448
8  8 10 6144
9  9 11 401408
10  10 15 401408
11  11 491 401408
12  12 14 4096
13  13 18 1605632
14  14 485 3612672
15  15 17 36864
16  16 18 1605632
17  17 19 3211264
18  18 474 3211264
19  19 21 8192
20  20 22 401408
21  21 26 401408
22  22 455 401408
23  23 25 4096
24  24 29 1605632
25  25 449 3612672
26  26 28 36864
27  27 29 1605632
28  28 30 3211264
29  29 438 3211264
30  30 32 16384
31  31 33 802816
32  32 37 802816
33  33 419 802816
34  34 36 16384
35  35 40 3211264
36  36 413 7225344
37  37 39 147456
38  38 40 3211264
39  39 394 6422528
40  40 395 1605632
41  41 355 1605632
42  42 44 32768
43  43 45 200704
44  44 49 200704
45  45 336 200704
46  46 48 16384
47  47 52 802816
48  48 330 1806336
49  49 51 147456
50  50 52 802816
51  51 53 1605632
52  52 319 1605632
53  53 55 49152
54  54 56 301056
55  55 60 301056
56  56 300 301056
57  57 59 36864
58  58 63 1204224
59  59 294 2709504
60  60 62 331776
61  61 63 1204224
62  62 64 2408448
63  63 283 2408448
64  64 66 73728
65  65 67 301056
66  66 71 301056
67  67 264 301056
68  68 70 36864
69  69 74 1204224
70  70 258 2709504
71  71 73 331776
72  72 74 1204224
73  73 75 2408448
74  74 247 2408448
75  75 77 98304
76  76 78 401408
77  77 82 401408
78  78 228 401408
79  79 81 65536
80  80 85 1605632
81  81 222 3612672
82  82 84 589824
83  83 85 1605632
84  84 203 3211264
85  85 204 802816
86  86 164 802816
87  87 89 131072
88  88 90 100352
89  89 94 100352
90  90 145 100352
91  91 93 65536
92  92 97 401408
93  93 139 903168
94  94 96 589824
95  95 97 401408
96  96 98 802816
97  97 128 200704
98  98 100 20480
99  99 101 3968
100  100 102 4736
101  101 119 128
102  102 104 64
103  103 106 64
104  104 107 64
105  105 107 64
106  106 109 64
107  107 111 128
108  108 110 64
109  109 111 128
110  110 118 128
111  111 113 64
112  112 114 64
113  113 115 64
114  114 116 64
115  115 117 128
116  116 118 128
117  117 120 128
118  118 120 128
119  119 121 128
120  120 122 768320
121  121 130 3968
122  122 124 3968
123  123 125 1984
124  124 126 1984
125  125 569 64
126  126 128 3968
127  127 570 20480
128  128 131 20480
129  129 131 3968
130  130 132 200704
131  131 133 802816
132  132 152 802816
133  133 135 401408
134  134 136 200704
135  135 137 200704
136  136 571 1024
137  137 139 401408
138  138 572 589824
139  139 141 401408
140  140 142 200704
141  141 143 200704
142  142 573 1024
143  143 145 401408
144  144 574 65536
145  145 148 589824
146  146 148 401408
147  147 149 903168
148  148 150 903168
149  149 156 100352
150  150 153 65536
151  151 153 401408
152  152 154 100352
153  153 155 100352
154  154 157 100352
155  155 158 100352
156  156 158 100352
157  157 166 100352
158  158 160 100352
159  159 161 50176
160  160 162 50176
161  161 575 256
162  162 164 100352
163  163 576 131072
164  164 167 131072
165  165 167 100352
166  166 168 802816
167  167 169 802816
168  168 173 802816
169  169 171 802816
170  170 172 802816
171  171 174 802816
172  172 206 802816
173  173 207 802816
174  174 176 802816
175  175 177 802816
176  176 178 802816
177  177 208 802816
178  178 180 802816
179  179 181 802816
180  180 182 802816
181  181 209 802816
182  182 184 802816
183  183 185 802816
184  184 186 802816
185  185 210 802816
186  186 188 802816
187  187 189 802816
188  188 190 802816
189  189 211 802816
190  190 192 802816
191  191 193 802816
192  192 194 802816
193  193 212 802816
194  194 196 802816
195  195 197 802816
196  196 198 802816
197  197 213 802816
198  198 200 802816
199  199 201 802816
200  200 202 802816
201  201 214 802816
202  202 204 802816
203  203 205 802816
204  204 206 802816
205  205 215 802816
206  206 216 3211264
207  207 216 3211264
208  208 216 3211264
209  209 216 3211264
210  210 216 3211264
211  211 216 3211264
212  212 216 3211264
213  213 216 3211264
214  214 216 3211264
215  215 235 3211264
216  216 218 1605632
217  217 219 802816
218  218 220 802816
219  219 577 1024
220  220 222 1605632
221  221 578 589824
222  222 224 1605632
223  223 225 802816
224  224 226 802816
225  225 579 1024
226  226 228 1605632
227  227 580 65536
228  228 231 589824
229  229 231 1605632
230  230 232 3612672
231  231 233 3612672
232  232 239 401408
233  233 236 65536
234  234 236 1605632
235  235 237 401408
236  236 238 401408
237  237 240 401408
238  238 241 401408
239  239 241 401408
240  240 249 401408
241  241 243 401408
242  242 244 200704
243  243 245 200704
244  244 581 256
245  245 247 401408
246  246 582 98304
247  247 250 98304
248  248 250 401408
249  249 251 2408448
250  250 252 2408448
251  251 271 2408448
252  252 254 1204224
253  253 255 602112
254  254 256 602112
255  255 583 768
256  256 258 1204224
257  257 584 331776
258  258 260 1204224
259  259 261 602112
260  260 262 602112
261  261 585 768
262  262 264 1204224
263  263 586 36864
264  264 267 331776
265  265 267 1204224
266  266 268 2709504
267  267 269 2709504
268  268 275 301056
269  269 272 36864
270  270 272 1204224
271  271 273 301056
272  272 274 301056
273  273 276 301056
274  274 277 301056
275  275 277 301056
276  276 285 301056
277  277 279 301056
278  278 280 150528
279  279 281 150528
280  280 587 192
281  281 283 301056
282  282 588 73728
283  283 286 73728
284  284 286 301056
285  285 287 2408448
286  286 288 2408448
287  287 307 2408448
288  288 290 1204224
289  289 291 602112
290  290 292 602112
291  291 589 768
292  292 294 1204224
293  293 590 331776
294  294 296 1204224
295  295 297 602112
296  296 298 602112
297  297 591 768
298  298 300 1204224
299  299 592 36864
300  300 303 331776
301  301 303 1204224
302  302 304 2709504
303  303 305 2709504
304  304 311 301056
305  305 308 36864
306  306 308 1204224
307  307 309 301056
308  308 310 301056
309  309 312 301056
310  310 313 301056
311  311 313 301056
312  312 321 301056
313  313 315 301056
314  314 316 150528
315  315 317 150528
316  316 593 192
317  317 319 301056
318  318 594 49152
319  319 322 49152
320  320 322 301056
321  321 323 1605632
322  322 324 1605632
323  323 343 1605632
324  324 326 802816
325  325 327 401408
326  326 328 401408
327  327 595 512
328  328 330 802816
329  329 596 147456
330  330 332 802816
331  331 333 401408
332  332 334 401408
333  333 597 512
334  334 336 802816
335  335 598 16384
336  336 339 147456
337  337 339 802816
338  338 340 1806336
339  339 341 1806336
340  340 347 200704
341  341 344 16384
342  342 344 802816
343  343 345 200704
344  344 346 200704
345  345 348 200704
346  346 349 200704
347  347 349 200704
348  348 357 200704
349  349 351 200704
350  350 352 100352
351  351 353 100352
352  352 599 128
353  353 355 200704
354  354 600 32768
355  355 358 32768
356  356 358 200704
357  357 359 1605632
358  358 360 1605632
359  359 364 1605632
360  360 362 1605632
361  361 363 1605632
362  362 365 1605632
363  363 397 1605632
364  364 398 1605632
365  365 367 1605632
366  366 368 1605632
367  367 369 1605632
368  368 399 1605632
369  369 371 1605632
370  370 372 1605632
371  371 373 1605632
372  372 400 1605632
373  373 375 1605632
374  374 376 1605632
375  375 377 1605632
376  376 401 1605632
377  377 379 1605632
378  378 380 1605632
379  379 381 1605632
380  380 402 1605632
381  381 383 1605632
382  382 384 1605632
383  383 385 1605632
384  384 403 1605632
385  385 387 1605632
386  386 388 1605632
387  387 389 1605632
388  388 404 1605632
389  389 391 1605632
390  390 392 1605632
391  391 393 1605632
392  392 405 1605632
393  393 395 1605632
394  394 396 1605632
395  395 397 1605632
396  396 406 1605632
397  397 407 6422528
398  398 407 6422528
399  399 407 6422528
400  400 407 6422528
401  401 407 6422528
402  402 407 6422528
403  403 407 6422528
404  404 407 6422528
405  405 407 6422528
406  406 426 6422528
407  407 409 3211264
408  408 410 1605632
409  409 411 1605632
410  410 601 512
411  411 413 3211264
412  412 602 147456
413  413 415 3211264
414  414 416 1605632
415  415 417 1605632
416  416 603 512
417  417 419 3211264
418  418 604 16384
419  419 422 147456
420  420 422 3211264
421  421 423 7225344
422  422 424 7225344
423  423 430 802816
424  424 427 16384
425  425 427 3211264
426  426 428 802816
427  427 429 802816
428  428 431 802816
429  429 432 802816
430  430 432 802816
431  431 440 802816
432  432 434 802816
433  433 435 401408
434  434 436 401408
435  435 605 128
436  436 438 802816
437  437 606 16384
438  438 441 16384
439  439 441 802816
440  440 442 3211264
441  441 443 3211264
442  442 462 3211264
443  443 445 1605632
444  444 446 802816
445  445 447 802816
446  446 607 256
447  447 449 1605632
448  448 608 36864
449  449 451 1605632
450  450 452 802816
451  451 453 802816
452  452 609 256
453  453 455 1605632
454  454 610 4096
455  455 458 36864
456  456 458 1605632
457  457 459 3612672
458  458 460 3612672
459  459 466 401408
460  460 463 4096
461  461 463 1605632
462  462 464 401408
463  463 465 401408
464  464 467 401408
465  465 468 401408
466  466 468 401408
467  467 476 401408
468  468 470 401408
469  469 471 200704
470  470 472 200704
471  471 611 64
472  472 474 401408
473  473 612 8192
474  474 477 8192
475  475 477 401408
476  476 478 3211264
477  477 479 3211264
478  478 498 3211264
479  479 481 1605632
480  480 482 802816
481  481 483 802816
482  482 613 256
483  483 485 1605632
484  484 614 36864
485  485 487 1605632
486  486 488 802816
487  487 489 802816
488  488 615 256
489  489 491 1605632
490  490 616 4096
491  491 494 36864
492  492 494 1605632
493  493 495 3612672
494  494 496 3612672
495  495 502 401408
496  496 499 4096
497  497 499 1605632
498  498 500 401408
499  499 501 401408
500  500 503 401408
501  501 504 401408
502  502 504 401408
503  503 512 401408
504  504 506 401408
505  505 507 200704
506  506 508 200704
507  507 617 64
508  508 510 401408
509  509 618 6144
510  510 513 6144
511  511 513 401408
512  512 514 2408448
513  513 515 2408448
514  514 519 2408448
515  515 517 2408448
516  516 518 2408448
517  517 520 2408448
518  518 552 2408448
519  519 553 2408448
520  520 522 2408448
521  521 523 2408448
522  522 524 2408448
523  523 554 2408448
524  524 526 2408448
525  525 527 2408448
526  526 528 2408448
527  527 555 2408448
528  528 530 2408448
529  529 531 2408448
530  530 532 2408448
531  531 556 2408448
532  532 534 2408448
533  533 535 2408448
534  534 536 2408448
535  535 557 2408448
536  536 538 2408448
537  537 539 2408448
538  538 540 2408448
539  539 558 2408448
540  540 542 2408448
541  541 543 2408448
542  542 544 2408448
543  543 559 2408448
544  544 546 2408448
545  545 547 2408448
546  546 548 2408448
547  547 560 2408448
548  548 550 2408448
549  549 551 2408448
550  550 552 2408448
551  551 561 2408448
552  552 562 9633792
553  553 562 9633792
554  554 562 9633792
555  555 562 9633792
556  556 562 9633792
557  557 562 9633792
558  558 562 9633792
559  559 562 9633792
560  560 562 9633792
561  561 567 9633792
562  562 564 9633792
563  563 565 4816896
564  564 566 4816896
565  565 619 384
566  566 568 9633792
567  567 620 56448
568  568 620 64
569  569 620 20480
570  570 620 1024
571  571 620 589824
572  572 620 1024
573  573 620 65536
574  574 620 256
575  575 620 131072
576  576 620 1024
577  577 620 589824
578  578 620 1024
579  579 620 65536
580  580 620 256
581  581 620 98304
582  582 620 768
583  583 620 331776
584  584 620 768
585  585 620 36864
586  586 620 192
587  587 620 73728
588  588 620 768
589  589 620 331776
590  590 620 768
591  591 620 36864
592  592 620 192
593  593 620 49152
594  594 620 512
595  595 620 147456
596  596 620 512
597  597 620 16384
598  598 620 128
599  599 620 32768
600  600 620 512
601  601 620 147456
602  602 620 512
603  603 620 16384
604  604 620 128
605  605 620 16384
606  606 620 256
607  607 620 36864
608  608 620 256
609  609 620 4096
610  610 620 64
611  611 620 8192
612  612 620 256
613  613 620 36864
614  614 620 256
615  615 620 4096
616  616 620 64
617  617 620 6144
618  618 620 384
619  619 620 56448
