maxsize 267739136
4:1 0
2 29704192
567:1 59207680
5 59207680
552 59207680
553 78475264
554 97742848
555 117010432
556 136278016
561 155545600
557 174813184
558 194080768
559 213348352
4 78475264
560 232615936
562 59207680
566 88711168
4:2 59207680
5:0 97742848
562:0 78475264
566:0 59207680
567:0 107978752
36 78475264
421 78475264
422 92925952
38:1 92925952
412:1 92925952
421:2 92925952
39 92925952
406 107376640
397 92925952
398 120221696
399 133066752
400 145911808
401 158756864
402 171601920
403 184446976
404 197292032
405 210137088
39:0 105771008
407:0 92925952
411:0 92925952
413:0 78475264
417:0 78475264
420:0 78475264
425:0 78475264
14 222982144
25 230207488
81 105771008
230 105771008
231 112996352
457 78475264
458 85700608
493 78475264
494 85700608
16:1 78475264
27:1 78475264
83:1 112996352
221:1 112996352
230:2 112996352
448:1 78475264
457:2 85700608
484:1 78475264
493:2 85700608
18 237432832
29 243855360
84 112996352
215 120221696
442 92925952
478 92925952
206 112996352
207 126644224
208 133066752
209 139489280
210 145911808
35 118616064
211 152334336
212 158756864
213 165179392
17 230207488
28 78475264
38 125038592
214 171601920
407 120221696
411 120221696
413 91320320
417 91320320
420 120221696
425 91320320
440 78475264
441 99348480
476 78475264
477 99348480
17:0 78475264
18:0 78475264
20:1 230207488
28:0 84897792
29:0 84897792
31:1 78475264
35:2 78475264
38:2 107376640
84:0 119418880
216:0 112996352
220:0 112996352
222:0 105771008
226:0 105771008
229:0 105771008
234:0 105771008
412:0 126644224
418:0 97742848
421:0 126644224
426:0 78475264
437:1 78475264
440:2 84897792
473:1 230207488
476:2 84897792
59 178024448
70 183443456
266 183443456
267 188862464
302 105771008
303 111190016
61:1 183443456
72:1 188862464
257:1 188862464
266:2 188862464
293:1 183443456
302:2 111190016
6 250277888
7 255094784
63 194281472
74 188862464
518 78475264
519 83292160
523 97742848
527 117010432
531 136278016
535 155545600
251 199098368
287 188862464
539 160362496
543 165179392
547 169996288
551 251883520
514 83292160
517 88109056
62 183443456
73 199098368
249 188862464
250 203915264
285 183443456
286 193679360
512 78475264
513 88109056
515 78475264
516 92925952
520 88109056
521 92925952
522 88109056
524 88109056
525 92925952
526 88109056
528 88109056
529 92925952
530 88109056
532 88109056
533 92925952
534 88109056
536 88109056
537 92925952
538 88109056
540 88109056
541 92925952
542 88109056
544 88109056
545 92925952
546 88109056
548 88109056
549 92925952
550 88109056
563 78475264
564 59207680
7:0 78475264
9:1 78475264
62:0 188260352
63:0 188260352
65:1 183443456
73:0 188862464
74:0 203915264
76:1 199098368
246:1 199098368
249:2 199098368
282:1 183443456
285:2 188260352
509:1 78475264
512:2 83292160
518:0 92925952
567:3 127246336
48 208732160
338 105771008
339 109383680
50:1 212344832
329:1 212344832
338:2 109383680
412:3 133066752
38:3 113799168
40 215957504
41 219168768
52 212344832
363 219168768
364 105771008
368 133066752
372 108982272
376 112193536
380 115404800
323 112996352
384 184446976
388 197292032
392 210137088
396 259911680
13 236630016
24 243855360
80 199098368
359 105771008
362 108982272
1 0
16 239841280
27 247066624
51 105771008
83 202309632
216 199098368
220 199098368
222 112193536
226 112193536
229 199098368
234 112193536
321 212344832
322 105771008
357 219168768
358 108982272
360 219168768
361 112193536
365 108982272
366 112193536
367 108982272
369 108982272
370 112193536
371 115404800
373 112193536
374 115404800
375 118616064
377 115404800
378 118616064
379 121827328
381 118616064
382 121827328
383 118616064
385 118616064
386 121827328
387 118616064
389 187658240
390 190869504
391 187658240
393 187658240
394 190869504
395 187658240
443 243855360
447 243855360
449 243855360
453 243855360
456 243855360
461 243855360
479 78475264
483 85700608
485 78475264
489 78475264
492 99348480
497 78475264
13:2 239841280
16:2 230207488
24:2 247066624
27:2 85700608
41:0 105771008
43:1 105771008
51:0 212344832
52:0 108982272
54:1 105771008
80:2 202309632
83:2 205520896
221:0 202309632
227:0 115404800
230:0 202309632
235:0 105771008
318:1 105771008
321:2 105771008
354:1 105771008
357:2 105771008
363:0 112193536
448:0 247066624
454:0 247066624
457:0 247066624
462:0 247066624
484:0 88911872
490:0 81686528
493:0 102559744
498:0 81686528
58 193077248
69 203915264
0 3211264
61 195485696
72 206323712
252 203915264
256 203915264
258 203915264
262 203915264
265 203915264
270 203915264
288 183443456
292 193679360
294 193679360
298 193679360
301 193679360
306 193679360
2:0 3211264
58:2 195485696
61:2 188862464
69:2 206323712
72:2 199098368
257:0 206323712
263:0 206323712
266:0 206323712
271:0 206323712
293:0 196087808
299:0 196087808
302:0 196087808
307:0 196087808
93 199098368
147 199098368
148 200904704
95:1 200904704
138:1 200904704
147:2 200904704
221:3 205520896
230:3 205520896
83:3 120221696
33 263122944
85 259911680
86 261517312
172 261517312
173 199098368
177 119418880
181 121024512
185 122630144
189 124235776
132 202711040
193 200704000
197 202309632
201 203915264
205 259911680
431 84897792
423 120221696
32 259911680
47 259911680
168 199098368
171 200704000
428 78475264
429 80080896
31 84897792
50 261517312
96 200904704
131 200904704
166 261517312
167 200704000
169 261517312
170 202309632
174 200704000
175 202309632
176 200704000
178 200704000
179 202309632
180 200704000
182 200704000
183 202309632
184 200704000
186 200704000
187 202309632
188 200704000
190 200704000
191 202309632
192 203915264
194 202309632
195 203915264
196 205520896
198 203915264
199 205520896
200 207126528
202 205520896
203 207126528
204 205520896
324 259911680
328 259911680
330 259911680
334 259911680
337 259911680
342 259911680
408 259911680
409 261517312
414 259911680
415 261517312
426 84897792
427 86503424
430 81686528
432 78475264
436 86503424
439 243855360
31:2 86503424
32:0 78475264
33:0 261517312
35:1 261517312
36:0 261517312
47:2 261517312
50:2 105771008
86:0 199098368
88:1 199098368
96:0 202510336
97:0 202510336
163:1 199098368
166:2 199098368
172:0 202309632
329:0 261517312
335:0 261517312
338:0 261517312
343:0 261517312
412:4 259911680
418:1 104165376
426:2 86503424
429:0 81686528
430:0 83292160
432:0 80080896
436:0 78475264
437:0 88109056
439:0 245460992
440:0 245460992
120 200904704
257:3 259911680
266:3 259911680
293:3 259911680
302:3 259911680
61:3 191270912
72:3 201506816
246:3 259911680
418:3 105771008
437:3 89714688
448:3 85700608
454:3 230207488
473:3 243855360
484:3 230207488
490:3 84897792
509:3 83292160
329:3 105771008
50:3 107376640
11 264728576
22 265531392
78 266334208
240 261115904
467 236630016
503 84496384
232 259911680
459 259911680
495 99348480
10 259911680
21 259911680
77 205520896
92 204115968
237 260714496
238 261918720
464 260714496
465 261517312
500 78475264
501 79278080
9 83292160
20 236630016
76 206323712
95 204918784
133 200904704
137 204316672
139 199098368
143 199098368
146 204316672
151 199098368
217 259911680
218 260714496
223 259911680
224 260714496
235 260714496
236 261517312
239 259911680
241 259911680
245 261918720
248 259911680
444 247066624
445 247869440
450 247066624
451 247869440
462 260714496
463 261517312
466 259911680
468 259911680
472 259911680
475 259911680
480 259911680
481 260714496
486 259911680
487 260714496
498 84897792
499 85700608
502 80080896
504 78475264
508 85299200
511 88109056
9:2 84094976
10:0 78475264
11:0 260714496
13:1 260714496
14:0 260714496
20:2 259911680
21:0 260714496
22:0 260714496
24:1 260714496
25:0 247066624
76:2 207126528
77:0 207126528
78:0 206323712
80:1 206323712
81:0 206323712
92:2 204918784
95:2 202711040
138:0 205119488
144:0 199901184
147:0 205119488
152:0 199901184
221:4 207327232
227:1 118616064
230:4 207327232
235:2 261517312
238:0 199098368
239:0 199098368
241:0 261918720
245:0 259911680
246:0 203915264
248:0 261918720
249:0 260714496
454:1 259911680
462:2 261517312
465:0 262320128
466:0 262320128
468:0 260714496
472:0 260714496
473:0 260714496
475:0 260714496
476:0 260714496
490:1 259911680
498:2 85700608
501:0 80080896
502:0 80883712
504:0 79278080
508:0 78475264
509:0 86102016
511:0 85299200
512:0 88911872
56 222380032
67 267137024
276 259911680
312 222380032
268 259911680
304 222380032
55 259911680
66 266334208
273 260513792
274 261115904
309 259911680
310 260513792
54 222380032
65 259911680
253 266334208
254 259911680
259 266334208
260 259911680
271 260513792
272 261115904
275 261718016
277 260513792
281 260513792
284 260513792
289 185851904
290 183443456
295 259911680
296 260513792
307 259911680
308 260513792
311 261115904
313 259911680
317 259911680
320 259911680
54:2 259911680
55:0 260513792
56:0 260513792
58:1 260513792
59:0 260513792
65:2 260513792
66:0 260513792
67:0 259911680
69:1 259911680
70:0 206323712
257:4 266334208
263:1 266334208
266:4 261266432
271:2 261115904
274:0 261718016
275:0 259911680
277:0 261115904
281:0 261115904
282:0 261115904
284:0 261115904
285:0 259911680
293:4 261266432
299:1 259911680
302:4 222380032
307:2 260513792
310:0 261115904
311:0 222380032
313:0 260513792
317:0 260513792
318:0 260513792
320:0 260513792
321:0 222380032
412:11 261517312
138 0
221 589824
571 1179648
577 1769472
145 193679360
228 193679360
82 193679360
94 193679360
83:0 259911680
95:0 203513856
138:2 193679360
147:1 205922304
221:2 193679360
230:1 208130048
138:3 205922304
147:3 206512128
221:59 208130048
83:59 260501504
95:3 205721600
45 1179648
97 215556096
348 222380032
340 222380032
44 222380032
345 259911680
346 260313088
43 259911680
130 215556096
325 222380032
326 259911680
331 222380032
332 259911680
343 1179648
344 260313088
347 260714496
349 259911680
353 259911680
356 259911680
433 80080896
434 78475264
43:2 222380032
44:0 260313088
45:0 259911680
47:1 1581056
48:0 261517312
99:1 193679360
127:1 193679360
130:2 193679360
329:4 222380032
335:1 222380032
343:2 1581056
346:0 260714496
347:0 222380032
349:0 260313088
353:0 260313088
354:0 260313088
356:0 260313088
357:0 222380032
257:59 215556096
293:59 215556096
257 2359296
293 2691072
583 3022848
589 2359296
264 215556096
300 215556096
60 215556096
71 215556096
61:0 192618752
72:0 266334208
257:2 1581056
266:1 1581056
293:2 1581056
302:1 1581056
227:3 215556096
263:3 215556096
282:3 215556096
299:3 215556096
318:3 215556096
335:3 1581056
354:3 1179648
90 589824
157 215556096
149 215556096
89 790528
154 215756800
155 589824
88 215556096
134 790528
135 215556096
140 790528
141 215556096
152 215756800
153 589824
156 790528
158 215756800
162 215756800
165 215756800
242 215556096
243 215756800
469 1179648
470 1380352
505 1179648
506 1380352
88:2 215756800
89:0 215756800
90:0 215556096
92:1 215556096
93:0 215556096
138:4 790528
144:1 790528
147:4 215556096
152:2 589824
155:0 790528
156:0 215556096
158:0 589824
162:0 589824
163:0 589824
165:0 589824
166:0 215556096
221:60 215556096
246:4 215556096
278 215556096
279 215706624
314 215556096
315 215706624
246:11 215756800
257:60 266936320
293:60 1912832
329:11 222781440
329 3354624
412 3502080
595 2691072
601 3354624
336 3022848
419 3022848
37 117407232
49 222380032
38:0 117554688
50:0 222527488
83:4 215556096
95:4 790528
329:2 3022848
338:1 3170304
412:2 3022848
421:1 3170304
163 2063360
575 3649536
164 790528
87 193679360
88:0 193810432
163:2 790528
166:1 589824
138:59 991232
95:59 937984
350 2194432
351 222781440
246 3780608
581 3878912
247 215556096
75 215556096
76:0 215654400
246:2 262721536
249:1 215654400
61:4 192950528
72:4 266665984
144:3 991232
163:3 921600
221:67 208581632
257:67 1912832
293:67 2194432
282 3977216
587 3780608
283 3878912
64 215556096
65:0 215629824
282:2 3878912
285:1 2194432
144 3649536
227 4050944
573 4116480
579 4182016
150 790528
233 3715072
79 215556096
91 991232
80:0 215621632
92:0 1056768
144:2 1066496
152:1 856064
227:2 215857152
235:1 3780608
567 4247552
3 97742848
4:0 97799296
567:2 3715072
619 3977216
83:68 215703552
95:68 1048576
159 589824
160 215756800
138:60 1104128
318 4304000
593 4033664
319 3715072
53 215556096
54:0 215605248
88:3 193941504
99:4 194080768
318:2 3715072
321:1 3878912
61:12 193033472
72:12 215887872
263 266936320
299 266334208
448 266371072
484 266407936
585 266444800
591 2838528
607 2875392
613 2912256
269 3715072
305 3715072
455 3715072
491 3715072
15 233418752
26 259911680
57 215556096
68 266936320
16:0 233455616
27:0 259948544
38:4 117702144
50:4 222674944
58:0 215592960
65:3 215703552
69:0 266973184
76:3 215752704
83:60 215758848
95:60 1103872
263:2 3715072
271:1 2194432
299:2 3715072
307:1 3878912
448:2 3715072
457:1 3878912
484:2 3715072
493:1 3878912
354 266481664
599 4082816
355 3715072
42 222781440
43:0 222814208
354:2 3715072
357:1 3747840
38:12 117739008
50:12 222711808
43:3 222846976
54:3 215654400
99:0 194129920
127:2 194080768
130:1 194080768
152:3 921600
235:3 3846144
61:11 215887872
72:11 215929344
127 3952640
569 266514432
128 194105344
98 194154496
127:3 194105344
138:67 1154304
271:3 3751936
307:3 3751936
335 266534912
418 266551296
437 266567680
597 3854336
603 266534912
605 266551296
341 3715072
424 266514432
438 266514432
30 259911680
34 84897792
46 222781440
31:0 259928064
35:0 84914176
47:0 222797824
335:2 3715072
343:1 3731456
418:2 266514432
426:1 3715072
437:2 266514432
440:1 3715072
4:3 97855744
16:3 233492480
27:3 259985408
38:11 117766656
50:11 222739456
83:67 215795712
95:67 1140736
20:3 260714496
31:3 259944448
147:11 194269184
230:11 194269184
338:3 3317760
343:3 3747840
421:3 266514432
426:3 3731456
100 790528
99:2 194174976
127:0 194124160
9:3 84897792
266:11 3715072
302:11 3715072
473 266584064
611 3870720
474 266514432
19 260726784
20:0 260734976
473:2 266514432
476:1 266522624
121 194133568
99 194184384
122 194141440
126 194141440
129 194141440
100:0 194192256
130:0 194125824
509 266592256
510 266514432
617 266567680
8 84907008
9:0 84913152
80:3 215687168
92:3 1122304
166:3 720896
249:3 3715072
457:3 266514432
462:3 266514432
493:3 266514432
498:3 266514432
509:2 266514432
512:1 266520576
58:3 215629824
69:3 267010048
285:3 3715072
321:3 3764224
454 266598400
490 266602496
609 266573824
615 266598400
460 3973120
496 3973120
12 261517312
23 261517312
13:0 261521408
24:0 261521408
454:2 3973120
462:1 266520576
490:2 3973120
498:1 266592256
35:3 84930560
47:3 222814208
357:3 3973120
440:3 3973120
123 194149312
124 194141440
13:3 261525504
24:3 261525504
476:3 3973120
512:3 3973120
136 3330048
142 3331072
219 3332096
225 3333120
570 266606592
572 266607616
576 266608640
578 266609664
130:3 194133696
255 3334144
261 266973184
291 266610688
297 266611456
582 4115584
584 266612224
588 4353152
590 266610688
327 266612992
333 266613504
410 266614016
416 266614528
594 266611456
596 266612992
600 266613504
602 266614016
565 266615040
618 266614528
161 3334912
244 3335168
446 266615424
452 266615680
482 266615936
488 266616192
574 266616448
580 266616704
606 266611968
608 266615424
612 266615680
614 266615936
280 266616960
316 266617152
586 4353920
592 266616960
101 799936
110 790528
107 790720
117 790720
109 790912
115 790720
116 790912
118 790528
119 790912
109:0 790528
120:0 790528
352 266617344
435 266617472
598 4116352
604 266614912
99:3 4354112
125 4353152
471 266617600
507 266617664
568 266617728
610 266617152
616 266616192
103 790528
104 790592
106 790528
102 790592
105 790656
108 791104
111 790720
112 790784
113 790720
114 790912
109:1 791168
38:5 117766656
38:6 117766656
38:7 117766656
38:8 117766656
38:9 117766656
38:10 117766656
50:5 222739456
50:6 222739456
50:7 222739456
50:8 222739456
50:9 222739456
50:10 222739456
61:5 215887872
61:6 215887872
61:7 215887872
61:8 215887872
61:9 215887872
61:10 215887872
72:5 215929344
72:6 215929344
72:7 215929344
72:8 215929344
72:9 215929344
72:10 215929344
83:7 215795712
83:8 215795712
83:9 215795712
83:10 215795712
83:11 215795712
83:12 215795712
83:5 260501504
83:6 215758848
83:13 215795712
83:16 215795712
83:17 215795712
83:18 215795712
83:19 215795712
83:20 215795712
83:21 215795712
83:14 260501504
83:15 215758848
83:22 215795712
83:25 215795712
83:26 215795712
83:27 215795712
83:28 215795712
83:29 215795712
83:30 215795712
83:23 260501504
83:24 215758848
83:31 215795712
83:34 215795712
83:35 215795712
83:36 215795712
83:37 215795712
83:38 215795712
83:39 215795712
83:32 260501504
83:33 215758848
83:40 215795712
83:43 215795712
83:44 215795712
83:45 215795712
83:46 215795712
83:47 215795712
83:48 215795712
83:41 260501504
83:42 215758848
83:49 215795712
83:52 215795712
83:53 215795712
83:54 215795712
83:55 215795712
83:56 215795712
83:57 215795712
83:50 260501504
83:51 215758848
83:58 215795712
83:61 215795712
83:62 215795712
83:63 215795712
83:64 215795712
83:65 215795712
83:66 215795712
95:7 1140736
95:8 1140736
95:9 1140736
95:10 1140736
95:11 1140736
95:12 1140736
95:5 937984
95:6 1103872
95:13 1140736
95:16 1140736
95:17 1140736
95:18 1140736
95:19 1140736
95:20 1140736
95:21 1140736
95:14 937984
95:15 1103872
95:22 1140736
95:25 1140736
95:26 1140736
95:27 1140736
95:28 1140736
95:29 1140736
95:30 1140736
95:23 937984
95:24 1103872
95:31 1140736
95:34 1140736
95:35 1140736
95:36 1140736
95:37 1140736
95:38 1140736
95:39 1140736
95:32 937984
95:33 1103872
95:40 1140736
95:43 1140736
95:44 1140736
95:45 1140736
95:46 1140736
95:47 1140736
95:48 1140736
95:41 937984
95:42 1103872
95:49 1140736
95:52 1140736
95:53 1140736
95:54 1140736
95:55 1140736
95:56 1140736
95:57 1140736
95:50 937984
95:51 1103872
95:58 1140736
95:61 1140736
95:62 1140736
95:63 1140736
95:64 1140736
95:65 1140736
95:66 1140736
138:7 1154304
138:8 1154304
138:9 1154304
138:10 1154304
138:11 1154304
138:12 1154304
138:5 991232
138:6 1104128
138:13 1154304
138:16 1154304
138:17 1154304
138:18 1154304
138:19 1154304
138:20 1154304
138:21 1154304
138:14 991232
138:15 1104128
138:22 1154304
138:25 1154304
138:26 1154304
138:27 1154304
138:28 1154304
138:29 1154304
138:30 1154304
138:23 991232
138:24 1104128
138:31 1154304
138:34 1154304
138:35 1154304
138:36 1154304
138:37 1154304
138:38 1154304
138:39 1154304
138:32 991232
138:33 1104128
138:40 1154304
138:43 1154304
138:44 1154304
138:45 1154304
138:46 1154304
138:47 1154304
138:48 1154304
138:41 991232
138:42 1104128
138:49 1154304
138:52 1154304
138:53 1154304
138:54 1154304
138:55 1154304
138:56 1154304
138:57 1154304
138:50 991232
138:51 1104128
138:58 1154304
138:61 1154304
138:62 1154304
138:63 1154304
138:64 1154304
138:65 1154304
138:66 1154304
147:5 194269184
147:6 194269184
147:7 194269184
147:8 194269184
147:9 194269184
147:10 194269184
221:7 208581632
221:8 208581632
221:9 208581632
221:10 208581632
221:11 208581632
221:12 208581632
221:5 208130048
221:6 215556096
221:13 208581632
221:16 208581632
221:17 208581632
221:18 208581632
221:19 208581632
221:20 208581632
221:21 208581632
221:14 208130048
221:15 215556096
221:22 208581632
221:25 208581632
221:26 208581632
221:27 208581632
221:28 208581632
221:29 208581632
221:30 208581632
221:23 208130048
221:24 215556096
221:31 208581632
221:34 208581632
221:35 208581632
221:36 208581632
221:37 208581632
221:38 208581632
221:39 208581632
221:32 208130048
221:33 215556096
221:40 208581632
221:43 208581632
221:44 208581632
221:45 208581632
221:46 208581632
221:47 208581632
221:48 208581632
221:41 208130048
221:42 215556096
221:49 208581632
221:52 208581632
221:53 208581632
221:54 208581632
221:55 208581632
221:56 208581632
221:57 208581632
221:50 208130048
221:51 215556096
221:58 208581632
221:61 208581632
221:62 208581632
221:63 208581632
221:64 208581632
221:65 208581632
221:66 208581632
230:5 194269184
230:6 194269184
230:7 194269184
230:8 194269184
230:9 194269184
230:10 194269184
246:5 215756800
246:6 215756800
246:7 215756800
246:8 215756800
246:9 215756800
246:10 215756800
257:7 1912832
257:8 1912832
257:9 1912832
257:10 1912832
257:11 1912832
257:12 1912832
257:5 215556096
257:6 266936320
257:13 1912832
257:16 1912832
257:17 1912832
257:18 1912832
257:19 1912832
257:20 1912832
257:21 1912832
257:14 215556096
257:15 266936320
257:22 1912832
257:25 1912832
257:26 1912832
257:27 1912832
257:28 1912832
257:29 1912832
257:30 1912832
257:23 215556096
257:24 266936320
257:31 1912832
257:34 1912832
257:35 1912832
257:36 1912832
257:37 1912832
257:38 1912832
257:39 1912832
257:32 215556096
257:33 266936320
257:40 1912832
257:43 1912832
257:44 1912832
257:45 1912832
257:46 1912832
257:47 1912832
257:48 1912832
257:41 215556096
257:42 266936320
257:49 1912832
257:52 1912832
257:53 1912832
257:54 1912832
257:55 1912832
257:56 1912832
257:57 1912832
257:50 215556096
257:51 266936320
257:58 1912832
257:61 1912832
257:62 1912832
257:63 1912832
257:64 1912832
257:65 1912832
257:66 1912832
266:5 3715072
266:6 3715072
266:7 3715072
266:8 3715072
266:9 3715072
266:10 3715072
293:7 2194432
293:8 2194432
293:9 2194432
293:10 2194432
293:11 2194432
293:12 2194432
293:5 215556096
293:6 1912832
293:13 2194432
293:16 2194432
293:17 2194432
293:18 2194432
293:19 2194432
293:20 2194432
293:21 2194432
293:14 215556096
293:15 1912832
293:22 2194432
293:25 2194432
293:26 2194432
293:27 2194432
293:28 2194432
293:29 2194432
293:30 2194432
293:23 215556096
293:24 1912832
293:31 2194432
293:34 2194432
293:35 2194432
293:36 2194432
293:37 2194432
293:38 2194432
293:39 2194432
293:32 215556096
293:33 1912832
293:40 2194432
293:43 2194432
293:44 2194432
293:45 2194432
293:46 2194432
293:47 2194432
293:48 2194432
293:41 215556096
293:42 1912832
293:49 2194432
293:52 2194432
293:53 2194432
293:54 2194432
293:55 2194432
293:56 2194432
293:57 2194432
293:50 215556096
293:51 1912832
293:58 2194432
293:61 2194432
293:62 2194432
293:63 2194432
293:64 2194432
293:65 2194432
293:66 2194432
302:5 3715072
302:6 3715072
302:7 3715072
302:8 3715072
302:9 3715072
302:10 3715072
329:5 222781440
329:6 222781440
329:7 222781440
329:8 222781440
329:9 222781440
329:10 222781440
412:5 261517312
412:6 261517312
412:7 261517312
412:8 261517312
412:9 261517312
412:10 261517312
